0 0.4026442307692308 0.18028846153846154 0.037259615384615384 0.07451923076923077
0 0.8762019230769231 0.9194711538461539 0.0889423076923077 0.1502403846153846
0 0.41586538461538464 0.5949519230769231 0.0625 0.11899038461538461
0 0.5096153846153846 0.21754807692307693 0.046875 0.10336538461538461
0 0.8810096153846154 0.07572115384615384 0.0625 0.09134615384615384
0 0.25721153846153844 0.23197115384615385 0.05048076923076923 0.08413461538461539
0 0.25721153846153844 0.140625 0.042067307692307696 0.07451923076923077
0 0.1778846153846154 0.4254807692307692 0.06009615384615385 0.09615384615384616
3 0.8028846153846154 0.8569711538461539 0.06971153846153846 0.10817307692307693
3 0.796875 0.7151442307692307 0.06490384615384616 0.08653846153846154
3 0.18028846153846154 0.7908653846153846 0.06009615384615385 0.06610576923076923