1 0.38221153846153844 0.3942307692307692 0.08413461538461539 0.06610576923076923
2 0.0889423076923077 0.7596153846153846 0.06129807692307692 0.07692307692307693
1 0.11298076923076923 0.078125 0.037259615384615384 0.11658653846153846
3 0.30408653846153844 0.6766826923076923 0.06610576923076923 0.0985576923076923
0 0.4795673076923077 0.16947115384615385 0.037259615384615384 0.08173076923076923
0 0.5240384615384616 0.20072115384615385 0.046875 0.08653846153846154
3 0.6165865384615384 0.24879807692307693 0.04447115384615385 0.05889423076923077
0 0.8569711538461539 0.2403846153846154 0.055288461538461536 0.10096153846153846
0 0.9699519230769231 0.2980769230769231 0.05889423076923077 0.07692307692307693
1 0.9831730769230769 0.3762019230769231 0.03245192307692308 0.09615384615384616
0 0.7043269230769231 0.4411057692307692 0.07451923076923077 0.13581730769230768
1 0.5216346153846154 0.9242788461538461 0.10576923076923077 0.14543269230769232
3 0.6682692307692307 0.7944711538461539 0.05889423076923077 0.08413461538461539
1 0.5961538461538461 0.6454326923076923 0.09254807692307693 0.14543269230769232
3 0.7584134615384616 0.9495192307692307 0.0829326923076923 0.09615384615384616
0 0.6754807692307693 0.12740384615384615 0.036057692307692304 0.07692307692307693
1 0.9663461538461539 0.12259615384615384 0.042067307692307696 0.12139423076923077
2 0.5420673076923077 0.40384615384615385 0.056490384615384616 0.056490384615384616