0 0.6778846153846154 0.6538461538461539 0.04807692307692308 0.09375
3 0.6778846153846154 0.8149038461538461 0.06129807692307692 0.09375
3 0.7355769230769231 0.8016826923076923 0.054086538461538464 0.08653846153846154
3 0.6802884615384616 0.7295673076923077 0.05048076923076923 0.08173076923076923
3 0.7211538461538461 0.6875 0.055288461538461536 0.08173076923076923
0 0.6586538461538461 0.9711538461538461 0.07091346153846154 0.051682692307692304
1 0.5108173076923077 0.7475961538461539 0.078125 0.07932692307692307
1 0.49399038461538464 0.59375 0.07091346153846154 0.08173076923076923
0 0.6057692307692307 0.5961538461538461 0.06129807692307692 0.10576923076923077
0 0.7524038461538461 0.5012019230769231 0.03485576923076923 0.07932692307692307
0 0.38100961538461536 0.3737980769230769 0.042067307692307696 0.07211538461538461
0 0.34975961538461536 0.29086538461538464 0.04807692307692308 0.06971153846153846
0 0.3269230769230769 0.4110576923076923 0.04807692307692308 0.08173076923076923
0 0.3137019230769231 0.12379807692307693 0.040865384615384616 0.05889423076923077
0 0.08413461538461539 0.08173076923076923 0.04447115384615385 0.10817307692307693