1 0.8870192307692307 0.4182692307692308 0.056490384615384616 0.18509615384615385
1 0.9627403846153846 0.5889423076923077 0.07091346153846154 0.08173076923076923
3 0.8762019230769231 0.7860576923076923 0.04567307692307692 0.08173076923076923
3 0.6081730769230769 0.27163461538461536 0.08774038461538461 0.12379807692307693
3 0.15865384615384615 0.3918269230769231 0.07451923076923077 0.10576923076923077
0 0.7512019230769231 0.8185096153846154 0.1045673076923077 0.19471153846153846
0 0.7536057692307693 0.19110576923076922 0.03365384615384615 0.07692307692307693
0 0.6802884615384616 0.038461538461538464 0.036057692307692304 0.06610576923076923
0 0.9266826923076923 0.29927884615384615 0.052884615384615384 0.07451923076923077
0 0.6706730769230769 0.18389423076923078 0.07211538461538461 0.13581730769230768
0 0.3329326923076923 0.3076923076923077 0.07211538461538461 0.1502403846153846
0 0.3894230769230769 0.057692307692307696 0.0625 0.09615384615384616