1 0.9483173076923077 0.7776442307692307 0.09975961538461539 0.12860576923076922
1 0.46634615384615385 0.47115384615384615 0.09254807692307693 0.12860576923076922
1 0.3762019230769231 0.4254807692307692 0.040865384615384616 0.12139423076923077
1 0.6670673076923077 0.5204326923076923 0.10336538461538461 0.24639423076923078
1 0.5216346153846154 0.8100961538461539 0.171875 0.10336538461538461
3 0.453125 0.9423076923076923 0.09975961538461539 0.11057692307692307
0 0.2512019230769231 0.2668269230769231 0.051682692307692304 0.09375
0 0.2824519230769231 0.7199519230769231 0.07451923076923077 0.140625
0 0.24158653846153846 0.5084134615384616 0.09134615384615384 0.11298076923076923
0 0.40865384615384615 0.2704326923076923 0.07091346153846154 0.09615384615384616
0 0.43149038461538464 0.15985576923076922 0.04567307692307692 0.08653846153846154
0 0.546875 0.5036057692307693 0.052884615384615384 0.13341346153846154
0 0.5060096153846154 0.33653846153846156 0.046875 0.09615384615384616
0 0.5697115384615384 0.31009615384615385 0.07211538461538461 0.140625
0 0.5288461538461539 0.12259615384615384 0.06971153846153846 0.11658653846153846
0 0.4375 0.039663461538461536 0.036057692307692304 0.05889423076923077
0 0.3737980769230769 0.0889423076923077 0.051682692307692304 0.0889423076923077