3 0.8413461538461539 0.42427884615384615 0.06850961538461539 0.11899038461538461
3 0.7884615384615384 0.43990384615384615 0.06490384615384616 0.10336538461538461
3 0.5985576923076923 0.6213942307692307 0.055288461538461536 0.07211538461538461
3 0.3449519230769231 0.84375 0.046875 0.07692307692307693
3 0.17307692307692307 0.9711538461538461 0.06971153846153846 0.051682692307692304
0 0.578125 0.53125 0.054086538461538464 0.08413461538461539
0 0.4206730769230769 0.5192307692307693 0.052884615384615384 0.08653846153846154
0 0.5444711538461539 0.9411057692307693 0.08052884615384616 0.11298076923076923
0 0.38341346153846156 0.8341346153846154 0.038461538461538464 0.10336538461538461
0 0.3858173076923077 0.7403846153846154 0.042067307692307696 0.08413461538461539
0 0.2548076923076923 0.546875 0.04326923076923077 0.06129807692307692
0 0.09134615384615384 0.5252403846153846 0.06009615384615385 0.07211538461538461
0 0.15384615384615385 0.7079326923076923 0.07211538461538461 0.09134615384615384
0 0.8737980769230769 0.12860576923076922 0.09975961538461539 0.16826923076923078
0 0.7019230769230769 0.5384615384615384 0.06850961538461539 0.12379807692307693