0 0.4651442307692308 0.41586538461538464 0.036057692307692304 0.07692307692307693
0 0.2800480769230769 0.5985576923076923 0.042067307692307696 0.051682692307692304
0 0.19591346153846154 0.6875 0.038461538461538464 0.06610576923076923
0 0.0829326923076923 0.7283653846153846 0.055288461538461536 0.07451923076923077
0 0.046875 0.8545673076923077 0.0625 0.09375
0 0.40865384615384615 0.5300480769230769 0.05048076923076923 0.06129807692307692
0 0.44471153846153844 0.5132211538461539 0.04326923076923077 0.04447115384615385
0 0.46153846153846156 0.5396634615384616 0.042067307692307696 0.046875
0 0.6081730769230769 0.24759615384615385 0.028846153846153848 0.051682692307692304
0 0.5564903846153846 0.421875 0.028846153846153848 0.06370192307692307
0 0.6622596153846154 0.4963942307692308 0.04567307692307692 0.054086538461538464
0 0.7259615384615384 0.5625 0.05889423076923077 0.08413461538461539
0 0.9759615384615384 0.38341346153846156 0.04447115384615385 0.10576923076923077
0 0.7788461538461539 0.640625 0.056490384615384616 0.10096153846153846
0 0.46634615384615385 0.7007211538461539 0.06370192307692307 0.10817307692307693
3 0.5036057692307693 0.640625 0.06129807692307692 0.07211538461538461
0 0.8677884615384616 0.8930288461538461 0.10817307692307693 0.15504807692307693
3 0.9375 0.7487980769230769 0.07211538461538461 0.10096153846153846
3 0.8509615384615384 0.7560096153846154 0.07692307692307693 0.0889423076923077