0 0.8088942307692307 0.4074519230769231 0.05889423076923077 0.08413461538461539
0 0.5841346153846154 0.19951923076923078 0.037259615384615384 0.05889423076923077
0 0.6682692307692307 0.2536057692307692 0.036057692307692304 0.06129807692307692
0 0.8942307692307693 0.8028846153846154 0.0733173076923077 0.10817307692307693
0 0.9435096153846154 0.9134615384615384 0.11057692307692307 0.15745192307692307
0 0.984375 0.6454326923076923 0.028846153846153848 0.07692307692307693
0 0.7283653846153846 0.5108173076923077 0.04447115384615385 0.054086538461538464
0 0.6370192307692307 0.6237980769230769 0.05048076923076923 0.08173076923076923
0 0.6490384615384616 0.7512019230769231 0.051682692307692304 0.0889423076923077
0 0.5709134615384616 0.7776442307692307 0.03365384615384615 0.06370192307692307
0 0.46875 0.6105769230769231 0.04326923076923077 0.07692307692307693
0 0.5637019230769231 0.546875 0.04326923076923077 0.08653846153846154
0 0.4098557692307692 0.5120192307692307 0.038461538461538464 0.056490384615384616
0 0.36658653846153844 0.546875 0.042067307692307696 0.06129807692307692
0 0.39903846153846156 0.6790865384615384 0.05048076923076923 0.07932692307692307
3 0.7788461538461539 0.6790865384615384 0.052884615384615384 0.07451923076923077
3 0.5853365384615384 0.8798076923076923 0.051682692307692304 0.07692307692307693
3 0.45913461538461536 0.9519230769230769 0.06850961538461539 0.09134615384615384