0 0.07211538461538461 0.06490384615384616 0.12860576923076922 0.12139423076923077
0 0.125 0.9002403846153846 0.08653846153846154 0.15504807692307693
0 0.19471153846153846 0.9447115384615384 0.078125 0.09134615384615384
0 0.3016826923076923 0.9483173076923077 0.08173076923076923 0.0985576923076923
0 0.39663461538461536 0.9134615384615384 0.0829326923076923 0.16826923076923078
0 0.5012019230769231 0.7776442307692307 0.0889423076923077 0.16826923076923078
0 0.3894230769230769 0.6911057692307693 0.0829326923076923 0.14302884615384615
0 0.7151442307692307 0.5600961538461539 0.09134615384615384 0.13341346153846154
0 0.4026442307692308 0.1875 0.1346153846153846 0.1778846153846154
0 0.203125 0.20793269230769232 0.11538461538461539 0.15264423076923078
0 0.1141826923076923 0.4110576923076923 0.07692307692307693 0.11658653846153846
0 0.125 0.2848557692307692 0.078125 0.10096153846153846
0 0.06971153846153846 0.2127403846153846 0.07211538461538461 0.12379807692307693
0 0.18870192307692307 0.3713942307692308 0.0733173076923077 0.10576923076923077
0 0.25961538461538464 0.33413461538461536 0.08653846153846154 0.10096153846153846
0 0.34134615384615385 0.3329326923076923 0.0985576923076923 0.12860576923076922
0 0.27884615384615385 0.48677884615384615 0.0625 0.11298076923076923
0 0.46153846153846156 0.3581730769230769 0.09975961538461539 0.12379807692307693
0 0.6033653846153846 0.28125 0.14543269230769232 0.19230769230769232
3 0.14423076923076922 0.625 0.07451923076923077 0.12860576923076922
3 0.04326923076923077 0.8365384615384616 0.06850961538461539 0.1971153846153846
3 0.6322115384615384 0.6490384615384616 0.08413461538461539 0.15745192307692307
3 0.6802884615384616 0.8834134615384616 0.125 0.22235576923076922
3 0.5408653846153846 0.9122596153846154 0.08413461538461539 0.16105769230769232
3 0.29086538461538464 0.6165865384615384 0.055288461538461536 0.10096153846153846
1 0.49158653846153844 0.4831730769230769 0.11658653846153846 0.10576923076923077
1 0.5673076923076923 0.4879807692307692 0.07692307692307693 0.21514423076923078
1 0.21754807692307693 0.8461538461538461 0.052884615384615384 0.14543269230769232