2 0.7463942307692307 0.3918269230769231 0.06610576923076923 0.10096153846153846
0 0.5276442307692307 0.1658653846153846 0.09615384615384616 0.14783653846153846
0 0.4831730769230769 0.2644230769230769 0.0889423076923077 0.12860576923076922
0 0.4579326923076923 0.16346153846153846 0.07932692307692307 0.12379807692307693
0 0.4014423076923077 0.2536057692307692 0.08052884615384616 0.17548076923076922
0 0.3112980769230769 0.26322115384615385 0.07692307692307693 0.1310096153846154
0 0.5877403846153846 0.2824519230769231 0.0889423076923077 0.17067307692307693
0 0.6971153846153846 0.2644230769230769 0.11658653846153846 0.15264423076923078
0 0.7079326923076923 0.5889423076923077 0.0985576923076923 0.18990384615384615
0 0.5829326923076923 0.6382211538461539 0.0985576923076923 0.17548076923076922
0 0.5060096153846154 0.7487980769230769 0.08052884615384616 0.18509615384615385
0 0.44471153846153844 0.6418269230769231 0.06610576923076923 0.17307692307692307
0 0.5697115384615384 0.9302884615384616 0.10576923076923077 0.13341346153846154
0 0.42788461538461536 0.9110576923076923 0.11538461538461539 0.17307692307692307
0 0.08413461538461539 0.8064903846153846 0.08413461538461539 0.1310096153846154
3 0.12620192307692307 0.5637019230769231 0.06129807692307692 0.10576923076923077
3 0.5913461538461539 0.46634615384615385 0.11298076923076923 0.18269230769230768
3 0.41586538461538464 0.42908653846153844 0.11658653846153846 0.2127403846153846
3 0.36538461538461536 0.36658653846153844 0.055288461538461536 0.12620192307692307
3 0.35096153846153844 0.515625 0.06490384615384616 0.13822115384615385
3 0.8100961538461539 0.5901442307692307 0.09014423076923077 0.15264423076923078
2 0.6694711538461539 0.7223557692307693 0.09975961538461539 0.17067307692307693
1 0.7704326923076923 0.3161057692307692 0.09495192307692307 0.25721153846153844
1 0.6081730769230769 0.7848557692307693 0.10096153846153846 0.15745192307692307