3 0.5252403846153846 0.5949519230769231 0.09014423076923077 0.14302884615384615
3 0.3629807692307692 0.796875 0.0625 0.11658653846153846
3 0.18870192307692307 0.9110576923076923 0.06850961538461539 0.0985576923076923
3 0.11658653846153846 0.6598557692307693 0.125 0.1971153846153846
0 0.08413461538461539 0.36177884615384615 0.07091346153846154 0.09134615384615384
0 0.9663461538461539 0.6658653846153846 0.06490384615384616 0.11658653846153846
0 0.6610576923076923 0.390625 0.046875 0.07932692307692307
0 0.4326923076923077 0.5637019230769231 0.07091346153846154 0.09615384615384616
0 0.17307692307692307 0.38341346153846156 0.078125 0.1310096153846154
0 0.4519230769230769 0.11538461538461539 0.06490384615384616 0.12620192307692307
0 0.5372596153846154 0.41466346153846156 0.06610576923076923 0.10817307692307693