0 0.8425480769230769 0.953125 0.07932692307692307 0.09254807692307693
3 0.8581730769230769 0.8052884615384616 0.0733173076923077 0.0889423076923077
0 0.40024038461538464 0.7644230769230769 0.03365384615384615 0.0625
0 0.7247596153846154 0.6237980769230769 0.04807692307692308 0.09615384615384616
0 0.5685096153846154 0.6802884615384616 0.036057692307692304 0.06370192307692307
0 0.7307692307692307 0.30649038461538464 0.03245192307692308 0.055288461538461536
0 0.7115384615384616 0.5240384615384616 0.03125 0.07091346153846154
0 0.6274038461538461 0.4338942307692308 0.03485576923076923 0.052884615384615384
0 0.6911057692307693 0.3401442307692308 0.027644230769230768 0.06370192307692307
0 0.5805288461538461 0.12980769230769232 0.021634615384615384 0.04807692307692308
0 0.5588942307692307 0.17427884615384615 0.025240384615384616 0.03365384615384615
0 0.4723557692307692 0.23197115384615385 0.020432692307692308 0.03365384615384615
0 0.49759615384615385 0.2403846153846154 0.019230769230769232 0.03245192307692308
0 0.45072115384615385 0.2620192307692308 0.025240384615384616 0.038461538461538464
0 0.3894230769230769 0.3858173076923077 0.026442307692307692 0.040865384615384616
0 0.39302884615384615 0.4326923076923077 0.02403846153846154 0.04807692307692308