0 0.7079326923076923 0.3137019230769231 0.06490384615384616 0.10817307692307693
3 0.3449519230769231 0.2800480769230769 0.0985576923076923 0.1310096153846154
0 0.4519230769230769 0.42427884615384615 0.0625 0.10817307692307693
3 0.6322115384615384 0.6538461538461539 0.09495192307692307 0.12860576923076922
3 0.8978365384615384 0.8269230769230769 0.12620192307692307 0.12860576923076922
3 0.8786057692307693 0.6430288461538461 0.07091346153846154 0.10096153846153846
1 0.6838942307692307 0.5697115384615384 0.0985576923076923 0.07211538461538461
1 0.7824519230769231 0.37259615384615385 0.09495192307692307 0.0985576923076923
1 0.625 0.7992788461538461 0.12259615384615384 0.1502403846153846
1 0.5973557692307693 0.8425480769230769 0.14903846153846154 0.14783653846153846
1 0.5817307692307693 0.9387019230769231 0.09134615384615384 0.10817307692307693