1 0.15865384615384615 0.3016826923076923 0.07692307692307693 0.14302884615384615
1 0.1778846153846154 0.6766826923076923 0.10096153846153846 0.2764423076923077
1 0.1201923076923077 0.6875 0.08774038461538461 0.2247596153846154
1 0.19831730769230768 0.8894230769230769 0.16346153846153846 0.21754807692307693
0 0.2956730769230769 0.9194711538461539 0.09254807692307693 0.15504807692307693
2 0.6634615384615384 0.9447115384615384 0.16706730769230768 0.10576923076923077
2 0.5528846153846154 0.8713942307692307 0.10576923076923077 0.25240384615384615
2 0.47115384615384615 0.9675480769230769 0.140625 0.05889423076923077
2 0.46875 0.8269230769230769 0.0985576923076923 0.25240384615384615
0 0.42427884615384615 0.7127403846153846 0.12139423076923077 0.23918269230769232
1 0.35096153846153844 0.6286057692307693 0.18028846153846154 0.19471153846153846
0 0.3545673076923077 0.5108173076923077 0.10576923076923077 0.19230769230769232
1 0.234375 0.4026442307692308 0.14423076923076922 0.2127403846153846
1 0.26802884615384615 0.46875 0.11899038461538461 0.12379807692307693
1 0.36778846153846156 0.29086538461538464 0.12620192307692307 0.16346153846153846
2 0.5673076923076923 0.5492788461538461 0.07091346153846154 0.234375
0 0.5084134615384616 0.5576923076923077 0.10817307692307693 0.23677884615384615
0 0.484375 0.4375 0.10096153846153846 0.15264423076923078
0 0.42908653846153844 0.35697115384615385 0.078125 0.19471153846153846
2 0.6442307692307693 0.25961538461538464 0.11538461538461539 0.20793269230769232
2 0.5612980769230769 0.2848557692307692 0.07211538461538461 0.10096153846153846
0 0.4855769230769231 0.30528846153846156 0.09735576923076923 0.140625
0 0.5661057692307693 0.1778846153846154 0.09495192307692307 0.13822115384615385
0 0.46274038461538464 0.18870192307692307 0.09615384615384616 0.15504807692307693
1 0.38341346153846156 0.18629807692307693 0.14182692307692307 0.18028846153846154
1 0.30528846153846156 0.1346153846153846 0.06129807692307692 0.10096153846153846