2 0.1141826923076923 0.609375 0.056490384615384616 0.10817307692307693
3 0.6454326923076923 0.6574519230769231 0.08413461538461539 0.12620192307692307
3 0.7548076923076923 0.5793269230769231 0.12139423076923077 0.21514423076923078
3 0.6610576923076923 0.4362980769230769 0.10336538461538461 0.16105769230769232
0 0.9387019230769231 0.05048076923076923 0.11658653846153846 0.09134615384615384
0 0.6478365384615384 0.0733173076923077 0.08413461538461539 0.09615384615384616
0 0.5829326923076923 0.14543269230769232 0.052884615384615384 0.06370192307692307
0 0.7848557692307693 0.9182692307692307 0.12620192307692307 0.15745192307692307
0 0.640625 0.8822115384615384 0.09014423076923077 0.18028846153846154
0 0.5637019230769231 0.7740384615384616 0.08774038461538461 0.1502403846153846
0 0.9086538461538461 0.4266826923076923 0.13581730769230768 0.25721153846153844
0 0.5528846153846154 0.27403846153846156 0.07211538461538461 0.1778846153846154
0 0.20793269230769232 0.8569711538461539 0.078125 0.12860576923076922
0 0.22115384615384615 0.6959134615384616 0.07932692307692307 0.12379807692307693
0 0.5492788461538461 0.5420673076923077 0.07692307692307693 0.1310096153846154
0 0.4110576923076923 0.5564903846153846 0.07211538461538461 0.12620192307692307
0 0.4266826923076923 0.3389423076923077 0.06971153846153846 0.12620192307692307
0 0.25961538461538464 0.3329326923076923 0.05889423076923077 0.10336538461538461
0 0.3954326923076923 0.0625 0.06490384615384616 0.09134615384615384