0 0.6310096153846154 0.4567307692307692 0.09014423076923077 0.11899038461538461
0 0.5612980769230769 0.6177884615384616 0.07211538461538461 0.11298076923076923
0 0.46153846153846156 0.96875 0.10096153846153846 0.056490384615384616
0 0.30649038461538464 0.9387019230769231 0.16346153846153846 0.11899038461538461
0 0.2608173076923077 0.671875 0.109375 0.12860576923076922
0 0.3233173076923077 0.5024038461538461 0.1141826923076923 0.1310096153846154
0 0.3737980769230769 0.42788461538461536 0.055288461538461536 0.07692307692307693
0 0.0625 0.3125 0.06129807692307692 0.11057692307692307
0 0.15144230769230768 0.1502403846153846 0.052884615384615384 0.06370192307692307
0 0.20673076923076922 0.44591346153846156 0.06490384615384616 0.06610576923076923
3 0.7283653846153846 0.8341346153846154 0.10697115384615384 0.14302884615384615
3 0.9074519230769231 0.6394230769230769 0.11298076923076923 0.14302884615384615
3 0.7560096153846154 0.6045673076923077 0.078125 0.0985576923076923
3 0.6225961538461539 0.6286057692307693 0.0625 0.09134615384615384
1 0.875 0.7259615384615384 0.11057692307692307 0.16826923076923078
1 0.6971153846153846 0.7704326923076923 0.08413461538461539 0.0889423076923077
1 0.7295673076923077 0.5913461538461539 0.06971153846153846 0.12620192307692307
1 0.6418269230769231 0.6862980769230769 0.06850961538461539 0.14783653846153846
1 0.6995192307692307 0.48197115384615385 0.042067307692307696 0.08413461538461539
1 0.7379807692307693 0.40024038461538464 0.03365384615384615 0.06370192307692307
1 0.25721153846153844 0.39783653846153844 0.07091346153846154 0.054086538461538464
1 0.1346153846153846 0.6514423076923077 0.11658653846153846 0.09375
1 0.15144230769230768 0.4891826923076923 0.07211538461538461 0.05889423076923077