0 0.796875 0.16826923076923078 0.15865384615384615 0.24158653846153846
0 0.8461538461538461 0.5540865384615384 0.13341346153846154 0.21514423076923078
0 0.5889423076923077 0.3629807692307692 0.09735576923076923 0.1778846153846154
0 0.5516826923076923 0.20673076923076922 0.06610576923076923 0.140625
3 0.5480769230769231 0.29927884615384615 0.06009615384615385 0.09375
3 0.9362980769230769 0.10697115384615384 0.0829326923076923 0.12139423076923077
3 0.23317307692307693 0.10817307692307693 0.08052884615384616 0.11298076923076923
3 0.2764423076923077 0.9194711538461539 0.06129807692307692 0.10096153846153846
3 0.39663461538461536 0.2668269230769231 0.06370192307692307 0.07451923076923077
3 0.5132211538461539 0.5961538461538461 0.06850961538461539 0.14543269230769232
3 0.22956730769230768 0.6610576923076923 0.07692307692307693 0.15504807692307693