0 0.3954326923076923 0.07572115384615384 0.06009615384615385 0.09134615384615384
3 0.8521634615384616 0.8882211538461539 0.10096153846153846 0.1658653846153846
1 0.5805288461538461 0.3473557692307692 0.08653846153846154 0.12139423076923077
0 0.625 0.44471153846153844 0.05889423076923077 0.0889423076923077
0 0.7463942307692307 0.8088942307692307 0.0829326923076923 0.1310096153846154
0 0.6310096153846154 0.7295673076923077 0.07692307692307693 0.1310096153846154
0 0.5 0.6814903846153846 0.10576923076923077 0.15264423076923078
0 0.5528846153846154 0.5372596153846154 0.08653846153846154 0.13581730769230768
0 0.44350961538461536 0.5408653846153846 0.08653846153846154 0.13822115384615385
0 0.4326923076923077 0.421875 0.07692307692307693 0.11899038461538461
0 0.5168269230769231 0.23557692307692307 0.06971153846153846 0.1310096153846154
0 0.078125 0.203125 0.09134615384615384 0.14543269230769232
0 0.3449519230769231 0.3762019230769231 0.08774038461538461 0.1502403846153846
0 0.33653846153846156 0.6370192307692307 0.12379807692307693 0.18269230769230768