1 0.6694711538461539 0.0889423076923077 0.125 0.11298076923076923
1 0.33653846153846156 0.7007211538461539 0.3605769230769231 0.5925480769230769
2 0.6622596153846154 0.1814903846153846 0.140625 0.11658653846153846
0 0.5456730769230769 0.23076923076923078 0.1658653846153846 0.2439903846153846
0 0.6213942307692307 0.3629807692307692 0.13701923076923078 0.19230769230769232
0 0.7235576923076923 0.2932692307692308 0.12259615384615384 0.20192307692307693
0 0.44471153846153844 0.5625 0.19110576923076922 0.32572115384615385
0 0.7091346153846154 0.7992788461538461 0.2644230769230769 0.39783653846153844
1 0.5637019230769231 0.6478365384615384 0.13221153846153846 0.38221153846153844
1 0.7283653846153846 0.5829326923076923 0.22956730769230768 0.3112980769230769
1 0.7872596153846154 0.36658653846153844 0.18870192307692307 0.27403846153846156
0 0.8473557692307693 0.5733173076923077 0.15144230769230768 0.25240384615384615
0 0.8954326923076923 0.30528846153846156 0.07932692307692307 0.1502403846153846
1 0.9302884615384616 0.4723557692307692 0.13701923076923078 0.2247596153846154
0 0.9747596153846154 0.6334134615384616 0.046875 0.18028846153846154
0 0.9651442307692307 0.8305288461538461 0.06850961538461539 0.2439903846153846