1 0.8112980769230769 0.13942307692307693 0.0889423076923077 0.06610576923076923
0 0.5348557692307693 0.5612980769230769 0.03485576923076923 0.08653846153846154
0 0.6838942307692307 0.5853365384615384 0.08052884615384616 0.12860576923076922
0 0.6129807692307693 0.32211538461538464 0.056490384615384616 0.12139423076923077
0 0.7163461538461539 0.13822115384615385 0.054086538461538464 0.07932692307692307
0 0.47475961538461536 0.203125 0.056490384615384616 0.10096153846153846
0 0.25600961538461536 0.234375 0.06129807692307692 0.07932692307692307
0 0.19110576923076922 0.2932692307692308 0.06129807692307692 0.09375
0 0.2668269230769231 0.5216346153846154 0.07211538461538461 0.12620192307692307
0 0.3545673076923077 0.3786057692307692 0.051682692307692304 0.11057692307692307
3 0.41947115384615385 0.953125 0.0889423076923077 0.0889423076923077
3 0.5817307692307693 0.7475961538461539 0.06850961538461539 0.11298076923076923
3 0.8641826923076923 0.41346153846153844 0.07692307692307693 0.10576923076923077
3 0.7920673076923077 0.3329326923076923 0.06971153846153846 0.07932692307692307
3 0.3713942307692308 0.5504807692307693 0.046875 0.07932692307692307
3 0.5552884615384616 0.4579326923076923 0.04807692307692308 0.10096153846153846