0 0.40384615384615385 0.18269230769230768 0.03365384615384615 0.054086538461538464
0 0.421875 0.24879807692307693 0.038461538461538464 0.06370192307692307
0 0.30649038461538464 0.34975961538461536 0.03365384615384615 0.051682692307692304
0 0.10336538461538461 0.44471153846153844 0.037259615384615384 0.054086538461538464
0 0.23557692307692307 0.5 0.04567307692307692 0.07692307692307693
0 0.3954326923076923 0.5961538461538461 0.04326923076923077 0.06610576923076923
0 0.3269230769230769 0.6334134615384616 0.07451923076923077 0.10576923076923077
1 0.9098557692307693 0.9026442307692307 0.1778846153846154 0.15504807692307693
1 0.390625 0.9110576923076923 0.08173076923076923 0.17307692307692307
1 0.5024038461538461 0.6358173076923077 0.08774038461538461 0.14543269230769232
1 0.7427884615384616 0.8100961538461539 0.1310096153846154 0.1971153846153846