0 0.09254807692307693 0.33653846153846156 0.1141826923076923 0.17067307692307693
0 0.33413461538461536 0.8173076923076923 0.13581730769230768 0.3016826923076923
0 0.44711538461538464 0.6574519230769231 0.0985576923076923 0.19951923076923078
0 0.4050480769230769 0.4699519230769231 0.1466346153846154 0.22956730769230768
0 0.34975961538461536 0.2764423076923077 0.07451923076923077 0.10817307692307693
0 0.4170673076923077 0.1935096153846154 0.09134615384615384 0.14543269230769232
0 0.4362980769230769 0.30649038461538464 0.08052884615384616 0.13341346153846154
0 0.515625 0.4014423076923077 0.0985576923076923 0.16105769230769232
0 0.5060096153846154 0.296875 0.07211538461538461 0.11899038461538461
0 0.5012019230769231 0.19230769230769232 0.06490384615384616 0.08413461538461539
0 0.5793269230769231 0.3173076923076923 0.06971153846153846 0.11057692307692307
0 0.6394230769230769 0.35336538461538464 0.05048076923076923 0.08413461538461539
0 0.6382211538461539 0.4110576923076923 0.07091346153846154 0.10096153846153846
0 0.6382211538461539 0.5120192307692307 0.06490384615384616 0.1310096153846154
0 0.6838942307692307 0.5012019230769231 0.054086538461538464 0.0985576923076923
0 0.7247596153846154 0.49158653846153844 0.04447115384615385 0.08413461538461539
0 0.6057692307692307 0.6418269230769231 0.11057692307692307 0.2127403846153846
0 0.640625 0.9134615384615384 0.09615384615384616 0.16826923076923078
0 0.546875 0.9603365384615384 0.09495192307692307 0.07451923076923077
0 0.7584134615384616 0.9795673076923077 0.07451923076923077 0.037259615384615384
0 0.7524038461538461 0.8305288461538461 0.0985576923076923 0.21514423076923078
3 0.13221153846153846 0.4651442307692308 0.109375 0.16105769230769232
3 0.19831730769230768 0.7776442307692307 0.15504807692307693 0.3112980769230769