1 0.47596153846153844 0.5180288461538461 0.030048076923076924 0.07451923076923077
1 0.5108173076923077 0.4951923076923077 0.07451923076923077 0.08173076923076923
1 0.9399038461538461 0.7451923076923077 0.11778846153846154 0.12860576923076922
0 0.09254807692307693 0.07211538461538461 0.1045673076923077 0.11899038461538461
0 0.31850961538461536 0.25240384615384615 0.08173076923076923 0.15264423076923078
0 0.3449519230769231 0.6153846153846154 0.046875 0.08413461538461539
3 0.4098557692307692 0.6430288461538461 0.054086538461538464 0.07692307692307693
3 0.33653846153846156 0.8942307692307693 0.09014423076923077 0.12860576923076922
3 0.6442307692307693 0.7487980769230769 0.07692307692307693 0.10576923076923077
0 0.7211538461538461 0.7223557692307693 0.07091346153846154 0.12139423076923077
0 0.6538461538461539 0.5072115384615384 0.046875 0.10096153846153846
0 0.8317307692307693 0.5324519230769231 0.09735576923076923 0.10096153846153846
0 0.6706730769230769 0.3545673076923077 0.04567307692307692 0.07211538461538461
0 0.7127403846153846 0.2776442307692308 0.054086538461538464 0.06610576923076923