1 0.4735576923076923 0.8701923076923077 0.078125 0.09134615384615384
1 0.3317307692307692 0.8725961538461539 0.06971153846153846 0.19471153846153846
1 0.37740384615384615 0.6971153846153846 0.08413461538461539 0.140625
0 0.40384615384615385 0.2824519230769231 0.06009615384615385 0.11658653846153846
0 0.3605769230769231 0.39663461538461536 0.05889423076923077 0.11658653846153846
0 0.27163461538461536 0.1935096153846154 0.07692307692307693 0.140625
0 0.5060096153846154 0.6658653846153846 0.09735576923076923 0.1658653846153846
0 0.28846153846153844 0.9723557692307693 0.11298076923076923 0.04927884615384615
3 0.43990384615384615 0.9507211538461539 0.10336538461538461 0.09375
2 0.19110576923076922 0.765625 0.12139423076923077 0.19230769230769232
1 0.38341346153846156 0.5901442307692307 0.06129807692307692 0.13341346153846154