0 0.08774038461538461 0.16346153846153846 0.15865384615384615 0.30649038461538464
0 0.2247596153846154 0.09134615384615384 0.1502403846153846 0.17307692307692307
0 0.22716346153846154 0.28365384615384615 0.14543269230769232 0.27163461538461536
0 0.35096153846153844 0.22716346153846154 0.15264423076923078 0.22716346153846154
2 0.2668269230769231 0.43990384615384615 0.1622596153846154 0.17307692307692307
1 0.44471153846153844 0.2608173076923077 0.2247596153846154 0.38221153846153844
1 0.5949519230769231 0.2848557692307692 0.265625 0.4170673076923077
1 0.7572115384615384 0.4254807692307692 0.30408653846153844 0.5108173076923077
0 0.953125 0.28365384615384615 0.09134615384615384 0.35096153846153844
2 0.5144230769230769 0.7151442307692307 0.2608173076923077 0.4266826923076923
2 0.796875 0.7896634615384616 0.36538461538461536 0.41466346153846156