1 0.24639423076923078 0.9362980769230769 0.052884615384615384 0.12379807692307693
0 0.3233173076923077 0.23197115384615385 0.040865384615384616 0.06971153846153846
0 0.6418269230769231 0.47836538461538464 0.0829326923076923 0.12139423076923077
0 0.4543269230769231 0.7451923076923077 0.07451923076923077 0.12860576923076922
3 0.6274038461538461 0.7271634615384616 0.05048076923076923 0.06129807692307692
3 0.6358173076923077 0.6826923076923077 0.046875 0.051682692307692304
0 0.8713942307692307 0.7824519230769231 0.0733173076923077 0.12379807692307693
3 0.953125 0.7391826923076923 0.09134615384615384 0.09134615384615384
0 0.6370192307692307 0.25841346153846156 0.06370192307692307 0.12139423076923077
3 0.8605769230769231 0.08533653846153846 0.046875 0.07211538461538461
3 0.7608173076923077 0.24519230769230768 0.052884615384615384 0.06129807692307692
0 0.12740384615384615 0.1971153846153846 0.027644230769230768 0.06370192307692307
0 0.027644230769230768 0.2620192307692308 0.03485576923076923 0.04927884615384615
0 0.01201923076923077 0.41586538461538464 0.021634615384615384 0.06129807692307692
1 0.3401442307692308 0.9411057692307693 0.046875 0.11298076923076923