0 0.4795673076923077 0.13221153846153846 0.028846153846153848 0.042067307692307696
3 0.8028846153846154 0.9302884615384616 0.038461538461538464 0.07451923076923077
1 0.6742788461538461 0.4387019230769231 0.09254807692307693 0.17548076923076922
3 0.4699519230769231 0.96875 0.051682692307692304 0.056490384615384616
3 0.22115384615384615 0.9423076923076923 0.046875 0.08173076923076923
3 0.16947115384615385 0.8954326923076923 0.05889423076923077 0.08173076923076923
3 0.3605769230769231 0.8197115384615384 0.04326923076923077 0.06370192307692307
3 0.5528846153846154 0.5721153846153846 0.051682692307692304 0.09134615384615384
3 0.43149038461538464 0.3293269230769231 0.0625 0.10576923076923077
3 0.05889423076923077 0.6610576923076923 0.06850961538461539 0.10096153846153846
0 0.59375 0.9098557692307693 0.06009615384615385 0.11057692307692307
0 0.33774038461538464 0.734375 0.052884615384615384 0.07211538461538461
0 0.8461538461538461 0.9206730769230769 0.051682692307692304 0.0889423076923077
0 0.6117788461538461 0.16706730769230768 0.028846153846153848 0.051682692307692304
0 0.6490384615384616 0.6201923076923077 0.04807692307692308 0.0985576923076923
0 0.5216346153846154 0.3701923076923077 0.055288461538461536 0.09375
0 0.23557692307692307 0.32091346153846156 0.054086538461538464 0.07932692307692307