1 0.29086538461538464 0.12980769230769232 0.051682692307692304 0.08173076923076923
0 0.21634615384615385 0.09134615384615384 0.06370192307692307 0.0985576923076923
0 0.53125 0.5168269230769231 0.026442307692307692 0.046875
0 0.44711538461538464 0.36538461538461536 0.042067307692307696 0.06971153846153846
0 0.8533653846153846 0.3629807692307692 0.05048076923076923 0.054086538461538464
3 0.8641826923076923 0.4723557692307692 0.06490384615384616 0.08653846153846154
3 0.8365384615384616 0.38100961538461536 0.055288461538461536 0.056490384615384616
3 0.8846153846153846 0.8978365384615384 0.12379807692307693 0.18990384615384615
1 0.6334134615384616 0.6899038461538461 0.078125 0.09134615384615384
3 0.7764423076923077 0.9567307692307693 0.0889423076923077 0.08173076923076923
3 0.5877403846153846 0.9459134615384616 0.09014423076923077 0.10336538461538461
3 0.2608173076923077 0.44711538461538464 0.04447115384615385 0.08413461538461539
0 0.27884615384615385 0.29086538461538464 0.054086538461538464 0.08413461538461539