0 0.1045673076923077 0.5372596153846154 0.10817307692307693 0.1502403846153846
2 0.484375 0.2283653846153846 0.07932692307692307 0.10096153846153846
2 0.47115384615384615 0.40865384615384615 0.10576923076923077 0.1310096153846154
2 0.38100961538461536 0.40384615384615385 0.0829326923076923 0.11057692307692307
1 0.3293269230769231 0.3629807692307692 0.09735576923076923 0.10817307692307693
0 0.3112980769230769 0.5396634615384616 0.12860576923076922 0.12620192307692307
0 0.3581730769230769 0.7211538461538461 0.10817307692307693 0.1971153846153846
2 0.020432692307692308 0.8485576923076923 0.038461538461538464 0.1502403846153846
2 0.296875 0.8870192307692307 0.17067307692307693 0.22235576923076922
2 0.2247596153846154 0.5817307692307693 0.09735576923076923 0.16105769230769232
1 0.2956730769230769 0.6165865384615384 0.16105769230769232 0.14543269230769232
2 0.4651442307692308 0.5625 0.11057692307692307 0.17307692307692307
2 0.5600961538461539 0.6598557692307693 0.12139423076923077 0.1971153846153846
2 0.7007211538461539 0.7115384615384616 0.1622596153846154 0.24639423076923078
2 0.8365384615384616 0.6274038461538461 0.16826923076923078 0.24158653846153846
2 0.9134615384615384 0.8617788461538461 0.16947115384615385 0.27163461538461536
2 0.8581730769230769 0.4014423076923077 0.15384615384615385 0.16105769230769232
2 0.6478365384615384 0.3088942307692308 0.10697115384615384 0.15264423076923078
1 0.9651442307692307 0.6358173076923077 0.06610576923076923 0.28846153846153844
1 0.9122596153846154 0.5132211538461539 0.14302884615384615 0.2764423076923077
1 0.7704326923076923 0.23317307692307693 0.13341346153846154 0.10096153846153846
2 0.8725961538461539 0.16105769230769232 0.10576923076923077 0.12379807692307693
2 0.703125 0.08533653846153846 0.07211538461538461 0.10576923076923077