3 0.9134615384615384 0.08774038461538461 0.03125 0.05889423076923077
3 0.9783653846153846 0.46153846153846156 0.042067307692307696 0.08052884615384616
3 0.1310096153846154 0.13341346153846154 0.039663461538461536 0.039663461538461536
3 0.8088942307692307 0.0625 0.07932692307692307 0.09375
3 0.7884615384615384 0.140625 0.09375 0.12139423076923077
3 0.7091346153846154 0.21995192307692307 0.06370192307692307 0.09495192307692307
3 0.8365384615384616 0.28365384615384615 0.04326923076923077 0.057692307692307696
3 0.9387019230769231 0.28725961538461536 0.0733173076923077 0.0985576923076923
3 0.9675480769230769 0.3317307692307692 0.0625 0.09375
3 0.9375 0.4423076923076923 0.078125 0.11899038461538461
3 0.6730769230769231 0.8317307692307693 0.04567307692307692 0.06009615384615385
3 0.7127403846153846 0.7259615384615384 0.04927884615384615 0.09735576923076923
3 0.6875 0.4951923076923077 0.055288461538461536 0.06850961538461539
3 0.6814903846153846 0.3473557692307692 0.06490384615384616 0.0985576923076923
3 0.43028846153846156 0.39783653846153844 0.0733173076923077 0.12139423076923077
3 0.4362980769230769 0.09375 0.05889423076923077 0.09014423076923077
3 0.21514423076923078 0.27283653846153844 0.09014423076923077 0.11057692307692307
0 0.9375 0.8305288461538461 0.07932692307692307 0.09495192307692307
0 0.09134615384615384 0.8665865384615384 0.18028846153846154 0.16947115384615385
0 0.3401442307692308 0.8449519230769231 0.08173076923076923 0.11057692307692307
0 0.7788461538461539 0.75 0.06009615384615385 0.10697115384615384
0 0.8509615384615384 0.8016826923076923 0.09375 0.1045673076923077
0 0.7307692307692307 0.7740384615384616 0.06009615384615385 0.0985576923076923
0 0.6730769230769231 0.5673076923076923 0.04567307692307692 0.08774038461538461
0 0.8016826923076923 0.6754807692307693 0.06129807692307692 0.08653846153846154
0 0.953125 0.07572115384615384 0.06850961538461539 0.0829326923076923
0 0.9254807692307693 0.19471153846153846 0.0829326923076923 0.1045673076923077
0 0.7283653846153846 0.41586538461538464 0.05048076923076923 0.07692307692307693
0 0.8389423076923077 0.3581730769230769 0.06850961538461539 0.109375
0 0.48197115384615385 0.3858173076923077 0.06971153846153846 0.14543269230769232
0 0.5901442307692307 0.6177884615384616 0.06971153846153846 0.1346153846153846