0 0.796875 0.33533653846153844 0.03245192307692308 0.05889423076923077
0 0.7355769230769231 0.2247596153846154 0.03245192307692308 0.05889423076923077
1 0.8473557692307693 0.9146634615384616 0.06009615384615385 0.12139423076923077
3 0.5949519230769231 0.9543269230769231 0.0889423076923077 0.08653846153846154
3 0.8064903846153846 0.65625 0.06971153846153846 0.10817307692307693
0 0.24639423076923078 0.296875 0.054086538461538464 0.07932692307692307
0 0.09975961538461539 0.3605769230769231 0.06610576923076923 0.07932692307692307
0 0.703125 0.2644230769230769 0.03245192307692308 0.06971153846153846
0 0.7896634615384616 0.49158653846153844 0.03485576923076923 0.06971153846153846
0 0.6274038461538461 0.8653846153846154 0.0733173076923077 0.10576923076923077
0 0.2824519230769231 0.5324519230769231 0.07451923076923077 0.09134615384615384
0 0.4026442307692308 0.34375 0.05889423076923077 0.0985576923076923
0 0.47596153846153844 0.203125 0.06971153846153846 0.09615384615384616