0 0.07451923076923077 0.5276442307692307 0.13581730769230768 0.20552884615384615
0 0.20793269230769232 0.23197115384615385 0.09495192307692307 0.15264423076923078
0 0.11658653846153846 0.140625 0.09735576923076923 0.14783653846153846
0 0.25240384615384615 0.0985576923076923 0.11778846153846154 0.17307692307692307
0 0.37740384615384615 0.17548076923076922 0.10817307692307693 0.1971153846153846
0 0.2536057692307692 0.8545673076923077 0.10697115384615384 0.18269230769230768
0 0.41346153846153844 0.7283653846153846 0.0829326923076923 0.18269230769230768
0 0.3557692307692308 0.9158653846153846 0.08413461538461539 0.16346153846153846
0 0.4519230769230769 0.9338942307692307 0.09495192307692307 0.12860576923076922
0 0.5036057692307693 0.7764423076923077 0.10697115384615384 0.21995192307692307
0 0.5685096153846154 0.9399038461538461 0.10336538461538461 0.11658653846153846
0 0.7067307692307693 0.9182692307692307 0.11778846153846154 0.15745192307692307
0 0.7512019230769231 0.5552884615384616 0.11538461538461539 0.20192307692307693
2 0.6838942307692307 0.24278846153846154 0.08052884615384616 0.16105769230769232
3 0.32211538461538464 0.47115384615384615 0.11778846153846154 0.1875
3 0.49158653846153844 0.051682692307692304 0.06610576923076923 0.09375