0 0.7548076923076923 0.38822115384615385 0.03245192307692308 0.04927884615384615
3 0.04326923076923077 0.4723557692307692 0.04326923076923077 0.051682692307692304
3 0.17067307692307693 0.4326923076923077 0.036057692307692304 0.04447115384615385
3 0.7692307692307693 0.3161057692307692 0.06129807692307692 0.0985576923076923
0 0.3161057692307692 0.5745192307692307 0.04807692307692308 0.06610576923076923
0 0.484375 0.6850961538461539 0.04326923076923077 0.09615384615384616
0 0.5432692307692307 0.7836538461538461 0.037259615384615384 0.06610576923076923
0 0.7475961538461539 0.84375 0.046875 0.10096153846153846
0 0.31971153846153844 0.38822115384615385 0.04326923076923077 0.06971153846153846
0 0.11177884615384616 0.34375 0.040865384615384616 0.04447115384615385
3 0.4182692307692308 0.7175480769230769 0.03365384615384615 0.042067307692307696