3 0.7632211538461539 0.7475961538461539 0.06490384615384616 0.14302884615384615
3 0.4987980769230769 0.8425480769230769 0.08774038461538461 0.17307692307692307
0 0.9326923076923077 0.5060096153846154 0.06850961538461539 0.11899038461538461
0 0.8990384615384616 0.4543269230769231 0.06610576923076923 0.0985576923076923
0 0.921875 0.4098557692307692 0.05889423076923077 0.09375
0 0.6129807692307693 0.06129807692307692 0.042067307692307696 0.06971153846153846
0 0.4963942307692308 0.2764423076923077 0.056490384615384616 0.10336538461538461
0 0.6442307692307693 0.9134615384615384 0.07692307692307693 0.16826923076923078
0 0.5673076923076923 0.9627403846153846 0.07692307692307693 0.06971153846153846
0 0.5697115384615384 0.7463942307692307 0.06971153846153846 0.11658653846153846
0 0.5564903846153846 0.875 0.05889423076923077 0.12139423076923077
0 0.40384615384615385 0.8713942307692307 0.07932692307692307 0.12379807692307693
0 0.390625 0.7572115384615384 0.07451923076923077 0.12620192307692307
0 0.3269230769230769 0.8233173076923077 0.0985576923076923 0.17067307692307693
0 0.21754807692307693 0.7067307692307693 0.078125 0.13822115384615385