0 0.6322115384615384 0.4362980769230769 0.037259615384615384 0.078125
0 0.5072115384615384 0.140625 0.04567307692307692 0.07692307692307693
0 0.5949519230769231 0.265625 0.07211538461538461 0.13581730769230768
0 0.5673076923076923 0.38341346153846156 0.04326923076923077 0.0625
0 0.7668269230769231 0.3485576923076923 0.06971153846153846 0.1045673076923077
0 0.6802884615384616 0.6274038461538461 0.054086538461538464 0.11899038461538461
0 0.016826923076923076 0.4831730769230769 0.03125 0.078125
0 0.06971153846153846 0.5685096153846154 0.055288461538461536 0.10336538461538461
0 0.2091346153846154 0.4723557692307692 0.03245192307692308 0.05048076923076923
0 0.17668269230769232 0.9627403846153846 0.05048076923076923 0.07211538461538461
0 0.2283653846153846 0.9495192307692307 0.06009615384615385 0.0889423076923077
0 0.28846153846153844 0.9158653846153846 0.0625 0.12740384615384615
0 0.390625 0.4411057692307692 0.057692307692307696 0.08052884615384616
3 0.38100961538461536 0.3713942307692308 0.06490384615384616 0.0829326923076923
1 0.84375 0.6947115384615384 0.13581730769230768 0.10697115384615384
1 0.484375 0.890625 0.140625 0.078125
1 0.3137019230769231 0.9579326923076923 0.11177884615384616 0.0829326923076923
1 0.47716346153846156 0.25 0.078125 0.0889423076923077
1 0.6694711538461539 0.5084134615384616 0.054086538461538464 0.10697115384615384