0 0.25240384615384615 0.41346153846153844 0.14302884615384615 0.2692307692307692
0 0.30649038461538464 0.21514423076923078 0.12740384615384615 0.23197115384615385
0 0.4483173076923077 0.12980769230769232 0.11057692307692307 0.19471153846153846
0 0.546875 0.14783653846153846 0.11658653846153846 0.2127403846153846
0 0.6670673076923077 0.21995192307692307 0.10697115384615384 0.20192307692307693
0 0.4375 0.5805288461538461 0.17548076923076922 0.34615384615384615
0 0.6598557692307693 0.5853365384615384 0.140625 0.28125
0 0.8016826923076923 0.7872596153846154 0.15865384615384615 0.296875
0 0.953125 0.5288461538461539 0.09134615384615384 0.2620192307692308
1 0.3557692307692308 0.11057692307692307 0.07451923076923077 0.10817307692307693
3 0.5516826923076923 0.3954326923076923 0.10817307692307693 0.17307692307692307
3 0.7548076923076923 0.48197115384615385 0.14543269230769232 0.24639423076923078
3 0.8233173076923077 0.4026442307692308 0.10096153846153846 0.13341346153846154
3 0.9230769230769231 0.17908653846153846 0.08774038461538461 0.10576923076923077
3 0.734375 0.17307692307692307 0.08413461538461539 0.15264423076923078
1 0.5372596153846154 0.2704326923076923 0.0985576923076923 0.140625
1 0.6382211538461539 0.3269230769230769 0.15745192307692307 0.1310096153846154
1 0.6033653846153846 0.8088942307692307 0.2127403846153846 0.20552884615384615