1 0.10817307692307693 0.7067307692307693 0.2127403846153846 0.390625
1 0.1141826923076923 0.38221153846153844 0.15264423076923078 0.10817307692307693
1 0.12379807692307693 0.45913461538461536 0.1935096153846154 0.09375
1 0.24158653846153846 0.2848557692307692 0.09134615384615384 0.13581730769230768
2 0.1875 0.19951923076923078 0.0889423076923077 0.06971153846153846
1 0.14903846153846154 0.15745192307692307 0.09014423076923077 0.0889423076923077
2 0.15985576923076922 0.5180288461538461 0.1778846153846154 0.1778846153846154
2 0.3016826923076923 0.40625 0.12740384615384615 0.17067307692307693
0 0.40024038461538464 0.515625 0.12379807692307693 0.22235576923076922
0 0.4735576923076923 0.36538461538461536 0.13942307692307693 0.24158653846153846
1 0.36778846153846156 0.6370192307692307 0.16346153846153846 0.3798076923076923
2 0.3088942307692308 0.7247596153846154 0.08653846153846154 0.22956730769230768
1 0.22596153846153846 0.7139423076923077 0.1045673076923077 0.3401442307692308
1 0.328125 0.9146634615384616 0.2848557692307692 0.1658653846153846
1 0.5240384615384616 0.7788461538461539 0.12620192307692307 0.4375
1 0.7920673076923077 0.9290865384615384 0.17548076923076922 0.13581730769230768
0 0.33533653846153844 0.16826923076923078 0.10697115384615384 0.17307692307692307
2 0.3786057692307692 0.11658653846153846 0.10096153846153846 0.07932692307692307
1 0.6189903846153846 0.48677884615384615 0.20432692307692307 0.19230769230769232
2 0.6189903846153846 0.5588942307692307 0.14302884615384615 0.11057692307692307
2 0.5925480769230769 0.3389423076923077 0.11778846153846154 0.10576923076923077
1 0.421875 0.2403846153846154 0.11298076923076923 0.140625
2 0.47836538461538464 0.27524038461538464 0.12740384615384615 0.07692307692307693
2 0.5144230769230769 0.19831730769230768 0.11658653846153846 0.11057692307692307
2 0.4411057692307692 0.11899038461538461 0.0625 0.07451923076923077
2 0.5060096153846154 0.08774038461538461 0.11538461538461539 0.1310096153846154
0 0.6009615384615384 0.19831730769230768 0.10576923076923077 0.18509615384615385
0 0.7848557692307693 0.7127403846153846 0.1814903846153846 0.2932692307692308
0 0.8677884615384616 0.5120192307692307 0.17908653846153846 0.24879807692307693
2 0.9435096153846154 0.5877403846153846 0.109375 0.20192307692307693
1 0.9050480769230769 0.4206730769230769 0.1875 0.14543269230769232
1 0.8425480769230769 0.35697115384615385 0.1814903846153846 0.11057692307692307
1 0.7980769230769231 0.2932692307692308 0.1814903846153846 0.14783653846153846
0 0.6814903846153846 0.1778846153846154 0.09134615384615384 0.1875
0 0.7644230769230769 0.1658653846153846 0.109375 0.1778846153846154
3 0.8701923076923077 0.17067307692307693 0.15985576923076922 0.1778846153846154
2 0.7800480769230769 0.05889423076923077 0.08173076923076923 0.0985576923076923
2 0.9447115384615384 0.10817307692307693 0.10817307692307693 0.11899038461538461