0 0.5504807692307693 0.8569711538461539 0.06129807692307692 0.13341346153846154
0 0.609375 0.8894230769230769 0.06971153846153846 0.15745192307692307
0 0.7728365384615384 0.7223557692307693 0.09254807692307693 0.13581730769230768
0 0.8725961538461539 0.8978365384615384 0.125 0.18509615384615385
0 0.8918269230769231 0.24639423076923078 0.12379807692307693 0.18269230769230768
0 0.6814903846153846 0.21033653846153846 0.06370192307692307 0.10817307692307693
0 0.65625 0.3329326923076923 0.09014423076923077 0.13822115384615385
0 0.5769230769230769 0.24879807692307693 0.07451923076923077 0.12379807692307693
0 0.6201923076923077 0.6201923076923077 0.0625 0.11298076923076923
0 0.5012019230769231 0.4206730769230769 0.030048076923076924 0.06610576923076923
0 0.5324519230769231 0.47836538461538464 0.03365384615384615 0.07692307692307693
0 0.5120192307692307 0.5276442307692307 0.03365384615384615 0.07211538461538461
0 0.47836538461538464 0.5324519230769231 0.036057692307692304 0.06129807692307692