0 0.44350961538461536 0.9038461538461539 0.12259615384615384 0.1875
0 0.9591346153846154 0.6274038461538461 0.04807692307692308 0.0985576923076923
0 0.9783653846153846 0.6911057692307693 0.042067307692307696 0.13341346153846154
0 0.9759615384615384 0.47836538461538464 0.04447115384615385 0.140625
0 0.8665865384615384 0.22115384615384615 0.0829326923076923 0.10096153846153846
0 0.7043269230769231 0.20072115384615385 0.07932692307692307 0.1310096153846154
0 0.5697115384615384 0.20673076923076922 0.06129807692307692 0.10576923076923077
0 0.6153846153846154 0.21634615384615385 0.08052884615384616 0.13581730769230768
0 0.33533653846153844 0.3269230769230769 0.1045673076923077 0.11658653846153846
0 0.3629807692307692 0.16466346153846154 0.056490384615384616 0.06610576923076923
0 0.14182692307692307 0.33533653846153844 0.08173076923076923 0.11899038461538461
0 0.04807692307692308 0.2920673076923077 0.08653846153846154 0.09615384615384616