3 0.7307692307692307 0.6370192307692307 0.037259615384615384 0.07451923076923077
3 0.6538461538461539 0.78125 0.04326923076923077 0.056490384615384616
3 0.22596153846153846 0.8425480769230769 0.06009615384615385 0.09375
3 0.5528846153846154 0.8725961538461539 0.08052884615384616 0.10096153846153846
0 0.5612980769230769 0.71875 0.06850961538461539 0.12379807692307693
0 0.5252403846153846 0.6490384615384616 0.051682692307692304 0.07932692307692307
0 0.47596153846153844 0.6766826923076923 0.051682692307692304 0.0889423076923077
0 0.28125 0.7139423076923077 0.04326923076923077 0.05889423076923077
0 0.4543269230769231 0.5625 0.028846153846153848 0.039663461538461536
0 0.4206730769230769 0.5877403846153846 0.03485576923076923 0.04447115384615385
0 0.38341346153846156 0.6237980769230769 0.036057692307692304 0.042067307692307696
3 0.6526442307692307 0.5709134615384616 0.036057692307692304 0.04927884615384615
0 0.6766826923076923 0.4375 0.03365384615384615 0.039663461538461536
0 0.8581730769230769 0.45913461538461536 0.04447115384615385 0.054086538461538464
0 0.9182692307692307 0.41947115384615385 0.042067307692307696 0.04927884615384615