1 0.8521634615384616 0.14903846153846154 0.2932692307692308 0.28365384615384615
0 0.6887019230769231 0.5480769230769231 0.19951923076923078 0.3557692307692308
2 0.4891826923076923 0.8233173076923077 0.19951923076923078 0.3233173076923077
2 0.5697115384615384 0.3449519230769231 0.12379807692307693 0.2644230769230769
1 0.3317307692307692 0.8786057692307693 0.14302884615384615 0.23677884615384615
1 0.4387019230769231 0.6057692307692307 0.27403846153846156 0.25961538461538464
2 0.3942307692307692 0.46033653846153844 0.10336538461538461 0.17067307692307693
1 0.4074519230769231 0.33653846153846156 0.23197115384615385 0.18028846153846154
1 0.25841346153846156 0.36177884615384615 0.09134615384615384 0.19951923076923078
1 0.09134615384615384 0.6009615384615384 0.1658653846153846 0.2548076923076923
2 0.17067307692307693 0.21634615384615385 0.12379807692307693 0.19951923076923078
2 0.12980769230769232 0.8701923076923077 0.11298076923076923 0.2548076923076923
2 0.2704326923076923 0.6213942307692307 0.10576923076923077 0.21995192307692307