3 0.8966346153846154 0.8725961538461539 0.10576923076923077 0.22956730769230768
3 0.96875 0.4206730769230769 0.06009615384615385 0.12620192307692307
1 0.8629807692307693 0.30288461538461536 0.08173076923076923 0.07692307692307693
0 0.9314903846153846 0.2127403846153846 0.05889423076923077 0.12860576923076922
0 0.7536057692307693 0.4651442307692308 0.11899038461538461 0.21995192307692307
0 0.84375 0.5288461538461539 0.08774038461538461 0.13341346153846154
3 0.8137019230769231 0.6887019230769231 0.06971153846153846 0.15264423076923078
3 0.8725961538461539 0.6081730769230769 0.0733173076923077 0.12139423076923077
3 0.8064903846153846 0.8581730769230769 0.09254807692307693 0.20552884615384615
1 0.4963942307692308 0.14423076923076922 0.06370192307692307 0.10096153846153846
1 0.5901442307692307 0.8016826923076923 0.16706730769230768 0.15504807692307693
1 0.546875 0.4567307692307692 0.1502403846153846 0.14783653846153846