0 0.6189903846153846 0.07091346153846154 0.046875 0.08653846153846154
0 0.7572115384615384 0.35697115384615385 0.06370192307692307 0.07692307692307693
0 0.9603365384615384 0.5949519230769231 0.07692307692307693 0.13341346153846154
0 0.8317307692307693 0.7199519230769231 0.11538461538461539 0.18990384615384615
0 0.6346153846153846 0.296875 0.06009615384615385 0.11298076923076923
0 0.5444711538461539 0.171875 0.07211538461538461 0.11057692307692307
0 0.5 0.28966346153846156 0.07451923076923077 0.09615384615384616
0 0.43509615384615385 0.20192307692307693 0.0625 0.09375
0 0.4230769230769231 0.11899038461538461 0.06009615384615385 0.07932692307692307
0 0.35096153846153844 0.32211538461538464 0.07451923076923077 0.11658653846153846
0 0.3449519230769231 0.11057692307692307 0.06490384615384616 0.09375