0 0.8966346153846154 0.703125 0.04567307692307692 0.09375
0 0.07091346153846154 0.13221153846153846 0.038461538461538464 0.06129807692307692
0 0.5324519230769231 0.1622596153846154 0.027644230769230768 0.046875
0 0.6634615384615384 0.09495192307692307 0.030048076923076924 0.046875
0 0.6286057692307693 0.19110576923076922 0.0625 0.10576923076923077
0 0.8401442307692307 0.11298076923076923 0.04326923076923077 0.06971153846153846
0 0.9266826923076923 0.2668269230769231 0.06009615384615385 0.07932692307692307
0 0.8353365384615384 0.3641826923076923 0.04807692307692308 0.08653846153846154
0 0.7584134615384616 0.2704326923076923 0.038461538461538464 0.056490384615384616
0 0.6598557692307693 0.2620192307692308 0.037259615384615384 0.06370192307692307
0 0.5456730769230769 0.4891826923076923 0.030048076923076924 0.054086538461538464
0 0.5480769230769231 0.6790865384615384 0.03365384615384615 0.06370192307692307
0 0.4050480769230769 0.7788461538461539 0.026442307692307692 0.08173076923076923
0 0.36177884615384615 0.8052884615384616 0.03245192307692308 0.054086538461538464
0 0.3016826923076923 0.8389423076923077 0.03485576923076923 0.05889423076923077