0 0.5769230769230769 0.2668269230769231 0.09615384615384616 0.11778846153846154
0 0.5901442307692307 0.5649038461538461 0.09495192307692307 0.14182692307692307
0 0.5661057692307693 0.6935096153846154 0.09014423076923077 0.11899038461538461
0 0.6490384615384616 0.6225961538461539 0.0733173076923077 0.12980769230769232
0 0.6995192307692307 0.7403846153846154 0.09615384615384616 0.13701923076923078
0 0.6935096153846154 0.8509615384615384 0.1045673076923077 0.12379807692307693
0 0.7079326923076923 0.9507211538461539 0.09975961538461539 0.09615384615384616
0 0.43990384615384615 0.9579326923076923 0.0889423076923077 0.0829326923076923
3 0.2860576923076923 0.609375 0.16105769230769232 0.2403846153846154
3 0.38822115384615385 0.546875 0.04567307692307692 0.07211538461538461
3 0.5348557692307693 0.5733173076923077 0.046875 0.0829326923076923
3 0.6274038461538461 0.4519230769230769 0.03125 0.0673076923076923
3 0.890625 0.4675480769230769 0.1875 0.21875
3 0.8112980769230769 0.609375 0.08173076923076923 0.10817307692307693
3 0.8269230769230769 0.9639423076923077 0.06129807692307692 0.07091346153846154