0 0.7427884615384616 0.14302884615384615 0.038461538461538464 0.06971153846153846
0 0.1935096153846154 0.5925480769230769 0.07091346153846154 0.16826923076923078
1 0.19951923076923078 0.7920673076923077 0.09735576923076923 0.18269230769230768
0 0.6850961538461539 0.9543269230769231 0.09615384615384616 0.08653846153846154
0 0.7716346153846154 0.8076923076923077 0.07932692307692307 0.16826923076923078
0 0.7211538461538461 0.5456730769230769 0.0985576923076923 0.16826923076923078
0 0.47115384615384615 0.39663461538461536 0.10697115384615384 0.140625
0 0.96875 0.2620192307692308 0.06009615384615385 0.13822115384615385
0 0.8894230769230769 0.27403846153846156 0.04807692307692308 0.06971153846153846
0 0.8581730769230769 0.3125 0.055288461538461536 0.09134615384615384
0 0.6682692307692307 0.1310096153846154 0.04807692307692308 0.06370192307692307
0 0.6983173076923077 0.18509615384615385 0.06129807692307692 0.0985576923076923
0 0.7067307692307693 0.2668269230769231 0.042067307692307696 0.10336538461538461
0 0.8978365384615384 0.17307692307692307 0.04807692307692308 0.06971153846153846