0 0.4206730769230769 0.6454326923076923 0.04567307692307692 0.09134615384615384
0 0.38221153846153844 0.6490384615384616 0.042067307692307696 0.08413461538461539
3 0.46274038461538464 0.4411057692307692 0.046875 0.06610576923076923
3 0.6189903846153846 0.7175480769230769 0.051682692307692304 0.07211538461538461
3 0.46634615384615385 0.7475961538461539 0.05889423076923077 0.0889423076923077
3 0.4026442307692308 0.7307692307692307 0.04447115384615385 0.07932692307692307
3 0.18389423076923078 0.6105769230769231 0.08774038461538461 0.12139423076923077
0 0.19471153846153846 0.7451923076923077 0.07451923076923077 0.10817307692307693
0 0.040865384615384616 0.3317307692307692 0.056490384615384616 0.07211538461538461
0 0.6105769230769231 0.3016826923076923 0.028846153846153848 0.054086538461538464
0 0.21153846153846154 0.5252403846153846 0.04567307692307692 0.07692307692307693
0 0.2776442307692308 0.4855769230769231 0.042067307692307696 0.06610576923076923
0 0.32211538461538464 0.42788461538461536 0.037259615384615384 0.07211538461538461
0 0.47596153846153844 0.5444711538461539 0.046875 0.07211538461538461
0 0.5528846153846154 0.4699519230769231 0.03485576923076923 0.056490384615384616
0 0.5324519230769231 0.3076923076923077 0.028846153846153848 0.06129807692307692
0 0.34615384615384615 0.9699519230769231 0.07211538461538461 0.054086538461538464