0 0.7091346153846154 0.11177884615384616 0.04567307692307692 0.07692307692307693
0 0.9326923076923077 0.26802884615384615 0.07091346153846154 0.12139423076923077
0 0.8004807692307693 0.2644230769230769 0.056490384615384616 0.0985576923076923
0 0.7632211538461539 0.3425480769230769 0.07932692307692307 0.09615384615384616
0 0.7067307692307693 0.2668269230769231 0.0625 0.0889423076923077
0 0.4879807692307692 0.18028846153846154 0.046875 0.06370192307692307
0 0.08173076923076923 0.31850961538461536 0.06971153846153846 0.12860576923076922
0 0.0889423076923077 0.41947115384615385 0.046875 0.08413461538461539
0 0.23557692307692307 0.5985576923076923 0.13341346153846154 0.234375
0 0.390625 0.9651442307692307 0.09254807692307693 0.06370192307692307
3 0.14182692307692307 0.9507211538461539 0.08052884615384616 0.09375
1 0.5793269230769231 0.25240384615384615 0.11298076923076923 0.10336538461538461
1 0.7115384615384616 0.48677884615384615 0.11899038461538461 0.09375