3 0.5516826923076923 0.44471153846153844 0.042067307692307696 0.06370192307692307
3 0.4387019230769231 0.36177884615384615 0.06370192307692307 0.08173076923076923
3 0.14903846153846154 0.2800480769230769 0.052884615384615384 0.042067307692307696
3 0.2091346153846154 0.2860576923076923 0.05889423076923077 0.054086538461538464
3 0.15985576923076922 0.41947115384615385 0.08052884615384616 0.06971153846153846
0 0.7259615384615384 0.4831730769230769 0.03485576923076923 0.06129807692307692
0 0.6213942307692307 0.6262019230769231 0.05889423076923077 0.11057692307692307
0 0.5288461538461539 0.26322115384615385 0.03365384615384615 0.056490384615384616
0 0.5276442307692307 0.36658653846153844 0.04807692307692308 0.09615384615384616
0 0.3858173076923077 0.15144230769230768 0.05048076923076923 0.06610576923076923
0 0.3112980769230769 0.4254807692307692 0.07211538461538461 0.09615384615384616
0 0.2704326923076923 0.5408653846153846 0.07932692307692307 0.10817307692307693
0 0.10336538461538461 0.8990384615384616 0.13581730769230768 0.1875