2 0.78125 0.11298076923076923 0.11778846153846154 0.11298076923076923
1 0.8737980769230769 0.7932692307692307 0.25 0.4074519230769231
1 0.06490384615384616 0.7632211538461539 0.12379807692307693 0.46875
1 0.8293269230769231 0.49158653846153844 0.2776442307692308 0.2127403846153846
0 0.96875 0.4483173076923077 0.06009615384615385 0.2644230769230769
1 0.3112980769230769 0.6033653846153846 0.12740384615384615 0.49158653846153844
2 0.3858173076923077 0.4170673076923077 0.15144230769230768 0.23197115384615385
1 0.44350961538461536 0.27403846153846156 0.2283653846153846 0.1778846153846154
1 0.5733173076923077 0.5504807692307693 0.26802884615384615 0.484375
0 0.18629807692307693 0.640625 0.21754807692307693 0.3629807692307692
0 0.16466346153846154 0.4110576923076923 0.21514423076923078 0.27884615384615385
1 0.1141826923076923 0.29086538461538464 0.11778846153846154 0.2127403846153846
0 0.0733173076923077 0.16826923076923078 0.14423076923076922 0.18269230769230768
1 0.19110576923076922 0.1201923076923077 0.07091346153846154 0.234375
0 0.6189903846153846 0.25600961538461536 0.18028846153846154 0.27403846153846156
2 0.9266826923076923 0.14302884615384615 0.14302884615384615 0.24158653846153846
1 0.8233173076923077 0.2704326923076923 0.30649038461538464 0.2932692307692308
0 0.2536057692307692 0.11778846153846154 0.11658653846153846 0.21514423076923078
1 0.42427884615384615 0.1045673076923077 0.0733173076923077 0.1310096153846154