0 0.5204326923076923 0.7127403846153846 0.07932692307692307 0.13581730769230768
3 0.7884615384615384 0.5528846153846154 0.036057692307692304 0.0889423076923077
3 0.7836538461538461 0.3713942307692308 0.037259615384615384 0.08173076923076923
0 0.5108173076923077 0.5697115384615384 0.06610576923076923 0.19471153846153846
0 0.5637019230769231 0.5540865384615384 0.055288461538461536 0.1502403846153846
0 0.5985576923076923 0.7932692307692307 0.078125 0.1310096153846154
0 0.6730769230769231 0.7524038461538461 0.054086538461538464 0.09615384615384616
0 0.7439903846153846 0.7151442307692307 0.06490384615384616 0.10576923076923077
0 0.6526442307692307 0.6165865384615384 0.0625 0.11057692307692307
0 0.7896634615384616 0.2980769230769231 0.037259615384615384 0.07692307692307693
0 0.8353365384615384 0.6862980769230769 0.056490384615384616 0.10336538461538461
0 0.6947115384615384 0.9278846153846154 0.08052884615384616 0.13822115384615385
0 0.9651442307692307 0.9375 0.06610576923076923 0.12139423076923077
0 0.6358173076923077 0.04807692307692308 0.05048076923076923 0.08173076923076923