3 0.6069711538461539 0.38100961538461536 0.02403846153846154 0.040865384615384616
3 0.9338942307692307 0.15625 0.027644230769230768 0.04567307692307692
1 0.8016826923076923 0.9146634615384616 0.025240384615384616 0.08653846153846154
1 0.9266826923076923 0.96875 0.03485576923076923 0.06129807692307692
3 0.53125 0.49759615384615385 0.026442307692307692 0.05048076923076923
3 0.515625 0.44471153846153844 0.03485576923076923 0.0625
1 0.359375 0.6622596153846154 0.030048076923076924 0.036057692307692304
3 0.5048076923076923 0.9146634615384616 0.02403846153846154 0.046875
3 0.47596153846153844 0.8473557692307693 0.03125 0.052884615384615384
0 0.4879807692307692 0.6358173076923077 0.021634615384615384 0.042067307692307696
0 0.26322115384615385 0.9146634615384616 0.025240384615384616 0.03125
0 0.38822115384615385 0.41947115384615385 0.026442307692307692 0.04567307692307692