0 0.20793269230769232 0.06129807692307692 0.039663461538461536 0.0829326923076923
3 0.5805288461538461 0.5576923076923077 0.018028846153846152 0.04447115384615385
2 0.9326923076923077 0.7548076923076923 0.06490384615384616 0.0889423076923077
3 0.5793269230769231 0.6622596153846154 0.04807692307692308 0.08413461538461539
0 0.5552884615384616 0.8004807692307693 0.04326923076923077 0.08052884615384616
0 0.6346153846153846 0.9350961538461539 0.04927884615384615 0.078125
0 0.5985576923076923 0.8689903846153846 0.042067307692307696 0.09615384615384616
0 0.8521634615384616 0.28966346153846156 0.04927884615384615 0.09735576923076923
0 0.8737980769230769 0.6778846153846154 0.052884615384615384 0.09134615384615384
0 0.47836538461538464 0.41947115384615385 0.042067307692307696 0.08413461538461539
0 0.5012019230769231 0.4963942307692308 0.039663461538461536 0.06971153846153846
0 0.3329326923076923 0.49158653846153844 0.04447115384615385 0.08052884615384616
0 0.38461538461538464 0.18870192307692307 0.040865384615384616 0.09014423076923077
0 0.2439903846153846 0.47475961538461536 0.030048076923076924 0.05889423076923077
0 0.13221153846153846 0.4891826923076923 0.04326923076923077 0.0733173076923077