0 0.390625 0.9603365384615384 0.10697115384615384 0.07451923076923077
0 0.2824519230769231 0.6394230769230769 0.046875 0.15264423076923078
0 0.6959134615384616 0.3317307692307692 0.08653846153846154 0.11057692307692307
0 0.36658653846153844 0.2824519230769231 0.06129807692307692 0.07692307692307693
0 0.39302884615384615 0.1466346153846154 0.038461538461538464 0.06610576923076923
1 0.9314903846153846 0.23677884615384615 0.09254807692307693 0.09375
1 0.9314903846153846 0.5817307692307693 0.13341346153846154 0.13581730769230768
1 0.7331730769230769 0.42908653846153844 0.052884615384615384 0.07451923076923077
1 0.609375 0.5180288461538461 0.09014423076923077 0.09375
3 0.5168269230769231 0.31850961538461536 0.0733173076923077 0.07932692307692307
0 0.5072115384615384 0.28125 0.07091346153846154 0.06370192307692307
3 0.32572115384615385 0.140625 0.054086538461538464 0.07932692307692307
3 0.5432692307692307 0.8221153846153846 0.1045673076923077 0.18269230769230768