3 0.5745192307692307 0.9206730769230769 0.09014423076923077 0.15264423076923078
0 0.4831730769230769 0.34615384615384615 0.04447115384615385 0.07451923076923077
0 0.39903846153846156 0.6153846153846154 0.040865384615384616 0.06971153846153846
3 0.9447115384615384 0.7752403846153846 0.10817307692307693 0.1875
3 0.8425480769230769 0.5288461538461539 0.08653846153846154 0.12860576923076922
3 0.8269230769230769 0.7788461538461539 0.10336538461538461 0.1658653846153846
0 0.43149038461538464 0.6153846153846154 0.03485576923076923 0.07932692307692307
0 0.44591346153846156 0.5564903846153846 0.027644230769230768 0.06129807692307692
0 0.4483173076923077 0.8810096153846154 0.05889423076923077 0.10817307692307693
0 0.49038461538461536 0.8774038461538461 0.054086538461538464 0.12620192307692307
0 0.5084134615384616 0.6334134615384616 0.046875 0.08653846153846154
0 0.6189903846153846 0.671875 0.06490384615384616 0.10817307692307693
0 0.5456730769230769 0.3942307692307692 0.04447115384615385 0.07692307692307693
0 0.5661057692307693 0.3016826923076923 0.04447115384615385 0.06971153846153846
0 0.6983173076923077 0.2932692307692308 0.06009615384615385 0.12860576923076922
0 0.9122596153846154 0.38461538461538464 0.1310096153846154 0.1971153846153846
0 0.6766826923076923 0.7752403846153846 0.06971153846153846 0.11899038461538461