0 0.6682692307692307 0.04326923076923077 0.026442307692307692 0.051682692307692304
3 0.2668269230769231 0.12379807692307693 0.042067307692307696 0.07451923076923077
0 0.3449519230769231 0.028846153846153848 0.030048076923076924 0.042067307692307696
0 0.453125 0.28125 0.027644230769230768 0.054086538461538464
0 0.4987980769230769 0.042067307692307696 0.028846153846153848 0.04927884615384615
0 0.5588942307692307 0.04927884615384615 0.03365384615384615 0.04447115384615385
0 0.7836538461538461 0.265625 0.04567307692307692 0.07211538461538461
0 0.8112980769230769 0.4182692307692308 0.042067307692307696 0.07211538461538461
0 0.7644230769230769 0.35096153846153844 0.038461538461538464 0.06971153846153846
0 0.5745192307692307 0.5865384615384616 0.042067307692307696 0.07211538461538461
0 0.6658653846153846 0.6298076923076923 0.038461538461538464 0.07451923076923077
0 0.8509615384615384 0.8016826923076923 0.07451923076923077 0.09615384615384616
0 0.3401442307692308 0.7752403846153846 0.06009615384615385 0.12860576923076922
0 0.359375 0.5456730769230769 0.04326923076923077 0.05889423076923077
0 0.27524038461538464 0.5540865384615384 0.052884615384615384 0.07211538461538461
0 0.15985576923076922 0.296875 0.027644230769230768 0.04927884615384615
0 0.11177884615384616 0.18269230769230768 0.040865384615384616 0.06971153846153846