0 0.390625 0.04567307692307692 0.025240384615384616 0.037259615384615384
0 0.41225961538461536 0.0985576923076923 0.026442307692307692 0.04927884615384615
0 0.38100961538461536 0.12740384615384615 0.026442307692307692 0.051682692307692304
0 0.17067307692307693 0.8389423076923077 0.10576923076923077 0.19230769230769232
0 0.984375 0.8377403846153846 0.027644230769230768 0.12620192307692307
0 0.9435096153846154 0.7596153846153846 0.078125 0.11658653846153846
0 0.8641826923076923 0.8365384615384616 0.09975961538461539 0.12860576923076922
1 0.7884615384615384 0.8822115384615384 0.07692307692307693 0.13581730769230768
3 0.7512019230769231 0.9194711538461539 0.09735576923076923 0.12139423076923077
3 0.5793269230769231 0.9350961538461539 0.06850961538461539 0.12620192307692307
0 0.5288461538461539 0.5456730769230769 0.07211538461538461 0.12860576923076922
0 0.5276442307692307 0.25841346153846156 0.06129807692307692 0.11658653846153846
0 0.4963942307692308 0.3473557692307692 0.07451923076923077 0.12139423076923077
0 0.3701923076923077 0.39783653846153844 0.056490384615384616 0.10336538461538461
0 0.08653846153846154 0.40024038461538464 0.06971153846153846 0.12860576923076922
0 0.0733173076923077 0.11899038461538461 0.04447115384615385 0.06971153846153846
3 0.31971153846153844 0.3629807692307692 0.051682692307692304 0.06370192307692307
1 0.5745192307692307 0.7824519230769231 0.08052884615384616 0.16826923076923078
1 0.6574519230769231 0.8257211538461539 0.0625 0.1310096153846154
1 0.9411057692307693 0.5408653846153846 0.109375 0.15745192307692307