1 0.4254807692307692 0.15144230769230768 0.16826923076923078 0.13942307692307693
2 0.2283653846153846 0.5036057692307693 0.14903846153846154 0.21754807692307693
3 0.9254807692307693 0.8990384615384616 0.08413461538461539 0.11298076923076923
3 0.4675480769230769 0.6538461538461539 0.06370192307692307 0.13581730769230768
3 0.4362980769230769 0.5985576923076923 0.05048076923076923 0.09254807692307693
3 0.3894230769230769 0.7259615384615384 0.09375 0.1658653846153846
3 0.2848557692307692 0.7608173076923077 0.0889423076923077 0.11538461538461539
3 0.13341346153846154 0.8064903846153846 0.09134615384615384 0.1045673076923077
3 0.8966346153846154 0.6009615384615384 0.12860576923076922 0.15384615384615385
3 0.7415865384615384 0.5144230769230769 0.1045673076923077 0.14783653846153846
3 0.5709134615384616 0.10697115384615384 0.109375 0.1935096153846154
3 0.26802884615384615 0.08413461538461539 0.07091346153846154 0.0985576923076923
0 0.5600961538461539 0.2764423076923077 0.13221153846153846 0.18629807692307693
0 0.5348557692307693 0.5661057692307693 0.13701923076923078 0.21875
0 0.5853365384615384 0.6899038461538461 0.0733173076923077 0.11778846153846154
3 0.9555288461538461 0.40024038461538464 0.06129807692307692 0.09615384615384616
3 0.8233173076923077 0.8088942307692307 0.06490384615384616 0.07572115384615384