0 0.5240384615384616 0.9495192307692307 0.10576923076923077 0.09615384615384616
3 0.5348557692307693 0.30528846153846156 0.07451923076923077 0.1141826923076923
3 0.5300480769230769 0.3954326923076923 0.03125 0.052884615384615384
3 0.5612980769230769 0.4014423076923077 0.027644230769230768 0.05889423076923077
3 0.8966346153846154 0.25240384615384615 0.055288461538461536 0.09495192307692307
0 0.19831730769230768 0.8942307692307693 0.1310096153846154 0.21033653846153846
0 0.46153846153846156 0.2668269230769231 0.08052884615384616 0.1346153846153846
0 0.5132211538461539 0.13701923076923078 0.06850961538461539 0.1310096153846154
0 0.6045673076923077 0.31971153846153844 0.08653846153846154 0.15264423076923078
0 0.6045673076923077 0.06370192307692307 0.054086538461538464 0.1045673076923077
0 0.7079326923076923 0.0889423076923077 0.05048076923076923 0.08774038461538461