3 0.5637019230769231 0.3918269230769231 0.0733173076923077 0.10096153846153846
3 0.6322115384615384 0.4074519230769231 0.09254807692307693 0.15745192307692307
3 0.7175480769230769 0.390625 0.09735576923076923 0.1875
1 0.7295673076923077 0.10697115384615384 0.055288461538461536 0.140625
1 0.8137019230769231 0.5805288461538461 0.07692307692307693 0.3112980769230769
3 0.5793269230769231 0.53125 0.13341346153846154 0.25721153846153844
3 0.5012019230769231 0.7151442307692307 0.140625 0.3329326923076923
0 0.7716346153846154 0.9098557692307693 0.13221153846153846 0.17548076923076922
0 0.6057692307692307 0.7920673076923077 0.11899038461538461 0.22716346153846154
0 0.5600961538461539 0.9483173076923077 0.13341346153846154 0.0985576923076923
0 0.39302884615384615 0.9026442307692307 0.1141826923076923 0.18990384615384615
1 0.21875 0.6899038461538461 0.10096153846153846 0.328125
0 0.390625 0.6274038461538461 0.15144230769230768 0.24639423076923078
0 0.17067307692307693 0.9050480769230769 0.20192307692307693 0.18509615384615385
0 0.08173076923076923 0.7908653846153846 0.16105769230769232 0.2644230769230769
3 0.5012019230769231 0.2439903846153846 0.140625 0.2127403846153846
3 0.43028846153846156 0.13341346153846154 0.09735576923076923 0.0985576923076923
3 0.23317307692307693 0.08653846153846154 0.06490384615384616 0.04927884615384615
3 0.2608173076923077 0.02403846153846154 0.06009615384615385 0.042067307692307696
3 0.3449519230769231 0.1346153846153846 0.06370192307692307 0.08653846153846154