0 0.16947115384615385 0.3581730769230769 0.11057692307692307 0.16826923076923078
0 0.28125 0.7860576923076923 0.15144230769230768 0.234375
0 0.3557692307692308 0.12980769230769232 0.07692307692307693 0.11658653846153846
0 0.4987980769230769 0.09495192307692307 0.0829326923076923 0.12620192307692307
0 0.6478365384615384 0.0673076923076923 0.0733173076923077 0.1310096153846154
0 0.7307692307692307 0.15745192307692307 0.06850961538461539 0.12379807692307693
0 0.7620192307692307 0.35216346153846156 0.11057692307692307 0.21033653846153846
0 0.8088942307692307 0.5853365384615384 0.10697115384615384 0.18269230769230768
0 0.9399038461538461 0.6442307692307693 0.1045673076923077 0.15264423076923078
3 0.2980769230769231 0.2932692307692308 0.11899038461538461 0.1971153846153846
3 0.41466346153846156 0.8125 0.0985576923076923 0.1778846153846154
1 0.3942307692307692 0.6081730769230769 0.07692307692307693 0.18990384615384615
3 0.8233173076923077 0.7728365384615384 0.0733173076923077 0.15264423076923078