3 0.4483173076923077 0.7740384615384616 0.07451923076923077 0.1502403846153846
0 0.9122596153846154 0.10576923076923077 0.08413461538461539 0.15264423076923078
0 0.8389423076923077 0.33413461538461536 0.08052884615384616 0.15504807692307693
0 0.7788461538461539 0.5132211538461539 0.07451923076923077 0.15745192307692307
0 0.8317307692307693 0.6334134615384616 0.13221153846153846 0.2548076923076923
0 0.8605769230769231 0.9302884615384616 0.13221153846153846 0.13341346153846154
0 0.7127403846153846 0.7596153846153846 0.0733173076923077 0.17548076923076922
0 0.6670673076923077 0.6899038461538461 0.0733173076923077 0.140625
0 0.5925480769230769 0.6225961538461539 0.0625 0.11298076923076923
0 0.6057692307692307 0.9290865384615384 0.0829326923076923 0.13581730769230768
0 0.5625 0.9711538461538461 0.042067307692307696 0.051682692307692304
0 0.5120192307692307 0.9362980769230769 0.05889423076923077 0.09375
0 0.45913461538461536 0.9783653846153846 0.04807692307692308 0.039663461538461536
0 0.4831730769230769 0.703125 0.07091346153846154 0.10817307692307693
0 0.5288461538461539 0.5829326923076923 0.05048076923076923 0.09375
0 0.5420673076923077 0.4723557692307692 0.06850961538461539 0.11057692307692307
0 0.46634615384615385 0.5913461538461539 0.05889423076923077 0.10096153846153846
0 0.4723557692307692 0.4855769230769231 0.056490384615384616 0.08653846153846154
0 0.4411057692307692 0.4074519230769231 0.06850961538461539 0.10817307692307693
0 0.40024038461538464 0.47115384615384615 0.06129807692307692 0.11298076923076923
0 0.39663461538461536 0.5673076923076923 0.06370192307692307 0.11899038461538461
0 0.3449519230769231 0.44711538461538464 0.055288461538461536 0.08413461538461539
0 0.30528846153846156 0.3317307692307692 0.054086538461538464 0.08653846153846154
0 0.25841346153846156 0.32211538461538464 0.046875 0.08653846153846154
0 0.2824519230769231 0.4543269230769231 0.06129807692307692 0.10817307692307693
3 0.3137019230769231 0.5600961538461539 0.0625 0.09375
0 0.31971153846153844 0.6442307692307693 0.06850961538461539 0.12860576923076922
0 0.2692307692307692 0.6923076923076923 0.054086538461538464 0.10096153846153846
0 0.24879807692307693 0.7716346153846154 0.05048076923076923 0.10096153846153846
0 0.22235576923076922 0.890625 0.052884615384615384 0.10096153846153846
0 0.3557692307692308 0.9411057692307693 0.06129807692307692 0.10336538461538461
0 0.2536057692307692 0.9651442307692307 0.04807692307692308 0.06370192307692307
0 0.30408653846153844 0.9855769230769231 0.042067307692307696 0.025240384615384616
0 0.20192307692307693 0.765625 0.052884615384615384 0.0985576923076923
0 0.2247596153846154 0.6742788461538461 0.0625 0.0985576923076923
0 0.2536057692307692 0.5444711538461539 0.06850961538461539 0.10096153846153846
0 0.2091346153846154 0.5877403846153846 0.06009615384615385 0.09375
0 0.17668269230769232 0.7391826923076923 0.056490384615384616 0.09615384615384616
0 0.12740384615384615 0.6959134615384616 0.06610576923076923 0.12379807692307693
0 0.16346153846153846 0.5625 0.05048076923076923 0.09375
0 0.20552884615384615 0.4807692307692308 0.052884615384615384 0.09615384615384616
0 0.12259615384615384 0.8125 0.054086538461538464 0.12860576923076922
0 0.171875 0.8629807692307693 0.052884615384615384 0.13581730769230768
0 0.11057692307692307 0.9819711538461539 0.054086538461538464 0.03245192307692308
0 0.12620192307692307 0.9098557692307693 0.05889423076923077 0.09615384615384616