1 0.9206730769230769 0.7439903846153846 0.09615384615384616 0.11658653846153846
1 0.9170673076923077 0.8473557692307693 0.13701923076923078 0.1778846153846154
1 0.8942307692307693 0.9423076923076923 0.18629807692307693 0.11057692307692307
1 0.8834134615384616 0.2824519230769231 0.09495192307692307 0.07211538461538461
0 0.3173076923076923 0.14302884615384615 0.06009615384615385 0.07932692307692307
0 0.4266826923076923 0.039663461538461536 0.04326923076923077 0.06370192307692307
0 0.671875 0.11538461538461539 0.06850961538461539 0.11057692307692307
0 0.7391826923076923 0.08052884615384616 0.06610576923076923 0.11057692307692307
0 0.7740384615384616 0.27884615384615385 0.07692307692307693 0.15264423076923078
0 0.6598557692307693 0.2512019230769231 0.07211538461538461 0.1310096153846154
3 0.8088942307692307 0.4014423076923077 0.08653846153846154 0.09615384615384616
0 0.7259615384615384 0.4411057692307692 0.07692307692307693 0.140625
0 0.7211538461538461 0.703125 0.109375 0.1971153846153846
0 0.6634615384615384 0.8665865384615384 0.12860576923076922 0.23677884615384615
0 0.5540865384615384 0.9338942307692307 0.12259615384615384 0.12860576923076922