1 0.09615384615384616 0.8798076923076923 0.1346153846153846 0.234375
2 0.171875 0.8701923076923077 0.12379807692307693 0.16105769230769232
2 0.18389423076923078 0.9447115384615384 0.11658653846153846 0.10576923076923077
2 0.0889423076923077 0.6971153846153846 0.10817307692307693 0.15504807692307693
1 0.17668269230769232 0.39783653846153844 0.12860576923076922 0.11298076923076923
0 0.09735576923076923 0.48197115384615385 0.125 0.15264423076923078
0 0.16947115384615385 0.5709134615384616 0.08653846153846154 0.13341346153846154
0 0.24278846153846154 0.5817307692307693 0.09495192307692307 0.12620192307692307
0 0.22115384615384615 0.47115384615384615 0.10096153846153846 0.15264423076923078
0 0.16346153846153846 0.7103365384615384 0.13581730769230768 0.14543269230769232
0 0.3161057692307692 0.5168269230769231 0.08653846153846154 0.16105769230769232
0 0.3016826923076923 0.7632211538461539 0.1141826923076923 0.21754807692307693
0 0.3737980769230769 0.7391826923076923 0.08653846153846154 0.21995192307692307
2 0.36899038461538464 0.5841346153846154 0.09615384615384616 0.16105769230769232
2 0.4495192307692308 0.4639423076923077 0.12860576923076922 0.20192307692307693
1 0.40625 0.37740384615384615 0.11298076923076923 0.1778846153846154
1 0.4831730769230769 0.7668269230769231 0.171875 0.37740384615384615
1 0.5108173076923077 0.6862980769230769 0.06971153846153846 0.2860576923076923
2 0.5961538461538461 0.640625 0.12740384615384615 0.22956730769230768
2 0.6778846153846154 0.7451923076923077 0.11057692307692307 0.27163461538461536
0 0.7439903846153846 0.8822115384615384 0.140625 0.19951923076923078
2 0.6370192307692307 0.5084134615384616 0.1141826923076923 0.15264423076923078
2 0.6875 0.41346153846153844 0.09975961538461539 0.17067307692307693
2 0.8545673076923077 0.2764423076923077 0.11538461538461539 0.10336538461538461
0 0.7836538461538461 0.6826923076923077 0.14182692307692307 0.2548076923076923
0 0.8581730769230769 0.5805288461538461 0.13942307692307693 0.22716346153846154
1 0.9122596153846154 0.4230769230769231 0.08653846153846154 0.140625
2 0.9254807692307693 0.6045673076923077 0.06009615384615385 0.22235576923076922
2 0.96875 0.6682692307692307 0.06009615384615385 0.21995192307692307
2 0.7692307692307693 0.3389423076923077 0.10576923076923077 0.17067307692307693
2 0.8221153846153846 0.44471153846153844 0.09014423076923077 0.13341346153846154
2 0.9663461538461539 0.46274038461538464 0.06370192307692307 0.09615384615384616
0 0.8978365384615384 0.12860576923076922 0.08173076923076923 0.11899038461538461
0 0.9555288461538461 0.28966346153846156 0.07451923076923077 0.14543269230769232
1 0.9663461538461539 0.1622596153846154 0.06490384615384616 0.15504807692307693
2 0.5072115384615384 0.10336538461538461 0.09254807692307693 0.12860576923076922