0 0.4266826923076923 0.14903846153846154 0.027644230769230768 0.06129807692307692
0 0.13221153846153846 0.28846153846153844 0.06610576923076923 0.11538461538461539
0 0.7079326923076923 0.36538461538461536 0.04927884615384615 0.08173076923076923
0 0.734375 0.33413461538461536 0.040865384615384616 0.07211538461538461
0 0.8882211538461539 0.35216346153846156 0.09254807692307693 0.1310096153846154
0 0.9362980769230769 0.22716346153846154 0.10096153846153846 0.12139423076923077
0 0.8425480769230769 0.22115384615384615 0.038461538461538464 0.06009615384615385
0 0.8798076923076923 0.21875 0.027644230769230768 0.054086538461538464
0 0.734375 0.2692307692307692 0.027644230769230768 0.046875
0 0.7283653846153846 0.18990384615384615 0.03245192307692308 0.04927884615384615
0 0.7860576923076923 0.15264423076923078 0.03365384615384615 0.04567307692307692
0 0.5192307692307693 0.5456730769230769 0.04326923076923077 0.07932692307692307
3 0.9122596153846154 0.6021634615384616 0.10216346153846154 0.17307692307692307