3 0.8137019230769231 0.7175480769230769 0.037259615384615384 0.06009615384615385
3 0.703125 0.35336538461538464 0.027644230769230768 0.04447115384615385
3 0.7007211538461539 0.9302884615384616 0.036057692307692304 0.05889423076923077
3 0.6682692307692307 0.8882211538461539 0.046875 0.06610576923076923
3 0.6838942307692307 0.5360576923076923 0.03485576923076923 0.06009615384615385
3 0.3125 0.234375 0.04447115384615385 0.06610576923076923
3 0.4795673076923077 0.3954326923076923 0.02403846153846154 0.040865384615384616
3 0.16826923076923078 0.3233173076923077 0.027644230769230768 0.040865384615384616
3 0.27403846153846156 0.12860576923076922 0.039663461538461536 0.06129807692307692
3 0.28846153846153844 0.04927884615384615 0.040865384615384616 0.04807692307692308
3 0.2668269230769231 0.40384615384615385 0.038461538461538464 0.03125
3 0.3605769230769231 0.4723557692307692 0.026442307692307692 0.042067307692307696
3 0.3629807692307692 0.6670673076923077 0.042067307692307696 0.039663461538461536
3 0.4375 0.5108173076923077 0.019230769230769232 0.04326923076923077
3 0.4963942307692308 0.625 0.042067307692307696 0.055288461538461536
3 0.5120192307692307 0.546875 0.03485576923076923 0.054086538461538464
3 0.5600961538461539 0.49399038461538464 0.04326923076923077 0.08413461538461539