1 0.5841346153846154 0.8449519230769231 0.10336538461538461 0.2403846153846154
3 0.890625 0.8076923076923077 0.08774038461538461 0.14423076923076922
3 0.8016826923076923 0.7463942307692307 0.11177884615384616 0.0889423076923077
3 0.7223557692307693 0.8353365384615384 0.18028846153846154 0.30408653846153844
3 0.5600961538461539 0.7007211538461539 0.10216346153846154 0.10817307692307693
3 0.9723557692307693 0.47115384615384615 0.05048076923076923 0.1201923076923077
3 0.5961538461538461 0.30288461538461536 0.078125 0.125
3 0.6514423076923077 0.23197115384615385 0.07572115384615384 0.08173076923076923
3 0.6766826923076923 0.08653846153846154 0.07211538461538461 0.12740384615384615
3 0.34615384615384615 0.09615384615384616 0.039663461538461536 0.056490384615384616
3 0.4266826923076923 0.22716346153846154 0.051682692307692304 0.09014423076923077
3 0.3269230769230769 0.5552884615384616 0.0625 0.08653846153846154
3 0.23317307692307693 0.4338942307692308 0.09975961538461539 0.15745192307692307
3 0.030048076923076924 0.8365384615384616 0.056490384615384616 0.15985576923076922
3 0.08413461538461539 0.5961538461538461 0.0673076923076923 0.09375
3 0.17668269230769232 0.24879807692307693 0.09014423076923077 0.11899038461538461
3 0.38822115384615385 0.1201923076923077 0.03125 0.056490384615384616
3 0.2704326923076923 0.1346153846153846 0.054086538461538464 0.06009615384615385
3 0.028846153846153848 0.40024038461538464 0.04927884615384615 0.08653846153846154