3 0.17307692307692307 0.13701923076923078 0.037259615384615384 0.06490384615384616
3 0.2668269230769231 0.09975961538461539 0.027644230769230768 0.06610576923076923
3 0.328125 0.32211538461538464 0.038461538461538464 0.055288461538461536
3 0.34975961538461536 0.06610576923076923 0.016826923076923076 0.046875
1 0.32091346153846156 0.1935096153846154 0.027644230769230768 0.08533653846153846
0 0.35096153846153844 0.19471153846153846 0.04447115384615385 0.09014423076923077
3 0.6213942307692307 0.27163461538461536 0.03365384615384615 0.057692307692307696
3 0.8401442307692307 0.3161057692307692 0.03365384615384615 0.051682692307692304
3 0.8509615384615384 0.36177884615384615 0.040865384615384616 0.039663461538461536
3 0.7980769230769231 0.671875 0.038461538461538464 0.07091346153846154
3 0.8629807692307693 0.5600961538461539 0.03365384615384615 0.05048076923076923
3 0.9314903846153846 0.4182692307692308 0.037259615384615384 0.036057692307692304
3 0.9519230769230769 0.5036057692307693 0.04927884615384615 0.051682692307692304
3 0.37259615384615385 0.4879807692307692 0.009615384615384616 0.07211538461538461
3 0.5144230769230769 0.546875 0.04447115384615385 0.06009615384615385
1 0.34975961538461536 0.8557692307692307 0.09975961538461539 0.12139423076923077
3 0.7091346153846154 0.8004807692307693 0.06129807692307692 0.078125
3 0.8485576923076923 0.8581730769230769 0.05048076923076923 0.09495192307692307
3 0.9783653846153846 0.859375 0.038461538461538464 0.0889423076923077