0 0.9050480769230769 0.8725961538461539 0.0829326923076923 0.109375
3 0.9567307692307693 0.25961538461538464 0.08533653846153846 0.0985576923076923
3 0.8617788461538461 0.12740384615384615 0.07572115384615384 0.06850961538461539
3 0.6935096153846154 0.15144230769230768 0.08052884615384616 0.07692307692307693
3 0.5564903846153846 0.05048076923076923 0.03485576923076923 0.05889423076923077
3 0.43990384615384615 0.027644230769230768 0.03365384615384615 0.052884615384615384
3 0.32091346153846156 0.4014423076923077 0.02283653846153846 0.040865384615384616
3 0.4735576923076923 0.4987980769230769 0.037259615384615384 0.025240384615384616
3 0.5685096153846154 0.6286057692307693 0.06490384615384616 0.05048076923076923
3 0.5348557692307693 0.6730769230769231 0.0625 0.057692307692307696
3 0.4411057692307692 0.7427884615384616 0.06610576923076923 0.0889423076923077
3 0.46875 0.5757211538461539 0.037259615384615384 0.04567307692307692
3 0.27524038461538464 0.11658653846153846 0.028846153846153848 0.04447115384615385