3 0.055288461538461536 0.4951923076923077 0.02403846153846154 0.06850961538461539
3 0.3798076923076923 0.40384615384615385 0.05048076923076923 0.07091346153846154
3 0.5108173076923077 0.40024038461538464 0.057692307692307696 0.052884615384615384
3 0.5913461538461539 0.3425480769230769 0.0625 0.040865384615384616
3 0.5612980769230769 0.5372596153846154 0.08173076923076923 0.13942307692307693
0 0.38221153846153844 0.28125 0.06009615384615385 0.06610576923076923
0 0.41947115384615385 0.34134615384615385 0.040865384615384616 0.07572115384615384
3 0.6538461538461539 0.038461538461538464 0.04447115384615385 0.03365384615384615
3 0.8353365384615384 0.1778846153846154 0.03245192307692308 0.05048076923076923
3 0.90625 0.9483173076923077 0.04807692307692308 0.10216346153846154
3 0.5637019230769231 0.9627403846153846 0.04567307692307692 0.0733173076923077