3 0.5721153846153846 0.4110576923076923 0.02403846153846154 0.04326923076923077
3 0.5384615384615384 0.38822115384615385 0.018028846153846152 0.036057692307692304
3 0.39302884615384615 0.5721153846153846 0.02283653846153846 0.03365384615384615
3 0.5204326923076923 0.5649038461538461 0.037259615384615384 0.07692307692307693
3 0.5228365384615384 0.6262019230769231 0.03485576923076923 0.06129807692307692
1 0.421875 0.6850961538461539 0.03365384615384615 0.039663461538461536
3 0.42908653846153844 0.7199519230769231 0.02403846153846154 0.03485576923076923
3 0.2536057692307692 0.9122596153846154 0.039663461538461536 0.06971153846153846
3 0.10697115384615384 0.671875 0.030048076923076924 0.025240384615384616
3 0.06850961538461539 0.7199519230769231 0.042067307692307696 0.046875
3 0.13942307692307693 0.7403846153846154 0.039663461538461536 0.06129807692307692
3 0.09735576923076923 0.7536057692307693 0.018028846153846152 0.021634615384615384
3 0.0829326923076923 0.8221153846153846 0.018028846153846152 0.03125
3 0.25 0.6598557692307693 0.020432692307692308 0.026442307692307692
3 0.20552884615384615 0.6646634615384616 0.030048076923076924 0.03245192307692308