3 0.6334134615384616 0.4483173076923077 0.030048076923076924 0.06490384615384616
0 0.4423076923076923 0.24278846153846154 0.057692307692307696 0.08533653846153846
0 0.4723557692307692 0.38461538461538464 0.04567307692307692 0.0889423076923077
0 0.2091346153846154 0.44350961538461536 0.06009615384615385 0.08653846153846154
0 0.20072115384615385 0.609375 0.09375 0.12740384615384615
0 0.37259615384615385 0.9038461538461539 0.054086538461538464 0.10216346153846154
0 0.6418269230769231 0.5528846153846154 0.05889423076923077 0.0985576923076923
0 0.7860576923076923 0.7391826923076923 0.04567307692307692 0.07091346153846154
0 0.7944711538461539 0.8305288461538461 0.055288461538461536 0.10817307692307693
0 0.5528846153846154 0.8485576923076923 0.04927884615384615 0.09495192307692307
0 0.7139423076923077 0.40024038461538464 0.02403846153846154 0.04447115384615385
0 0.7644230769230769 0.39663461538461536 0.020432692307692308 0.03485576923076923
0 0.828125 0.45072115384615385 0.019230769230769232 0.038461538461538464