3 0.6358173076923077 0.3389423076923077 0.026442307692307692 0.042067307692307696
3 0.6622596153846154 0.21634615384615385 0.03245192307692308 0.03245192307692308
3 0.7127403846153846 0.1875 0.02403846153846154 0.026442307692307692
3 0.8401442307692307 0.296875 0.038461538461538464 0.054086538461538464
3 0.7836538461538461 0.2704326923076923 0.04447115384615385 0.0625
3 0.31971153846153844 0.8137019230769231 0.03245192307692308 0.05048076923076923
3 0.5540865384615384 0.5516826923076923 0.04326923076923077 0.05889423076923077
1 0.38221153846153844 0.5661057692307693 0.036057692307692304 0.03125
3 0.3016826923076923 0.6478365384615384 0.03125 0.027644230769230768
3 0.328125 0.31490384615384615 0.025240384615384616 0.04447115384615385
3 0.2920673076923077 0.2536057692307692 0.025240384615384616 0.037259615384615384
0 0.6622596153846154 0.7067307692307693 0.07692307692307693 0.125