3 0.7271634615384616 0.4519230769230769 0.0673076923076923 0.11658653846153846
3 0.6706730769230769 0.3173076923076923 0.04927884615384615 0.10096153846153846
3 0.7896634615384616 0.390625 0.04807692307692308 0.05048076923076923
3 0.4891826923076923 0.9387019230769231 0.04807692307692308 0.09495192307692307
3 0.4519230769230769 0.5889423076923077 0.054086538461538464 0.07091346153846154
3 0.2247596153846154 0.6550480769230769 0.07692307692307693 0.10216346153846154
0 0.6826923076923077 0.38341346153846156 0.039663461538461536 0.05889423076923077
0 0.9242788461538461 0.59375 0.1466346153846154 0.13942307692307693
0 0.9651442307692307 0.3629807692307692 0.06850961538461539 0.11057692307692307
0 0.9254807692307693 0.26802884615384615 0.10576923076923077 0.08533653846153846
0 0.7319711538461539 0.3293269230769231 0.051682692307692304 0.06129807692307692
0 0.6550480769230769 0.47716346153846156 0.057692307692307696 0.0829326923076923
0 0.6189903846153846 0.6334134615384616 0.0625 0.08774038461538461
0 0.578125 0.7379807692307693 0.07451923076923077 0.09975961538461539
0 0.46274038461538464 0.5096153846153846 0.078125 0.10216346153846154
0 0.17427884615384615 0.7235576923076923 0.08173076923076923 0.11658653846153846
0 0.24879807692307693 0.7415865384615384 0.11658653846153846 0.1141826923076923