2 0.96875 0.5180288461538461 0.057692307692307696 0.06971153846153846
3 0.9314903846153846 0.3942307692307692 0.09014423076923077 0.08653846153846154
2 0.8930288461538461 0.5625 0.051682692307692304 0.06370192307692307
2 0.8257211538461539 0.578125 0.0733173076923077 0.07932692307692307
2 0.7572115384615384 0.6153846153846154 0.02403846153846154 0.028846153846153848
2 0.7103365384615384 0.6033653846153846 0.055288461538461536 0.05889423076923077
2 0.8930288461538461 0.8485576923076923 0.07572115384615384 0.1201923076923077
2 0.8245192307692307 0.7560096153846154 0.03125 0.038461538461538464
2 0.7716346153846154 0.7788461538461539 0.0673076923076923 0.09375
2 0.4963942307692308 0.609375 0.03365384615384615 0.036057692307692304
2 0.09975961538461539 0.27163461538461536 0.03365384615384615 0.054086538461538464
2 0.4338942307692308 0.4639423076923077 0.04567307692307692 0.052884615384615384
2 0.5552884615384616 0.390625 0.036057692307692304 0.042067307692307696
3 0.5336538461538461 0.9879807692307693 0.038461538461538464 0.019230769230769232