1 0.43509615384615385 0.8016826923076923 0.02283653846153846 0.036057692307692304
2 0.375 0.75 0.019230769230769232 0.03485576923076923
2 0.38221153846153844 0.8064903846153846 0.020432692307692308 0.028846153846153848
0 0.3317307692307692 0.5540865384615384 0.020432692307692308 0.04326923076923077
0 0.3076923076923077 0.6033653846153846 0.021634615384615384 0.04447115384615385
0 0.29927884615384615 0.5588942307692307 0.020432692307692308 0.040865384615384616
0 0.3137019230769231 0.5180288461538461 0.019230769230769232 0.04927884615384615
0 0.30288461538461536 0.4855769230769231 0.019230769230769232 0.037259615384615384
0 0.29927884615384615 0.6766826923076923 0.020432692307692308 0.040865384615384616
0 0.3485576923076923 0.4807692307692308 0.021634615384615384 0.051682692307692304
0 0.3605769230769231 0.49759615384615385 0.02403846153846154 0.04447115384615385
0 0.3545673076923077 0.5841346153846154 0.019230769230769232 0.038461538461538464
0 0.3485576923076923 0.6286057692307693 0.02283653846153846 0.051682692307692304
0 0.3269230769230769 0.6658653846153846 0.019230769230769232 0.04567307692307692
0 0.36177884615384615 0.7139423076923077 0.02283653846153846 0.04807692307692308
0 0.38461538461538464 0.6826923076923077 0.020432692307692308 0.042067307692307696
0 0.3762019230769231 0.6430288461538461 0.027644230769230768 0.052884615384615384
0 0.3858173076923077 0.5829326923076923 0.026442307692307692 0.05048076923076923
0 0.4182692307692308 0.5564903846153846 0.025240384615384616 0.055288461538461536
0 0.4266826923076923 0.6153846153846154 0.020432692307692308 0.046875
0 0.41947115384615385 0.671875 0.02403846153846154 0.056490384615384616
0 0.45072115384615385 0.671875 0.027644230769230768 0.06009615384615385
1 0.4519230769230769 0.5817307692307693 0.027644230769230768 0.054086538461538464
0 0.4807692307692308 0.5600961538461539 0.028846153846153848 0.057692307692307696
0 0.5396634615384616 0.6189903846153846 0.038461538461538464 0.07091346153846154
0 0.5024038461538461 0.49759615384615385 0.02283653846153846 0.052884615384615384
0 0.484375 0.4423076923076923 0.03485576923076923 0.06971153846153846
0 0.5216346153846154 0.39663461538461536 0.037259615384615384 0.07211538461538461
0 0.5300480769230769 0.4807692307692308 0.027644230769230768 0.0625
0 0.5805288461538461 0.5 0.03485576923076923 0.0829326923076923
0 0.5973557692307693 0.44471153846153844 0.03485576923076923 0.07451923076923077
0 0.6850961538461539 0.3737980769230769 0.04447115384615385 0.08413461538461539
1 0.6141826923076923 0.27163461538461536 0.040865384615384616 0.07932692307692307
1 0.8389423076923077 0.18509615384615385 0.030048076923076924 0.054086538461538464
1 0.7728365384615384 0.22235576923076922 0.02283653846153846 0.036057692307692304
1 0.7908653846153846 0.039663461538461536 0.046875 0.036057692307692304
1 0.6911057692307693 0.4723557692307692 0.054086538461538464 0.06009615384615385
3 0.3954326923076923 0.9002403846153846 0.051682692307692304 0.12259615384615384
3 0.4735576923076923 0.84375 0.06850961538461539 0.23798076923076922
3 0.6165865384615384 0.8028846153846154 0.021634615384615384 0.051682692307692304
3 0.6875 0.8293269230769231 0.054086538461538464 0.07572115384615384
3 0.5829326923076923 0.7740384615384616 0.021634615384615384 0.038461538461538464
2 0.8882211538461539 0.8846153846153846 0.04807692307692308 0.0673076923076923
2 0.6694711538461539 0.21995192307692307 0.027644230769230768 0.03365384615384615
3 0.4074519230769231 0.4326923076923077 0.03245192307692308 0.06850961538461539