3 0.08653846153846154 0.30288461538461536 0.03245192307692308 0.046875
3 0.03245192307692308 0.30288461538461536 0.03365384615384615 0.052884615384615384
3 0.2692307692307692 0.5336538461538461 0.056490384615384616 0.07091346153846154
3 0.4182692307692308 0.6237980769230769 0.04927884615384615 0.08052884615384616
3 0.5961538461538461 0.5817307692307693 0.04927884615384615 0.0625
3 0.6790865384615384 0.7403846153846154 0.04807692307692308 0.0733173076923077
3 0.6670673076923077 0.9519230769230769 0.057692307692307696 0.08653846153846154
1 0.09615384615384616 0.7319711538461539 0.042067307692307696 0.0625
3 0.039663461538461536 0.7283653846153846 0.056490384615384616 0.07091346153846154
2 0.9110576923076923 0.8221153846153846 0.037259615384615384 0.06129807692307692
3 0.8389423076923077 0.8846153846153846 0.056490384615384616 0.08653846153846154