2 0.9399038461538461 0.59375 0.056490384615384616 0.05889423076923077
2 0.7475961538461539 0.6995192307692307 0.02283653846153846 0.026442307692307692
2 0.7007211538461539 0.6862980769230769 0.05889423076923077 0.07451923076923077
2 0.11538461538461539 0.39783653846153844 0.028846153846153848 0.051682692307692304
2 0.5084134615384616 0.7103365384615384 0.030048076923076924 0.03485576923076923
2 0.765625 0.8605769230769231 0.06129807692307692 0.09735576923076923
2 0.8112980769230769 0.8353365384615384 0.026442307692307692 0.04447115384615385
2 0.8774038461538461 0.921875 0.0673076923076923 0.11298076923076923
2 0.8076923076923077 0.6610576923076923 0.0625 0.078125
2 0.8713942307692307 0.6418269230769231 0.052884615384615384 0.05889423076923077
3 0.8978365384615384 0.48677884615384615 0.07572115384615384 0.09254807692307693
2 0.44471153846153844 0.5769230769230769 0.04567307692307692 0.04927884615384615