2 0.4206730769230769 0.8125 0.037259615384615384 0.046875
2 0.36899038461538464 0.6935096153846154 0.052884615384615384 0.09495192307692307
0 0.4723557692307692 0.9495192307692307 0.09014423076923077 0.09975961538461539
0 0.5444711538461539 0.9086538461538461 0.057692307692307696 0.1201923076923077
0 0.5865384615384616 0.8822115384615384 0.0673076923076923 0.11658653846153846
0 0.49399038461538464 0.78125 0.07692307692307693 0.13221153846153846
0 0.5661057692307693 0.7764423076923077 0.07211538461538461 0.12259615384615384
0 0.49759615384615385 0.6670673076923077 0.0829326923076923 0.12379807692307693
0 0.6117788461538461 0.6802884615384616 0.07451923076923077 0.12740384615384615
1 0.5949519230769231 0.6442307692307693 0.12379807692307693 0.14302884615384615
0 0.6706730769230769 0.6538461538461539 0.06490384615384616 0.10336538461538461
0 0.7127403846153846 0.5949519230769231 0.08173076923076923 0.11658653846153846
0 0.78125 0.5793269230769231 0.054086538461538464 0.09615384615384616
0 0.8100961538461539 0.5288461538461539 0.04927884615384615 0.09615384615384616
0 0.5432692307692307 0.5336538461538461 0.0673076923076923 0.11057692307692307
0 0.6622596153846154 0.32572115384615385 0.057692307692307696 0.09014423076923077
0 0.7704326923076923 0.2932692307692308 0.056490384615384616 0.109375
0 0.18870192307692307 0.20072115384615385 0.04447115384615385 0.08052884615384616
0 0.21875 0.13822115384615385 0.046875 0.09254807692307693
0 0.265625 0.0889423076923077 0.051682692307692304 0.09615384615384616
1 0.3088942307692308 0.2536057692307692 0.04807692307692308 0.1310096153846154
3 0.9519230769230769 0.8016826923076923 0.09495192307692307 0.13822115384615385