0 0.8533653846153846 0.9375 0.13341346153846154 0.12379807692307693
0 0.9807692307692307 0.9146634615384616 0.03365384615384615 0.1658653846153846
0 0.9338942307692307 0.8774038461538461 0.11177884615384616 0.19110576923076922
1 0.8990384615384616 0.8064903846153846 0.18028846153846154 0.14543269230769232
0 0.7391826923076923 0.9038461538461539 0.12740384615384615 0.1875
0 0.7620192307692307 0.7584134615384616 0.11658653846153846 0.21634615384615385
0 0.8413461538461539 0.6069711538461539 0.12620192307692307 0.18509615384615385
1 0.5180288461538461 0.125 0.04447115384615385 0.17908653846153846
2 0.5564903846153846 0.7043269230769231 0.06490384615384616 0.12139423076923077
2 0.6201923076923077 0.9170673076923077 0.04807692307692308 0.06129807692307692
2 0.6694711538461539 0.7259615384615384 0.040865384615384616 0.04927884615384615
2 0.6694711538461539 0.0733173076923077 0.042067307692307696 0.055288461538461536