2 0.8942307692307693 0.17427884615384615 0.03485576923076923 0.06971153846153846
2 0.7331730769230769 0.1310096153846154 0.03245192307692308 0.040865384615384616
2 0.5733173076923077 0.39903846153846156 0.03365384615384615 0.038461538461538464
2 0.9242788461538461 0.43990384615384615 0.0673076923076923 0.05889423076923077
2 0.30649038461538464 0.5973557692307693 0.02283653846153846 0.04447115384615385
2 0.296875 0.6382211538461539 0.030048076923076924 0.056490384615384616
2 0.16105769230769232 0.6478365384615384 0.025240384615384616 0.03125
3 0.453125 0.3605769230769231 0.03485576923076923 0.042067307692307696
3 0.39302884615384615 0.453125 0.04447115384615385 0.08052884615384616
3 0.4411057692307692 0.47115384615384615 0.054086538461538464 0.08052884615384616
3 0.39302884615384615 0.5865384615384616 0.055288461538461536 0.09014423076923077
3 0.27163461538461536 0.6310096153846154 0.04326923076923077 0.06370192307692307
1 0.234375 0.6009615384615384 0.028846153846153848 0.05889423076923077
0 0.9663461538461539 0.22956730769230768 0.06370192307692307 0.09134615384615384
0 0.9290865384615384 0.1658653846153846 0.056490384615384616 0.11538461538461539
3 0.8161057692307693 0.40024038461538464 0.125 0.09495192307692307
3 0.9483173076923077 0.9194711538461539 0.0985576923076923 0.15625
3 0.49759615384615385 0.7944711538461539 0.12259615384615384 0.23317307692307693