0 0.96875 0.8461538461538461 0.057692307692307696 0.19230769230769232
0 0.8978365384615384 0.8605769230769231 0.10576923076923077 0.18389423076923078
0 0.8209134615384616 0.9278846153846154 0.11778846153846154 0.14302884615384615
0 0.7163461538461539 0.8966346153846154 0.1201923076923077 0.20192307692307693
0 0.734375 0.7451923076923077 0.10336538461538461 0.1875
0 0.8173076923076923 0.6021634615384616 0.109375 0.17908653846153846
0 0.9807692307692307 0.38221153846153844 0.037259615384615384 0.12860576923076922
1 0.8653846153846154 0.7896634615384616 0.16105769230769232 0.13581730769230768
1 0.5072115384615384 0.13221153846153846 0.042067307692307696 0.16706730769230768
2 0.5456730769230769 0.6983173076923077 0.0625 0.11658653846153846
2 0.6021634615384616 0.8942307692307693 0.04447115384615385 0.056490384615384616
2 0.6502403846153846 0.7139423076923077 0.038461538461538464 0.046875
2 0.6550480769230769 0.07932692307692307 0.042067307692307696 0.055288461538461536