1 0.45072115384615385 0.10697115384615384 0.026442307692307692 0.036057692307692304
2 0.38341346153846156 0.30649038461538464 0.027644230769230768 0.038461538461538464
0 0.07091346153846154 0.8449519230769231 0.046875 0.0733173076923077
0 0.23918269230769232 0.6526442307692307 0.040865384615384616 0.07211538461538461
0 0.3016826923076923 0.6514423076923077 0.038461538461538464 0.06610576923076923
0 0.2704326923076923 0.5745192307692307 0.039663461538461536 0.078125
0 0.36538461538461536 0.7680288461538461 0.04927884615384615 0.09375
0 0.36538461538461536 0.6310096153846154 0.04326923076923077 0.08173076923076923
0 0.3737980769230769 0.5673076923076923 0.038461538461538464 0.07451923076923077
0 0.4387019230769231 0.4230769230769231 0.040865384615384616 0.078125
1 0.3425480769230769 0.38341346153846156 0.028846153846153848 0.09495192307692307
1 0.46875 0.5108173076923077 0.056490384615384616 0.06009615384615385
3 0.609375 0.8088942307692307 0.054086538461538464 0.07091346153846154
2 0.7920673076923077 0.6814903846153846 0.04567307692307692 0.0625
3 0.47716346153846156 0.8762019230769231 0.026442307692307692 0.03245192307692308
3 0.5252403846153846 0.8713942307692307 0.037259615384615384 0.06009615384615385
1 0.4807692307692308 0.2512019230769231 0.02403846153846154 0.03245192307692308
1 0.5240384615384616 0.18870192307692307 0.036057692307692304 0.04447115384615385
2 0.5204326923076923 0.08173076923076923 0.02283653846153846 0.04326923076923077