2 0.5348557692307693 0.20673076923076922 0.04567307692307692 0.09254807692307693
2 0.5168269230769231 0.17668269230769232 0.039663461538461536 0.09375
2 0.25961538461538464 0.19951923076923078 0.036057692307692304 0.06850961538461539
2 0.18389423076923078 0.46875 0.040865384615384616 0.08052884615384616
2 0.09014423076923077 0.6526442307692307 0.04447115384615385 0.07932692307692307
2 0.20192307692307693 0.5793269230769231 0.056490384615384616 0.11298076923076923
2 0.5817307692307693 0.38221153846153844 0.109375 0.13221153846153846
2 0.6574519230769231 0.44591346153846156 0.13341346153846154 0.2247596153846154
2 0.40384615384615385 0.6574519230769231 0.046875 0.06490384615384616
2 0.38461538461538464 0.6286057692307693 0.06971153846153846 0.1141826923076923
2 0.375 0.7920673076923077 0.10576923076923077 0.203125
2 0.5877403846153846 0.7776442307692307 0.06490384615384616 0.13341346153846154
2 0.5685096153846154 0.9254807692307693 0.08413461538461539 0.14783653846153846