1 0.8365384615384616 0.421875 0.04927884615384615 0.036057692307692304
3 0.7536057692307693 0.2956730769230769 0.025240384615384616 0.04326923076923077
3 0.9242788461538461 0.27524038461538464 0.04447115384615385 0.037259615384615384
3 0.6033653846153846 0.4050480769230769 0.038461538461538464 0.040865384615384616
3 0.2956730769230769 0.5384615384615384 0.03245192307692308 0.04326923076923077
3 0.3545673076923077 0.5480769230769231 0.03365384615384615 0.04807692307692308
3 0.44471153846153844 0.41947115384615385 0.038461538461538464 0.04326923076923077
2 0.7439903846153846 0.6069711538461539 0.03245192307692308 0.04567307692307692
2 0.7019230769230769 0.9338942307692307 0.040865384615384616 0.051682692307692304
2 0.7235576923076923 0.9795673076923077 0.03365384615384615 0.036057692307692304
2 0.859375 0.7956730769230769 0.052884615384615384 0.07932692307692307
2 0.8100961538461539 0.7163461538461539 0.036057692307692304 0.04807692307692308
2 0.9254807692307693 0.796875 0.03365384615384615 0.05889423076923077
2 0.9387019230769231 0.9699519230769231 0.057692307692307696 0.05889423076923077
2 0.8677884615384616 0.8834134615384616 0.05048076923076923 0.0733173076923077
2 0.7920673076923077 0.9771634615384616 0.04567307692307692 0.040865384615384616
2 0.6826923076923077 0.8209134615384616 0.037259615384615384 0.052884615384615384
0 0.5961538461538461 0.6875 0.037259615384615384 0.0673076923076923
1 0.5661057692307693 0.8485576923076923 0.046875 0.1141826923076923
3 0.4675480769230769 0.5168269230769231 0.046875 0.0625
3 0.35697115384615385 0.7367788461538461 0.07211538461538461 0.11298076923076923