2 0.9759615384615384 0.42427884615384615 0.046875 0.056490384615384616
2 0.8858173076923077 0.7367788461538461 0.08533653846153846 0.13221153846153846
2 0.8112980769230769 0.6382211538461539 0.037259615384615384 0.04447115384615385
2 0.7584134615384616 0.6526442307692307 0.07091346153846154 0.0985576923076923
2 0.8990384615384616 0.46153846153846156 0.05889423076923077 0.06610576923076923
2 0.8233173076923077 0.4675480769230769 0.08173076923076923 0.07692307692307693
2 0.75 0.49759615384615385 0.026442307692307692 0.030048076923076924
2 0.6971153846153846 0.4723557692307692 0.06490384615384616 0.08052884615384616
2 0.48677884615384615 0.8725961538461539 0.05889423076923077 0.08653846153846154
2 0.08653846153846154 0.13701923076923078 0.037259615384615384 0.057692307692307696
2 0.4723557692307692 0.4735576923076923 0.037259615384615384 0.03485576923076923
2 0.4182692307692308 0.3401442307692308 0.05048076923076923 0.052884615384615384
2 0.5528846153846154 0.2704326923076923 0.04567307692307692 0.040865384615384616
3 0.9507211538461539 0.2932692307692308 0.09375 0.08173076923076923