1 0.39663461538461536 0.4411057692307692 0.056490384615384616 0.052884615384615384
2 0.6442307692307693 0.2608173076923077 0.030048076923076924 0.052884615384615384
2 0.7487980769230769 0.2620192307692308 0.030048076923076924 0.046875
2 0.027644230769230768 0.6598557692307693 0.055288461538461536 0.0985576923076923
2 0.3004807692307692 0.5504807692307693 0.09375 0.11538461538461539
2 0.3557692307692308 0.5841346153846154 0.036057692307692304 0.06009615384615385
2 0.41466346153846156 0.6574519230769231 0.07091346153846154 0.11177884615384616
2 0.35697115384615385 0.8221153846153846 0.06009615384615385 0.10697115384615384
2 0.6802884615384616 0.953125 0.11298076923076923 0.09134615384615384
2 0.7139423076923077 0.7247596153846154 0.08653846153846154 0.14423076923076922
2 0.8197115384615384 0.8209134615384616 0.09254807692307693 0.16346153846153846
2 0.9314903846153846 0.9206730769230769 0.13221153846153846 0.15384615384615385
2 0.8858173076923077 0.5324519230769231 0.0625 0.08533653846153846
2 0.9411057692307693 0.5600961538461539 0.08533653846153846 0.11057692307692307
2 0.8485576923076923 0.5540865384615384 0.051682692307692304 0.06971153846153846
2 0.6189903846153846 0.5709134615384616 0.055288461538461536 0.06009615384615385
2 0.6466346153846154 0.4807692307692308 0.057692307692307696 0.0733173076923077
2 0.7439903846153846 0.5396634615384616 0.04807692307692308 0.0733173076923077
2 0.6514423076923077 0.3269230769230769 0.046875 0.0625
2 0.44711538461538464 0.4326923076923077 0.04447115384615385 0.051682692307692304
2 0.5120192307692307 0.33774038461538464 0.04447115384615385 0.052884615384615384
2 0.4543269230769231 0.3088942307692308 0.038461538461538464 0.051682692307692304
2 0.4651442307692308 0.35216346153846156 0.03365384615384615 0.054086538461538464