2 0.625 0.671875 0.02283653846153846 0.030048076923076924
2 0.5865384615384616 0.6526442307692307 0.042067307692307696 0.057692307692307696
2 0.43149038461538464 0.6814903846153846 0.02403846153846154 0.030048076923076924
2 0.6346153846153846 0.7752403846153846 0.04567307692307692 0.06850961538461539
2 0.6730769230769231 0.6370192307692307 0.057692307692307696 0.052884615384615384
2 0.47836538461538464 0.5108173076923077 0.037259615384615384 0.036057692307692304
2 0.3762019230769231 0.5733173076923077 0.040865384615384616 0.040865384615384616
2 0.05889423076923077 0.421875 0.030048076923076924 0.052884615384615384
2 0.8197115384615384 0.5877403846153846 0.04326923076923077 0.039663461538461536
2 0.7704326923076923 0.5925480769230769 0.040865384615384616 0.040865384615384616
2 0.7211538461538461 0.625 0.036057692307692304 0.042067307692307696
3 0.7475961538461539 0.5012019230769231 0.054086538461538464 0.056490384615384616