2 0.9603365384615384 0.6634615384615384 0.06129807692307692 0.04807692307692308
2 0.20072115384615385 0.3894230769230769 0.0733173076923077 0.1045673076923077
2 0.28125 0.2800480769230769 0.06129807692307692 0.0829326923076923
2 0.28846153846153844 0.1141826923076923 0.05048076923076923 0.057692307692307696
2 0.21153846153846154 0.04807692307692308 0.038461538461538464 0.055288461538461536
2 0.546875 0.09134615384615384 0.06490384615384616 0.07692307692307693
2 0.49038461538461536 0.3293269230769231 0.07091346153846154 0.0985576923076923
2 0.5877403846153846 0.29086538461538464 0.06129807692307692 0.09975961538461539
2 0.6875 0.24519230769230768 0.078125 0.11658653846153846
2 0.7139423076923077 0.16466346153846154 0.07451923076923077 0.08653846153846154
2 0.8185096153846154 0.7644230769230769 0.14543269230769232 0.23798076923076922
2 0.5444711538461539 0.6298076923076923 0.09375 0.1622596153846154
2 0.734375 0.3233173076923077 0.057692307692307696 0.06370192307692307
2 0.640625 0.3473557692307692 0.054086538461538464 0.09975961538461539