0 0.6875 0.20793269230769232 0.10576923076923077 0.17067307692307693
0 0.9639423076923077 0.18028846153846154 0.0673076923076923 0.1875
0 0.8737980769230769 0.17548076923076922 0.12139423076923077 0.1778846153846154
1 0.8605769230769231 0.12860576923076922 0.1778846153846154 0.0829326923076923
2 0.15745192307692307 0.6478365384615384 0.046875 0.0889423076923077
2 0.35336538461538464 0.7788461538461539 0.04326923076923077 0.08774038461538461
2 0.5853365384615384 0.08533653846153846 0.05889423076923077 0.07572115384615384
3 0.3329326923076923 0.4014423076923077 0.0733173076923077 0.15504807692307693
3 0.38822115384615385 0.2536057692307692 0.10096153846153846 0.09375
1 0.4254807692307692 0.7427884615384616 0.08653846153846154 0.06610576923076923
1 0.7752403846153846 0.7139423076923077 0.11298076923076923 0.23918269230769232
1 0.8870192307692307 0.609375 0.1310096153846154 0.15625
0 0.8125 0.5444711538461539 0.06370192307692307 0.12139423076923077
0 0.8942307692307693 0.5432692307692307 0.07692307692307693 0.125
1 0.6802884615384616 0.9423076923076923 0.12980769230769232 0.11057692307692307
0 0.6862980769230769 0.6334134615384616 0.08413461538461539 0.14543269230769232
0 0.6370192307692307 0.49399038461538464 0.11538461538461539 0.18509615384615385
0 0.5877403846153846 0.3581730769230769 0.11177884615384616 0.1814903846153846
0 0.6862980769230769 0.3786057692307692 0.078125 0.1466346153846154
0 0.7403846153846154 0.3449519230769231 0.0889423076923077 0.1658653846153846
0 0.7764423076923077 0.25 0.09375 0.17307692307692307