0 0.9399038461538461 0.6033653846153846 0.06971153846153846 0.09134615384615384
0 0.8088942307692307 0.6334134615384616 0.0829326923076923 0.11778846153846154
0 0.6754807692307693 0.3713942307692308 0.10576923076923077 0.11778846153846154
0 0.1466346153846154 0.171875 0.06971153846153846 0.09495192307692307
0 0.5180288461538461 0.7920673076923077 0.06490384615384616 0.08533653846153846
0 0.3629807692307692 0.7668269230769231 0.1045673076923077 0.109375
3 0.3173076923076923 0.5528846153846154 0.12980769230769232 0.18028846153846154
3 0.25240384615384615 0.6754807692307693 0.11778846153846154 0.18509615384615385
3 0.1814903846153846 0.90625 0.12139423076923077 0.1466346153846154
3 0.96875 0.5396634615384616 0.057692307692307696 0.12740384615384615
3 0.9759615384615384 0.8125 0.046875 0.12980769230769232
3 0.9723557692307693 0.3401442307692308 0.054086538461538464 0.1346153846153846
3 0.6057692307692307 0.36899038461538464 0.078125 0.11538461538461539
3 0.4375 0.23798076923076922 0.06370192307692307 0.10817307692307693
3 0.2608173076923077 0.234375 0.0889423076923077 0.1045673076923077
3 0.21754807692307693 0.4579326923076923 0.09375 0.13341346153846154
3 0.1346153846153846 0.5192307692307693 0.11658653846153846 0.18509615384615385
3 0.09495192307692307 0.7512019230769231 0.13822115384615385 0.14423076923076922