2 0.9519230769230769 0.31850961538461536 0.055288461538461536 0.04447115384615385
2 0.9026442307692307 0.4230769230769231 0.06490384615384616 0.06490384615384616
3 0.41346153846153844 0.3088942307692308 0.04326923076923077 0.054086538461538464
3 0.6598557692307693 0.2764423076923077 0.052884615384615384 0.07091346153846154
2 0.21995192307692307 0.43990384615384615 0.028846153846153848 0.03365384615384615
2 0.3137019230769231 0.6538461538461539 0.042067307692307696 0.0829326923076923
2 0.6201923076923077 0.5757211538461539 0.055288461538461536 0.06971153846153846
2 0.39663461538461536 0.5685096153846154 0.039663461538461536 0.06009615384615385
2 0.328125 0.44591346153846156 0.03485576923076923 0.036057692307692304
2 0.375 0.4675480769230769 0.021634615384615384 0.036057692307692304
2 0.1502403846153846 0.5384615384615384 0.025240384615384616 0.028846153846153848