2 0.2548076923076923 0.15625 0.04807692307692308 0.05889423076923077
2 0.18990384615384615 0.3125 0.026442307692307692 0.038461538461538464
2 0.6033653846153846 0.1935096153846154 0.03245192307692308 0.040865384615384616
2 0.6502403846153846 0.19230769230769232 0.039663461538461536 0.051682692307692304
2 0.5276442307692307 0.20793269230769232 0.04927884615384615 0.0733173076923077
2 0.5697115384615384 0.23197115384615385 0.055288461538461536 0.07692307692307693
2 0.14903846153846154 0.38100961538461536 0.06009615384615385 0.0889423076923077
2 0.23918269230769232 0.28365384615384615 0.055288461538461536 0.0733173076923077
2 0.7451923076923077 0.5721153846153846 0.17307692307692307 0.24879807692307693
2 0.9074519230769231 0.4230769230769231 0.0673076923076923 0.0625
2 0.4639423076923077 0.5144230769230769 0.09735576923076923 0.15384615384615385
2 0.6213942307692307 0.1466346153846154 0.08052884615384616 0.09254807692307693
2 0.6490384615384616 0.07451923076923077 0.06850961538461539 0.07211538461538461
2 0.42427884615384615 0.27283653846153844 0.06971153846153846 0.07211538461538461