3 0.9278846153846154 0.2091346153846154 0.1346153846153846 0.16346153846153846
2 0.33653846153846156 0.2091346153846154 0.05048076923076923 0.06850961538461539
2 0.38341346153846156 0.3713942307692308 0.04326923076923077 0.07211538461538461
2 0.33533653846153844 0.3701923076923077 0.04927884615384615 0.06610576923076923
2 0.5697115384615384 0.17307692307692307 0.05048076923076923 0.052884615384615384
2 0.7932692307692307 0.359375 0.06009615384615385 0.09134615384615384
2 0.7175480769230769 0.5564903846153846 0.07091346153846154 0.12620192307692307
2 0.6574519230769231 0.5721153846153846 0.06850961538461539 0.11778846153846154
2 0.5769230769230769 0.8088942307692307 0.06129807692307692 0.109375
2 0.6370192307692307 0.8293269230769231 0.06610576923076923 0.11899038461538461
2 0.7872596153846154 0.7512019230769231 0.0889423076923077 0.11658653846153846
2 0.828125 0.6502403846153846 0.06971153846153846 0.11298076923076923
2 0.6682692307692307 0.2704326923076923 0.056490384615384616 0.07692307692307693
2 0.6129807692307693 0.265625 0.054086538461538464 0.07451923076923077
2 0.6213942307692307 0.025240384615384616 0.037259615384615384 0.03485576923076923
2 0.6694711538461539 0.12860576923076922 0.039663461538461536 0.05048076923076923
2 0.765625 0.1045673076923077 0.05048076923076923 0.057692307692307696