3 0.9519230769230769 0.2247596153846154 0.09134615384615384 0.0889423076923077
2 0.9302884615384616 0.4206730769230769 0.08052884615384616 0.07211538461538461
2 0.8413461538461539 0.4543269230769231 0.0985576923076923 0.08052884615384616
2 0.9579326923076923 0.7692307692307693 0.0829326923076923 0.16346153846153846
2 0.859375 0.65625 0.04326923076923077 0.06129807692307692
2 0.7932692307692307 0.6971153846153846 0.09254807692307693 0.12740384615384615
2 0.7632211538461539 0.5036057692307693 0.03365384615384615 0.03125
2 0.6971153846153846 0.49158653846153844 0.08052884615384616 0.08653846153846154
2 0.5192307692307693 0.30649038461538464 0.055288461538461536 0.05048076923076923
2 0.4387019230769231 0.5504807692307693 0.040865384615384616 0.04326923076923077
2 0.3713942307692308 0.4110576923076923 0.052884615384615384 0.05889423076923077