0 0.3581730769230769 0.05889423076923077 0.057692307692307696 0.11298076923076923
2 0.6069711538461539 0.11177884615384616 0.039663461538461536 0.04807692307692308
2 0.5528846153846154 0.8389423076923077 0.040865384615384616 0.051682692307692304
2 0.5961538461538461 0.6862980769230769 0.03245192307692308 0.03485576923076923
2 0.5060096153846154 0.6682692307692307 0.052884615384615384 0.10817307692307693
1 0.47475961538461536 0.15745192307692307 0.039663461538461536 0.14903846153846154
1 0.9759615384615384 0.3942307692307692 0.046875 0.11057692307692307
0 0.5961538461538461 0.9735576923076923 0.08653846153846154 0.04807692307692308
0 0.6850961538461539 0.9651442307692307 0.07932692307692307 0.06850961538461539
0 0.7487980769230769 0.9663461538461539 0.08413461538461539 0.0625
0 0.6478365384615384 0.8389423076923077 0.10096153846153846 0.18629807692307693
0 0.734375 0.8737980769230769 0.09014423076923077 0.17067307692307693
0 0.8052884615384616 0.7992788461538461 0.0985576923076923 0.16947115384615385
0 0.8870192307692307 0.7824519230769231 0.0985576923076923 0.17307692307692307
0 0.9447115384615384 0.7451923076923077 0.10576923076923077 0.16826923076923078
0 0.6670673076923077 0.703125 0.09615384615384616 0.16346153846153846
0 0.7331730769230769 0.5793269230769231 0.09495192307692307 0.14543269230769232
0 0.9026442307692307 0.38341346153846156 0.08052884615384616 0.11899038461538461