3 0.35216346153846156 0.12620192307692307 0.051682692307692304 0.0733173076923077
0 0.49399038461538464 0.5036057692307693 0.07692307692307693 0.12740384615384615
0 0.42908653846153844 0.4879807692307692 0.0625 0.11899038461538461
0 0.390625 0.4170673076923077 0.057692307692307696 0.09014423076923077
0 0.35697115384615385 0.359375 0.056490384615384616 0.09134615384615384
0 0.33533653846153844 0.2704326923076923 0.051682692307692304 0.09014423076923077
0 0.2956730769230769 0.2439903846153846 0.04807692307692308 0.09014423076923077
0 0.23677884615384615 0.31850961538461536 0.06009615384615385 0.08413461538461539
0 0.21754807692307693 0.22956730769230768 0.0829326923076923 0.1141826923076923
0 0.6466346153846154 0.7536057692307693 0.078125 0.11057692307692307
0 0.6334134615384616 0.5949519230769231 0.08533653846153846 0.15625
0 0.5612980769230769 0.6526442307692307 0.08173076923076923 0.15384615384615385
0 0.5036057692307693 0.7800480769230769 0.06971153846153846 0.1201923076923077
0 0.3629807692307692 0.6778846153846154 0.07211538461538461 0.11057692307692307
0 0.18028846153846154 0.625 0.09735576923076923 0.11538461538461539
3 0.4387019230769231 0.37740384615384615 0.055288461538461536 0.11538461538461539
3 0.3629807692307692 0.046875 0.09735576923076923 0.08653846153846154
3 0.6754807692307693 0.08653846153846154 0.08173076923076923 0.0985576923076923
3 0.8028846153846154 0.8413461538461539 0.1045673076923077 0.1466346153846154
3 0.24639423076923078 0.9290865384615384 0.11177884615384616 0.13942307692307693
3 0.5516826923076923 0.9675480769230769 0.0733173076923077 0.0625
1 0.5985576923076923 0.8677884615384616 0.0625 0.17548076923076922