2 0.3329326923076923 0.2548076923076923 0.040865384615384616 0.07211538461538461
2 0.6622596153846154 0.09014423076923077 0.07572115384615384 0.06610576923076923
2 0.6550480769230769 0.27163461538461536 0.051682692307692304 0.0985576923076923
2 0.6346153846153846 0.23798076923076922 0.04447115384615385 0.0985576923076923
2 0.7427884615384616 0.46634615384615385 0.13341346153846154 0.15625
2 0.8713942307692307 0.5504807692307693 0.17307692307692307 0.25961538461538464
2 0.8112980769230769 0.9302884615384616 0.09975961538461539 0.13822115384615385
2 0.5336538461538461 0.9098557692307693 0.13701923076923078 0.17908653846153846
2 0.5576923076923077 0.7728365384615384 0.04807692307692308 0.078125
2 0.5180288461538461 0.7355769230769231 0.0625 0.1310096153846154
2 0.3016826923076923 0.6526442307692307 0.057692307692307696 0.09975961538461539
2 0.2644230769230769 0.5300480769230769 0.046875 0.0829326923076923
3 0.40865384615384615 0.07692307692307693 0.056490384615384616 0.0673076923076923