2 0.25721153846153844 0.4891826923076923 0.055288461538461536 0.04807692307692308
2 0.15745192307692307 0.65625 0.07211538461538461 0.09615384615384616
2 0.8076923076923077 0.203125 0.056490384615384616 0.051682692307692304
2 0.5480769230769231 0.3137019230769231 0.057692307692307696 0.07572115384615384
2 0.4326923076923077 0.17908653846153846 0.040865384615384616 0.04927884615384615
2 0.90625 0.9110576923076923 0.08173076923076923 0.12259615384615384
2 0.9086538461538461 0.8112980769230769 0.09375 0.1502403846153846
2 0.8052884615384616 0.765625 0.171875 0.2776442307692308
2 0.12259615384615384 0.47716346153846156 0.07091346153846154 0.09014423076923077
2 0.26802884615384615 0.5204326923076923 0.06009615384615385 0.05889423076923077
2 0.40865384615384615 0.38461538461538464 0.04927884615384615 0.07692307692307693
2 0.4326923076923077 0.43990384615384615 0.052884615384615384 0.0829326923076923
2 0.3605769230769231 0.4579326923076923 0.057692307692307696 0.06850961538461539
2 0.32091346153846156 0.33052884615384615 0.055288461538461536 0.08173076923076923
2 0.47836538461538464 0.31971153846153844 0.052884615384615384 0.07211538461538461
2 0.4411057692307692 0.28725961538461536 0.042067307692307696 0.054086538461538464
2 0.5240384615384616 0.18389423076923078 0.03365384615384615 0.055288461538461536
2 0.46875 0.14182692307692307 0.039663461538461536 0.05048076923076923
2 0.5036057692307693 0.42788461538461536 0.06850961538461539 0.09375