2 0.44350961538461536 0.5240384615384616 0.09495192307692307 0.15504807692307693
2 0.7259615384615384 0.5612980769230769 0.16947115384615385 0.2439903846153846
2 0.6225961538461539 0.07211538461538461 0.07091346153846154 0.0733173076923077
2 0.5949519230769231 0.13822115384615385 0.078125 0.09254807692307693
2 0.546875 0.2439903846153846 0.055288461538461536 0.078125
2 0.4014423076923077 0.2860576923076923 0.0673076923076923 0.08774038461538461
2 0.234375 0.1875 0.046875 0.0625
2 0.21995192307692307 0.3161057692307692 0.057692307692307696 0.07932692307692307
2 0.12860576923076922 0.43509615384615385 0.0733173076923077 0.0985576923076923
2 0.6274038461538461 0.20192307692307693 0.037259615384615384 0.038461538461538464
2 0.5841346153846154 0.19831730769230768 0.03125 0.04447115384615385
2 0.5024038461538461 0.21634615384615385 0.04807692307692308 0.0733173076923077
2 0.8870192307692307 0.40384615384615385 0.06129807692307692 0.06370192307692307
2 0.16947115384615385 0.3557692307692308 0.025240384615384616 0.036057692307692304