2 0.9326923076923077 0.5829326923076923 0.055288461538461536 0.06129807692307692
2 0.32091346153846156 0.5036057692307693 0.042067307692307696 0.06610576923076923
2 0.09975961538461539 0.5024038461538461 0.04447115384615385 0.055288461538461536
2 0.453125 0.7403846153846154 0.038461538461538464 0.08052884615384616
2 0.484375 0.7536057692307693 0.042067307692307696 0.06971153846153846
2 0.3870192307692308 0.5865384615384616 0.04447115384615385 0.0733173076923077
2 0.5 0.6694711538461539 0.040865384615384616 0.06971153846153846
2 0.5384615384615384 0.6286057692307693 0.038461538461538464 0.07572115384615384
2 0.5132211538461539 0.5264423076923077 0.04927884615384615 0.08052884615384616
2 0.47475961538461536 0.515625 0.04326923076923077 0.06971153846153846
2 0.6358173076923077 0.71875 0.052884615384615384 0.08653846153846154
2 0.7908653846153846 0.9290865384615384 0.0625 0.1045673076923077
2 0.9699519230769231 0.8533653846153846 0.055288461538461536 0.11057692307692307
2 0.9471153846153846 0.9699519230769231 0.07692307692307693 0.055288461538461536
2 0.9122596153846154 0.4807692307692308 0.040865384615384616 0.0625
2 0.9639423076923077 0.46875 0.04567307692307692 0.0625
2 0.8257211538461539 0.6706730769230769 0.07572115384615384 0.13221153846153846
2 0.40024038461538464 0.3701923076923077 0.03485576923076923 0.04567307692307692
2 0.4266826923076923 0.32211538461538464 0.026442307692307692 0.04326923076923077
2 0.3581730769230769 0.4963942307692308 0.028846153846153848 0.06129807692307692