2 0.5288461538461539 0.06129807692307692 0.02283653846153846 0.036057692307692304
1 0.45913461538461536 0.0829326923076923 0.03365384615384615 0.039663461538461536
1 0.5300480769230769 0.16947115384615385 0.03245192307692308 0.04447115384615385
1 0.484375 0.22596153846153846 0.021634615384615384 0.03485576923076923
0 0.08052884615384616 0.8100961538461539 0.054086538461538464 0.0673076923076923
0 0.24278846153846154 0.6286057692307693 0.046875 0.07211538461538461
0 0.27403846153846156 0.5528846153846154 0.03485576923076923 0.0733173076923077
0 0.3004807692307692 0.6262019230769231 0.037259615384615384 0.06850961538461539
0 0.359375 0.7367788461538461 0.046875 0.07932692307692307
0 0.36658653846153844 0.609375 0.03365384615384615 0.07692307692307693
0 0.375 0.5420673076923077 0.03485576923076923 0.07451923076923077
0 0.43990384615384615 0.4074519230769231 0.04326923076923077 0.078125
1 0.3485576923076923 0.359375 0.028846153846153848 0.10216346153846154
1 0.4699519230769231 0.49158653846153844 0.057692307692307696 0.054086538461538464
2 0.7740384615384616 0.6682692307692307 0.04326923076923077 0.06129807692307692
3 0.5889423076923077 0.7884615384615384 0.05889423076923077 0.09014423076923077
2 0.3894230769230769 0.2848557692307692 0.026442307692307692 0.03365384615384615