2 0.3762019230769231 0.5324519230769231 0.03245192307692308 0.06009615384615385
2 0.36538461538461536 0.5108173076923077 0.03125 0.051682692307692304
1 0.8173076923076923 0.5060096153846154 0.052884615384615384 0.08173076923076923
3 0.019230769230769232 0.8798076923076923 0.036057692307692304 0.08774038461538461
0 0.4495192307692308 0.7908653846153846 0.0625 0.12139423076923077
1 0.4987980769230769 0.8930288461538461 0.06370192307692307 0.08173076923076923
0 0.4951923076923077 0.9519230769230769 0.0673076923076923 0.09134615384615384
1 0.4567307692307692 0.5132211538461539 0.028846153846153848 0.04927884615384615
1 0.5096153846153846 0.4326923076923077 0.04927884615384615 0.051682692307692304
1 0.3786057692307692 0.3112980769230769 0.04927884615384615 0.04927884615384615
1 0.39903846153846156 0.21033653846153846 0.03245192307692308 0.040865384615384616
1 0.44711538461538464 0.15144230769230768 0.028846153846153848 0.056490384615384616
2 0.3293269230769231 0.59375 0.038461538461538464 0.055288461538461536
1 0.2932692307692308 0.6995192307692307 0.025240384615384616 0.11057692307692307
2 0.46875 0.28846153846153844 0.03245192307692308 0.04927884615384615
3 0.6358173076923077 0.09134615384615384 0.052884615384615384 0.07692307692307693
2 0.7055288461538461 0.020432692307692308 0.02283653846153846 0.03485576923076923