2 0.9627403846153846 0.42908653846153844 0.0625 0.0625
2 0.9098557692307693 0.5600961538461539 0.07932692307692307 0.08653846153846154
2 0.3245192307692308 0.46033653846153844 0.03365384615384615 0.04807692307692308
2 0.055288461538461536 0.6153846153846154 0.038461538461538464 0.04807692307692308
2 0.5901442307692307 0.7307692307692307 0.06129807692307692 0.0829326923076923
2 0.2668269230769231 0.515625 0.040865384615384616 0.042067307692307696
2 0.14903846153846154 0.4987980769230769 0.03485576923076923 0.040865384615384616
2 0.31009615384615385 0.5492788461538461 0.028846153846153848 0.037259615384615384
3 0.36778846153846156 0.34975961538461536 0.040865384615384616 0.051682692307692304
3 0.6346153846153846 0.33774038461538464 0.0625 0.06610576923076923
2 0.3329326923076923 0.6971153846153846 0.04447115384615385 0.07091346153846154