1 0.4879807692307692 0.3798076923076923 0.039663461538461536 0.05048076923076923
3 0.5060096153846154 0.3076923076923077 0.03365384615384615 0.04326923076923077
3 0.46153846153846156 0.2800480769230769 0.03245192307692308 0.046875
2 0.35096153846153844 0.4963942307692308 0.02403846153846154 0.03245192307692308
2 0.3870192307692308 0.4795673076923077 0.025240384615384616 0.026442307692307692
2 0.41466346153846156 0.5396634615384616 0.025240384615384616 0.036057692307692304
3 0.65625 0.7536057692307693 0.078125 0.11899038461538461
3 0.671875 0.6382211538461539 0.051682692307692304 0.0829326923076923
1 0.5961538461538461 0.6213942307692307 0.05048076923076923 0.109375
1 0.4230769230769231 0.90625 0.04326923076923077 0.12259615384615384
3 0.3786057692307692 0.8221153846153846 0.052884615384615384 0.09254807692307693
3 0.10576923076923077 0.6634615384615384 0.052884615384615384 0.08173076923076923
1 0.18629807692307693 0.5252403846153846 0.07211538461538461 0.040865384615384616