2 0.375 0.4050480769230769 0.030048076923076924 0.052884615384615384
0 0.4483173076923077 0.7367788461538461 0.04807692307692308 0.0733173076923077
1 0.40865384615384615 0.13221153846153846 0.028846153846153848 0.03485576923076923
1 0.4495192307692308 0.0829326923076923 0.027644230769230768 0.046875
1 0.38461538461538464 0.22235576923076922 0.038461538461538464 0.04326923076923077
1 0.484375 0.3173076923076923 0.038461538461538464 0.04326923076923077
1 0.43990384615384615 0.38341346153846156 0.02283653846153846 0.03365384615384615
2 0.9290865384615384 0.9302884615384616 0.055288461538461536 0.07692307692307693
2 0.4639423076923077 0.20673076923076922 0.027644230769230768 0.038461538461538464
2 0.3317307692307692 0.45072115384615385 0.028846153846153848 0.040865384615384616
1 0.47115384615384615 0.8125 0.0733173076923077 0.1502403846153846
1 0.29447115384615385 0.5456730769230769 0.027644230769230768 0.11538461538461539
1 0.45552884615384615 0.6742788461538461 0.056490384615384616 0.06850961538461539
0 0.34615384615384615 0.7451923076923077 0.039663461538461536 0.08653846153846154
0 0.41947115384615385 0.5901442307692307 0.046875 0.09014423076923077
3 0.07572115384615384 0.6838942307692307 0.036057692307692304 0.0733173076923077