2 0.6298076923076923 0.18870192307692307 0.03245192307692308 0.046875
2 0.3425480769230769 0.3449519230769231 0.04927884615384615 0.0673076923076923
2 0.4074519230769231 0.1346153846153846 0.042067307692307696 0.056490384615384616
2 0.5805288461538461 0.33653846153846156 0.05048076923076923 0.06370192307692307
2 0.38461538461538464 0.5180288461538461 0.055288461538461536 0.078125
2 0.34134615384615385 0.4963942307692308 0.057692307692307696 0.06490384615384616
2 0.47596153846153844 0.19591346153846154 0.03365384615384615 0.039663461538461536
2 0.46875 0.15504807692307693 0.03245192307692308 0.04927884615384615
2 0.49759615384615385 0.125 0.03485576923076923 0.04807692307692308
2 0.9350961538461539 0.1971153846153846 0.05048076923076923 0.07572115384615384
3 0.9326923076923077 0.44591346153846156 0.13341346153846154 0.15144230769230768
2 0.7980769230769231 0.5649038461538461 0.06490384615384616 0.09495192307692307
2 0.7199519230769231 0.7668269230769231 0.07572115384615384 0.1310096153846154
2 0.6598557692307693 0.7764423076923077 0.07451923076923077 0.12139423076923077
2 0.8353365384615384 0.8846153846153846 0.07572115384615384 0.11658653846153846
2 0.7908653846153846 0.9615384615384616 0.0889423076923077 0.07572115384615384
2 0.6201923076923077 0.453125 0.04326923076923077 0.07091346153846154
2 0.6802884615384616 0.46033653846153844 0.05048076923076923 0.078125
2 0.7716346153846154 0.30528846153846156 0.05048076923076923 0.0625