2 0.8557692307692307 0.44591346153846156 0.0829326923076923 0.14302884615384615
2 0.7391826923076923 0.12860576923076922 0.09254807692307693 0.0985576923076923
2 0.4050480769230769 0.9254807692307693 0.07451923076923077 0.1466346153846154
1 0.6574519230769231 0.109375 0.1346153846153846 0.17908653846153846
2 0.9375 0.9242788461538461 0.0625 0.109375
2 0.6466346153846154 0.3762019230769231 0.10576923076923077 0.14423076923076922
2 0.6947115384615384 0.5552884615384616 0.10576923076923077 0.1346153846153846
2 0.7584134615384616 0.7007211538461539 0.11658653846153846 0.16346153846153846
2 0.6586538461538461 0.7764423076923077 0.11298076923076923 0.18389423076923078
2 0.3581730769230769 0.6766826923076923 0.11778846153846154 0.1814903846153846
2 0.056490384615384616 0.32091346153846156 0.056490384615384616 0.0829326923076923