3 0.328125 0.11658653846153846 0.052884615384615384 0.06850961538461539
3 0.3762019230769231 0.23197115384615385 0.046875 0.055288461538461536
0 0.390625 0.5024038461538461 0.06610576923076923 0.11298076923076923
0 0.33052884615384615 0.26802884615384615 0.030048076923076924 0.040865384615384616
0 0.23317307692307693 0.25600961538461536 0.036057692307692304 0.055288461538461536
0 0.3629807692307692 0.18990384615384615 0.055288461538461536 0.06490384615384616
0 0.4362980769230769 0.1466346153846154 0.038461538461538464 0.06610576923076923
0 0.6899038461538461 0.07692307692307693 0.046875 0.078125
0 0.9579326923076923 0.10576923076923077 0.0829326923076923 0.08774038461538461
0 0.6514423076923077 0.14423076923076922 0.057692307692307696 0.09495192307692307
0 0.7632211538461539 0.2764423076923077 0.07091346153846154 0.07932692307692307
0 0.7932692307692307 0.34615384615384615 0.0733173076923077 0.09134615384615384
0 0.8774038461538461 0.4326923076923077 0.08413461538461539 0.09014423076923077
0 0.9747596153846154 0.44711538461538464 0.04927884615384615 0.078125
0 0.9711538461538461 0.36899038461538464 0.042067307692307696 0.036057692307692304
0 0.5456730769230769 0.34615384615384615 0.05889423076923077 0.09134615384615384
0 0.5889423076923077 0.26802884615384615 0.057692307692307696 0.10336538461538461
0 0.609375 0.34975961538461536 0.06610576923076923 0.10817307692307693
0 0.6382211538461539 0.515625 0.052884615384615384 0.0985576923076923
0 0.5528846153846154 0.6213942307692307 0.0733173076923077 0.14302884615384615
3 0.21995192307692307 0.890625 0.10336538461538461 0.12860576923076922
3 0.4026442307692308 0.31850961538461536 0.07211538461538461 0.0985576923076923
3 0.49158653846153844 0.17427884615384615 0.04567307692307692 0.055288461538461536
3 0.3581730769230769 0.44350961538461536 0.057692307692307696 0.0829326923076923
3 0.40384615384615385 0.5805288461538461 0.08052884615384616 0.11658653846153846
3 0.5985576923076923 0.18509615384615385 0.037259615384615384 0.06370192307692307
3 0.4543269230769231 0.28966346153846156 0.052884615384615384 0.0829326923076923
3 0.5 0.3425480769230769 0.05889423076923077 0.08653846153846154
3 0.46033653846153844 0.41586538461538464 0.0733173076923077 0.125
3 0.7151442307692307 0.2800480769230769 0.0673076923076923 0.07932692307692307
3 0.7259615384615384 0.1201923076923077 0.046875 0.057692307692307696
3 0.8377403846153846 0.09375 0.07932692307692307 0.05048076923076923
3 0.9795673076923077 0.19951923076923078 0.036057692307692304 0.0625
3 0.9699519230769231 0.27884615384615385 0.055288461538461536 0.07211538461538461
3 0.12860576923076922 0.14302884615384615 0.08653846153846154 0.09134615384615384