3 0.4495192307692308 0.2704326923076923 0.028846153846153848 0.037259615384615384
3 0.40865384615384615 0.24759615384615385 0.03365384615384615 0.04807692307692308
2 0.3629807692307692 0.48677884615384615 0.02283653846153846 0.03485576923076923
1 0.14543269230769232 0.4831730769230769 0.06009615384615385 0.038461538461538464
3 0.0673076923076923 0.6009615384615384 0.04447115384615385 0.057692307692307696
3 0.33653846153846156 0.7283653846153846 0.04326923076923077 0.07211538461538461
1 0.375 0.7920673076923077 0.038461538461538464 0.109375
1 0.53125 0.5420673076923077 0.04927884615384615 0.11057692307692307
3 0.5961538461538461 0.5516826923076923 0.04807692307692308 0.07932692307692307
3 0.5829326923076923 0.6538461538461539 0.06850961538461539 0.09975961538461539
3 0.9206730769230769 0.7223557692307693 0.0673076923076923 0.09014423076923077
3 0.8353365384615384 0.7692307692307693 0.030048076923076924 0.056490384615384616
3 0.7632211538461539 0.9375 0.0889423076923077 0.1201923076923077