2 0.8004807692307693 0.625 0.05889423076923077 0.05889423076923077
2 0.5408653846153846 0.2548076923076923 0.03485576923076923 0.046875
2 0.5757211538461539 0.2668269230769231 0.037259615384615384 0.042067307692307696
2 0.3485576923076923 0.2824519230769231 0.0673076923076923 0.11658653846153846
2 0.06009615384615385 0.3701923076923077 0.07451923076923077 0.10096153846153846
2 0.15264423076923078 0.2548076923076923 0.0673076923076923 0.09254807692307693
2 0.5865384615384616 0.0829326923076923 0.07451923076923077 0.09495192307692307
2 0.5480769230769231 0.17307692307692307 0.09014423076923077 0.11538461538461539
2 0.36538461538461536 0.6213942307692307 0.0985576923076923 0.17668269230769232
2 0.6334134615384616 0.7512019230769231 0.16466346153846154 0.27524038461538464
2 0.4266826923076923 0.027644230769230768 0.06490384615384616 0.055288461538461536
2 0.49278846153846156 0.2980769230769231 0.054086538461538464 0.09615384615384616
2 0.45072115384615385 0.23197115384615385 0.052884615384615384 0.0889423076923077