2 0.46875 0.8786057692307693 0.06129807692307692 0.09975961538461539
2 0.34375 0.3870192307692308 0.04326923076923077 0.0625
2 0.29447115384615385 0.546875 0.04326923076923077 0.046875
2 0.44350961538461536 0.47716346153846156 0.057692307692307696 0.0829326923076923
2 0.41586538461538464 0.4326923076923077 0.04326923076923077 0.08052884615384616
2 0.8894230769230769 0.8461538461538461 0.09495192307692307 0.1346153846153846
2 0.8389423076923077 0.8004807692307693 0.08533653846153846 0.1310096153846154
2 0.8557692307692307 0.7211538461538461 0.08774038461538461 0.13701923076923078
2 0.7728365384615384 0.6754807692307693 0.1502403846153846 0.2127403846153846
2 0.37740384615384615 0.4951923076923077 0.054086538461538464 0.07451923076923077
2 0.16826923076923078 0.5372596153846154 0.056490384615384616 0.06610576923076923
2 0.45913461538461536 0.9615384615384616 0.10576923076923077 0.07211538461538461
2 0.4387019230769231 0.25600961538461536 0.040865384615384616 0.052884615384615384
2 0.47475961538461536 0.21514423076923078 0.037259615384615384 0.05048076923076923
2 0.5228365384615384 0.25721153846153844 0.030048076923076924 0.08052884615384616
2 0.4831730769230769 0.36658653846153844 0.055288461538461536 0.07091346153846154
2 0.453125 0.34375 0.042067307692307696 0.05048076923076923
2 0.5480769230769231 0.3605769230769231 0.04927884615384615 0.07451923076923077
2 0.28125 0.5204326923076923 0.05048076923076923 0.051682692307692304