2 0.7932692307692307 0.28725961538461536 0.08052884615384616 0.09375
2 0.14302884615384615 0.24519230769230768 0.052884615384615384 0.05889423076923077
2 0.3894230769230769 0.15625 0.06850961538461539 0.078125
2 0.28725961538461536 0.23918269230769232 0.07451923076923077 0.09975961538461539
2 0.027644230769230768 0.5228365384615384 0.052884615384615384 0.09975961538461539
2 0.6225961538461539 0.6009615384615384 0.12379807692307693 0.17668269230769232
2 0.6021634615384616 0.23076923076923078 0.0889423076923077 0.12620192307692307
2 0.8665865384615384 0.1778846153846154 0.10817307692307693 0.13221153846153846
2 0.9182692307692307 0.08533653846153846 0.11778846153846154 0.09975961538461539
2 0.33413461538461536 0.17427884615384615 0.028846153846153848 0.040865384615384616
2 0.9086538461538461 0.2920673076923077 0.056490384615384616 0.0625
2 0.8533653846153846 0.26322115384615385 0.051682692307692304 0.042067307692307696
2 0.734375 0.21875 0.06971153846153846 0.07572115384615384