2 0.8858173076923077 0.9615384615384616 0.12860576923076922 0.07572115384615384
2 0.6189903846153846 0.8413461538461539 0.057692307692307696 0.08052884615384616
2 0.6009615384615384 0.9435096153846154 0.13701923076923078 0.11177884615384616
2 0.5829326923076923 0.8016826923076923 0.0673076923076923 0.12860576923076922
2 0.9206730769230769 0.6117788461538461 0.15745192307692307 0.25
2 0.8076923076923077 0.5372596153846154 0.15264423076923078 0.14903846153846154
2 0.6923076923076923 0.1658653846153846 0.07451923076923077 0.0673076923076923
2 0.6706730769230769 0.30649038461538464 0.042067307692307696 0.09615384615384616
2 0.3641826923076923 0.33052884615384615 0.037259615384615384 0.07091346153846154
2 0.30528846153846156 0.5997596153846154 0.04447115384615385 0.08413461538461539
2 0.34615384615384615 0.7271634615384616 0.054086538461538464 0.11658653846153846
2 0.03365384615384615 0.6466346153846154 0.039663461538461536 0.08413461538461539
3 0.43149038461538464 0.15625 0.057692307692307696 0.06009615384615385
2 0.6971153846153846 0.34375 0.051682692307692304 0.09014423076923077