0 0.96875 0.12980769230769232 0.057692307692307696 0.125
1 0.8317307692307693 0.5456730769230769 0.1658653846153846 0.14783653846153846
0 0.9591346153846154 0.5709134615384616 0.07692307692307693 0.20432692307692307
0 0.8774038461538461 0.5949519230769231 0.10576923076923077 0.18509615384615385
0 0.7788461538461539 0.3581730769230769 0.11538461538461539 0.1814903846153846
0 0.6971153846153846 0.5 0.10697115384615384 0.18389423076923078
0 0.7872596153846154 0.6995192307692307 0.10576923076923077 0.20192307692307693
0 0.6778846153846154 0.6754807692307693 0.11298076923076923 0.21153846153846154
0 0.8197115384615384 0.8786057692307693 0.1141826923076923 0.19591346153846154
0 0.7295673076923077 0.8846153846153846 0.09975961538461539 0.203125
0 0.6995192307692307 0.9807692307692307 0.0733173076923077 0.037259615384615384
0 0.6165865384615384 0.9050480769230769 0.11899038461538461 0.1875
2 0.5637019230769231 0.6838942307692307 0.04927884615384615 0.056490384615384616
2 0.6129807692307693 0.5084134615384616 0.038461538461538464 0.039663461538461536
2 0.5048076923076923 0.5132211538461539 0.0673076923076923 0.109375