3 0.6947115384615384 0.8329326923076923 0.08533653846153846 0.12620192307692307
3 0.6081730769230769 0.6225961538461539 0.0985576923076923 0.14783653846153846
3 0.6442307692307693 0.44350961538461536 0.08173076923076923 0.13221153846153846
3 0.5300480769230769 0.6358173076923077 0.039663461538461536 0.07692307692307693
0 0.7944711538461539 0.8485576923076923 0.07211538461538461 0.08533653846153846
0 0.8161057692307693 0.31971153846153844 0.15264423076923078 0.1814903846153846
0 0.6237980769230769 0.7355769230769231 0.06610576923076923 0.10697115384615384
0 0.5540865384615384 0.5492788461538461 0.05889423076923077 0.11899038461538461
0 0.4735576923076923 0.7295673076923077 0.040865384615384616 0.08173076923076923
0 0.44350961538461536 0.6514423076923077 0.046875 0.08533653846153846
0 0.4182692307692308 0.5612980769230769 0.042067307692307696 0.09495192307692307