2 0.6382211538461539 0.25961538461538464 0.04326923076923077 0.078125
2 0.20793269230769232 0.21394230769230768 0.04447115384615385 0.06009615384615385
2 0.5408653846153846 0.6766826923076923 0.055288461538461536 0.07932692307692307
2 0.4855769230769231 0.9543269230769231 0.09975961538461539 0.09014423076923077
2 0.3713942307692308 0.8233173076923077 0.06610576923076923 0.15865384615384615
2 0.051682692307692304 0.5264423076923077 0.04567307692307692 0.06009615384615385
2 0.0673076923076923 0.5492788461538461 0.046875 0.06971153846153846
2 0.08052884615384616 0.5733173076923077 0.055288461538461536 0.0733173076923077
2 0.6658653846153846 0.3112980769230769 0.05048076923076923 0.06971153846153846
2 0.7415865384615384 0.36538461538461536 0.054086538461538464 0.07211538461538461
2 0.7463942307692307 0.31009615384615385 0.055288461538461536 0.06850961538461539
2 0.8100961538461539 0.3713942307692308 0.06370192307692307 0.078125
2 0.984375 0.7235576923076923 0.026442307692307692 0.08653846153846154
2 0.9855769230769231 0.8161057692307693 0.02403846153846154 0.09375
2 0.9615384615384616 0.8942307692307693 0.07211538461538461 0.14903846153846154
2 0.625 0.8064903846153846 0.11057692307692307 0.13701923076923078
2 0.765625 0.5492788461538461 0.05889423076923077 0.078125
2 0.7103365384615384 0.4831730769230769 0.06490384615384616 0.08533653846153846
2 0.5697115384615384 0.6334134615384616 0.04807692307692308 0.08653846153846154
2 0.5024038461538461 0.5372596153846154 0.10216346153846154 0.15504807692307693
2 0.30528846153846156 0.33413461538461536 0.04447115384615385 0.0625
2 0.0829326923076923 0.39302884615384615 0.05048076923076923 0.07572115384615384
2 0.18629807692307693 0.42427884615384615 0.040865384615384616 0.06610576923076923
2 0.21995192307692307 0.46153846153846156 0.052884615384615384 0.08533653846153846
2 0.15985576923076922 0.4987980769230769 0.054086538461538464 0.07451923076923077