2 0.4579326923076923 0.8088942307692307 0.028846153846153848 0.04326923076923077
3 0.5985576923076923 0.9747596153846154 0.04326923076923077 0.04927884615384615
3 0.6430288461538461 0.8617788461538461 0.054086538461538464 0.08413461538461539
3 0.578125 0.7932692307692307 0.04807692307692308 0.07572115384615384
3 0.5793269230769231 0.6189903846153846 0.042067307692307696 0.05889423076923077
3 0.5036057692307693 0.5060096153846154 0.04807692307692308 0.04927884615384615
3 0.3425480769230769 0.5697115384615384 0.042067307692307696 0.06850961538461539
3 0.1935096153846154 0.5204326923076923 0.052884615384615384 0.06009615384615385
2 0.8629807692307693 0.7512019230769231 0.03125 0.04927884615384615
2 0.7716346153846154 0.6442307692307693 0.025240384615384616 0.04447115384615385
2 0.9302884615384616 0.8413461538461539 0.03485576923076923 0.0625