2 0.78125 0.859375 0.11298076923076923 0.14903846153846154
2 0.23317307692307693 0.1971153846153846 0.078125 0.08653846153846154
2 0.5216346153846154 0.31009615384615385 0.051682692307692304 0.1045673076923077
2 0.09375 0.6141826923076923 0.057692307692307696 0.06490384615384616
2 0.5901442307692307 0.08052884615384616 0.0625 0.06009615384615385
2 0.47475961538461536 0.171875 0.07451923076923077 0.0625
2 0.3737980769230769 0.109375 0.0625 0.08173076923076923
2 0.6959134615384616 0.265625 0.08653846153846154 0.10216346153846154
2 0.6550480769230769 0.7572115384615384 0.0829326923076923 0.15384615384615385
2 0.33413461538461536 0.4651442307692308 0.08052884615384616 0.10697115384615384
2 0.2644230769230769 0.44711538461538464 0.07932692307692307 0.11298076923076923
2 0.05048076923076923 0.26802884615384615 0.07091346153846154 0.10096153846153846