2 0.5961538461538461 0.38100961538461536 0.051682692307692304 0.07211538461538461
2 0.9206730769230769 0.7584134615384616 0.046875 0.054086538461538464
2 0.026442307692307692 0.8197115384615384 0.051682692307692304 0.11298076923076923
2 0.7067307692307693 0.2548076923076923 0.078125 0.07932692307692307
2 0.6838942307692307 0.3449519230769231 0.06971153846153846 0.12139423076923077
2 0.7956730769230769 0.8329326923076923 0.11899038461538461 0.19591346153846154
2 0.5564903846153846 0.7139423076923077 0.08413461538461539 0.14423076923076922
2 0.07091346153846154 0.49399038461538464 0.046875 0.051682692307692304
2 0.3137019230769231 0.359375 0.054086538461538464 0.09495192307692307
2 0.23557692307692307 0.46274038461538464 0.057692307692307696 0.08052884615384616
2 0.5024038461538461 0.4230769230769231 0.06370192307692307 0.08533653846153846
2 0.5540865384615384 0.17307692307692307 0.05889423076923077 0.0733173076923077
2 0.44471153846153844 0.051682692307692304 0.03245192307692308 0.06009615384615385
2 0.22956730769230768 0.10576923076923077 0.039663461538461536 0.056490384615384616
2 0.7151442307692307 0.4362980769230769 0.03365384615384615 0.05048076923076923
2 0.6418269230769231 0.43149038461538464 0.057692307692307696 0.11658653846153846