2 0.38822115384615385 0.5889423076923077 0.036057692307692304 0.06370192307692307
2 0.3737980769230769 0.5661057692307693 0.03485576923076923 0.06971153846153846
0 0.47836538461538464 0.8894230769230769 0.0625 0.12860576923076922
1 0.5420673076923077 0.9735576923076923 0.055288461538461536 0.04807692307692308
1 0.8677884615384616 0.5552884615384616 0.054086538461538464 0.08052884615384616
1 0.5324519230769231 0.4831730769230769 0.054086538461538464 0.06370192307692307
1 0.47836538461538464 0.5757211538461539 0.030048076923076924 0.042067307692307696
1 0.38221153846153844 0.34375 0.04807692307692308 0.051682692307692304
1 0.4014423076923077 0.23557692307692307 0.028846153846153848 0.042067307692307696
1 0.4567307692307692 0.17908653846153846 0.030048076923076924 0.056490384615384616
3 0.6586538461538461 0.11538461538461539 0.05889423076923077 0.08173076923076923
2 0.4831730769230769 0.3245192307692308 0.03245192307692308 0.052884615384615384
2 0.33653846153846156 0.65625 0.037259615384615384 0.06370192307692307
2 0.7319711538461539 0.040865384615384616 0.02283653846153846 0.037259615384615384