2 0.015625 0.7415865384615384 0.026442307692307692 0.09735576923076923
2 0.375 0.44350961538461536 0.040865384615384616 0.057692307692307696
2 0.16826923076923078 0.4110576923076923 0.040865384615384616 0.04807692307692308
2 0.18629807692307693 0.33774038461538464 0.03365384615384615 0.04447115384615385
2 0.02403846153846154 0.5853365384615384 0.04567307692307692 0.06009615384615385
2 0.3737980769230769 0.7367788461538461 0.052884615384615384 0.0829326923076923
2 0.4987980769230769 0.6971153846153846 0.04807692307692308 0.06971153846153846
2 0.546875 0.6358173076923077 0.036057692307692304 0.06009615384615385
2 0.5420673076923077 0.5685096153846154 0.042067307692307696 0.06490384615384616
2 0.5817307692307693 0.5985576923076923 0.03245192307692308 0.07211538461538461
2 0.5588942307692307 0.4879807692307692 0.04447115384615385 0.0625
2 0.4387019230769231 0.5324519230769231 0.04326923076923077 0.06009615384615385
2 0.3389423076923077 0.6694711538461539 0.040865384615384616 0.06009615384615385
2 0.2512019230769231 0.5396634615384616 0.04326923076923077 0.06490384615384616
2 0.4519230769230769 0.8557692307692307 0.042067307692307696 0.07572115384615384
2 0.6706730769230769 0.703125 0.04567307692307692 0.07932692307692307
2 0.8112980769230769 0.9350961538461539 0.052884615384615384 0.10096153846153846
2 0.8545673076923077 0.6911057692307693 0.08774038461538461 0.15264423076923078
2 0.9519230769230769 0.5144230769230769 0.038461538461538464 0.05889423076923077
2 0.9723557692307693 0.6189903846153846 0.05048076923076923 0.0889423076923077
2 0.8365384615384616 0.38822115384615385 0.036057692307692304 0.055288461538461536
2 0.4519230769230769 0.3173076923076923 0.037259615384615384 0.04807692307692308
2 0.5348557692307693 0.3605769230769231 0.028846153846153848 0.052884615384615384
2 0.4423076923076923 0.3641826923076923 0.04447115384615385 0.054086538461538464
2 0.4807692307692308 0.27403846153846156 0.028846153846153848 0.04447115384615385