2 0.9110576923076923 0.42788461538461536 0.06971153846153846 0.07451923076923077
2 0.5168269230769231 0.24278846153846154 0.06490384615384616 0.09375
2 0.46875 0.21634615384615385 0.04927884615384615 0.08774038461538461
2 0.5625 0.19951923076923078 0.03245192307692308 0.04447115384615385
2 0.6069711538461539 0.20072115384615385 0.039663461538461536 0.05048076923076923
2 0.3581730769230769 0.3088942307692308 0.07451923076923077 0.09254807692307693
2 0.056490384615384616 0.47836538461538464 0.07091346153846154 0.11177884615384616
2 0.09975961538461539 0.37740384615384615 0.03485576923076923 0.0625
2 0.15504807692307693 0.34375 0.06370192307692307 0.08533653846153846
2 0.4230769230769231 0.5889423076923077 0.09615384615384616 0.17307692307692307
2 0.7439903846153846 0.6298076923076923 0.19591346153846154 0.2860576923076923
2 0.5685096153846154 0.14182692307692307 0.08533653846153846 0.11538461538461539
2 0.5949519230769231 0.05048076923076923 0.07572115384615384 0.07091346153846154
2 0.16466346153846154 0.19110576923076922 0.054086538461538464 0.06971153846153846