2 0.890625 0.5625 0.04927884615384615 0.07451923076923077
2 0.08774038461538461 0.49399038461538464 0.037259615384615384 0.052884615384615384
2 0.06009615384615385 0.5661057692307693 0.04447115384615385 0.042067307692307696
2 0.44591346153846156 0.5372596153846154 0.037259615384615384 0.05889423076923077
2 0.4807692307692308 0.546875 0.05048076923076923 0.051682692307692304
2 0.6045673076923077 0.7247596153846154 0.052884615384615384 0.0889423076923077
2 0.4182692307692308 0.765625 0.040865384615384616 0.06850961538461539
2 0.45552884615384615 0.7692307692307693 0.042067307692307696 0.06610576923076923
2 0.9194711538461539 0.4579326923076923 0.042067307692307696 0.0625
2 0.8737980769230769 0.4723557692307692 0.040865384615384616 0.05048076923076923
2 0.9194711538461539 0.9567307692307693 0.0889423076923077 0.08173076923076923
2 0.7572115384615384 0.9134615384615384 0.056490384615384616 0.10216346153846154
2 0.9471153846153846 0.8137019230769231 0.0829326923076923 0.1141826923076923
2 0.7920673076923077 0.6526442307692307 0.07692307692307693 0.11298076923076923
2 0.5072115384615384 0.6430288461538461 0.038461538461538464 0.07211538461538461
2 0.4735576923076923 0.6850961538461539 0.038461538461538464 0.056490384615384616
2 0.35336538461538464 0.6153846153846154 0.038461538461538464 0.056490384615384616
2 0.28966346153846156 0.5420673076923077 0.04326923076923077 0.07451923076923077
2 0.359375 0.4543269230769231 0.037259615384615384 0.04807692307692308
2 0.36899038461538464 0.4074519230769231 0.038461538461538464 0.05048076923076923
2 0.39903846153846156 0.36177884615384615 0.03245192307692308 0.040865384615384616
2 0.4519230769230769 0.42788461538461536 0.021634615384615384 0.056490384615384616