2 0.23197115384615385 0.35697115384615385 0.039663461538461536 0.056490384615384616
2 0.359375 0.2247596153846154 0.037259615384615384 0.040865384615384616
2 0.359375 0.5048076923076923 0.051682692307692304 0.06850961538461539
2 0.4170673076923077 0.5721153846153846 0.05048076923076923 0.07451923076923077
2 0.3389423076923077 0.7235576923076923 0.04927884615384615 0.08413461538461539
2 0.4387019230769231 0.09134615384615384 0.03485576923076923 0.04447115384615385
2 0.9242788461538461 0.29086538461538464 0.0985576923076923 0.09495192307692307
2 0.5649038461538461 0.6742788461538461 0.04807692307692308 0.08653846153846154
2 0.7728365384615384 0.9362980769230769 0.0889423076923077 0.12259615384615384
2 0.6586538461538461 0.125 0.051682692307692304 0.05889423076923077
2 0.09014423076923077 0.6129807692307693 0.030048076923076924 0.0625
2 0.03125 0.5372596153846154 0.04927884615384615 0.0625
2 0.2608173076923077 0.390625 0.039663461538461536 0.08052884615384616
2 0.38341346153846156 0.359375 0.03485576923076923 0.07211538461538461
2 0.3317307692307692 0.5516826923076923 0.05048076923076923 0.07211538461538461
2 0.6574519230769231 0.7632211538461539 0.037259615384615384 0.05889423076923077
3 0.44711538461538464 0.20793269230769232 0.06129807692307692 0.0985576923076923