2 0.2704326923076923 0.19831730769230768 0.03485576923076923 0.07211538461538461
2 0.5625 0.20673076923076922 0.046875 0.07692307692307693
2 0.546875 0.16826923076923078 0.04927884615384615 0.09375
2 0.6153846153846154 0.38221153846153844 0.11658653846153846 0.13942307692307693
2 0.7043269230769231 0.4543269230769231 0.13942307692307693 0.23557692307692307
2 0.6129807692307693 0.9314903846153846 0.09615384615384616 0.13221153846153846
2 0.6346153846153846 0.7932692307692307 0.07451923076923077 0.12259615384615384
2 0.43509615384615385 0.6730769230769231 0.046875 0.07091346153846154
2 0.4098557692307692 0.6418269230769231 0.06971153846153846 0.11538461538461539
2 0.39903846153846156 0.8185096153846154 0.125 0.2247596153846154
2 0.21634615384615385 0.5925480769230769 0.055288461538461536 0.11899038461538461
2 0.19230769230769232 0.46875 0.040865384615384616 0.09254807692307693
2 0.09615384615384616 0.6670673076923077 0.046875 0.0625