2 0.96875 0.9194711538461539 0.057692307692307696 0.15625
1 0.41346153846153844 0.7139423076923077 0.09615384615384616 0.0625
1 0.6514423076923077 0.9230769230769231 0.11899038461538461 0.15264423076923078
1 0.8461538461538461 0.5745192307692307 0.11538461538461539 0.15384615384615385
1 0.7524038461538461 0.6574519230769231 0.12620192307692307 0.2692307692307692
0 0.7800480769230769 0.5108173076923077 0.078125 0.13701923076923078
0 0.859375 0.5 0.07211538461538461 0.1310096153846154
0 0.96875 0.4807692307692308 0.057692307692307696 0.13942307692307693
2 0.3401442307692308 0.75 0.04447115384615385 0.07091346153846154
2 0.14182692307692307 0.6286057692307693 0.052884615384615384 0.07572115384615384
0 0.6550480769230769 0.5925480769230769 0.07451923076923077 0.13701923076923078
0 0.6105769230769231 0.4639423076923077 0.09375 0.16706730769230768
0 0.5697115384615384 0.32572115384615385 0.0985576923076923 0.17427884615384615
0 0.6586538461538461 0.3473557692307692 0.06971153846153846 0.13701923076923078
0 0.7139423076923077 0.3088942307692308 0.09014423076923077 0.1658653846153846
0 0.7487980769230769 0.21634615384615385 0.0829326923076923 0.15865384615384615
0 0.6586538461538461 0.1875 0.09615384615384616 0.1778846153846154
1 0.8269230769230769 0.11899038461538461 0.171875 0.08413461538461539
0 0.8425480769230769 0.15264423076923078 0.11899038461538461 0.1658653846153846
0 0.9423076923076923 0.15384615384615385 0.10576923076923077 0.17668269230769232
0 0.9891826923076923 0.17067307692307693 0.020432692307692308 0.14543269230769232
3 0.3161057692307692 0.37740384615384615 0.0733173076923077 0.14783653846153846
3 0.3762019230769231 0.2403846153846154 0.08533653846153846 0.09495192307692307
2 0.5661057692307693 0.07451923076923077 0.052884615384615384 0.07572115384615384