2 0.19831730769230768 0.31009615384615385 0.028846153846153848 0.046875
2 0.6081730769230769 0.22115384615384615 0.03485576923076923 0.042067307692307696
2 0.65625 0.23197115384615385 0.037259615384615384 0.037259615384615384
2 0.5336538461538461 0.22596153846153846 0.052884615384615384 0.06850961538461539
2 0.5709134615384616 0.2608173076923077 0.0625 0.078125
2 0.2620192307692308 0.15745192307692307 0.051682692307692304 0.056490384615384616
2 0.15745192307692307 0.38221153846153844 0.06009615384615385 0.08413461538461539
2 0.24639423076923078 0.28365384615384615 0.05889423076923077 0.07451923076923077
2 0.43028846153846156 0.2764423076923077 0.06490384615384616 0.09134615384615384
2 0.625 0.17307692307692307 0.07572115384615384 0.0889423076923077
2 0.6538461538461539 0.10096153846153846 0.07091346153846154 0.07451923076923077
2 0.75 0.5889423076923077 0.16346153846153846 0.21394230769230768
2 0.4651442307692308 0.5288461538461539 0.0985576923076923 0.13942307692307693
2 0.9050480769230769 0.46153846153846156 0.06129807692307692 0.07091346153846154