0 0.984375 0.8834134615384616 0.030048076923076924 0.12620192307692307
2 0.6875 0.40384615384615385 0.046875 0.052884615384615384
0 0.6935096153846154 0.5961538461538461 0.10576923076923077 0.21033653846153846
0 0.7427884615384616 0.7584134615384616 0.10576923076923077 0.18990384615384615
0 0.8088942307692307 0.9110576923076923 0.10336538461538461 0.17307692307692307
0 0.8088942307692307 0.6322115384615384 0.09375 0.20072115384615385
0 0.8966346153846154 0.6334134615384616 0.10697115384615384 0.203125
0 0.9134615384615384 0.5072115384615384 0.10576923076923077 0.1971153846153846
0 0.9795673076923077 0.42427884615384615 0.039663461538461536 0.17427884615384615
0 0.7992788461538461 0.4266826923076923 0.11778846153846154 0.21754807692307693
0 0.8509615384615384 0.2956730769230769 0.11899038461538461 0.21153846153846154
0 0.9603365384615384 0.17908653846153846 0.078125 0.18990384615384615
3 0.04567307692307692 0.6526442307692307 0.0733173076923077 0.18509615384615385
3 0.38822115384615385 0.59375 0.08774038461538461 0.19230769230769232
3 0.4495192307692308 0.4387019230769231 0.10817307692307693 0.12259615384615384
1 0.5072115384615384 0.9807692307692307 0.10576923076923077 0.037259615384615384
2 0.6646634615384616 0.24879807692307693 0.06490384615384616 0.08413461538461539
1 0.9423076923076923 0.3762019230769231 0.11057692307692307 0.11298076923076923