2 0.3293269230769231 0.21754807692307693 0.03125 0.040865384615384616
2 0.6646634615384616 0.4495192307692308 0.07211538461538461 0.09975961538461539
2 0.9651442307692307 0.20192307692307693 0.06490384615384616 0.08653846153846154
2 0.5 0.17668269230769232 0.036057692307692304 0.055288461538461536
2 0.49399038461538464 0.49038461538461536 0.05889423076923077 0.07692307692307693
2 0.6983173076923077 0.3786057692307692 0.06370192307692307 0.0829326923076923
2 0.5733173076923077 0.29447115384615385 0.052884615384615384 0.0733173076923077
2 0.6887019230769231 0.9086538461538461 0.12980769230769232 0.1814903846153846
2 0.4963942307692308 0.7596153846153846 0.07572115384615384 0.1310096153846154
2 0.2824519230769231 0.4987980769230769 0.055288461538461536 0.08052884615384616
2 0.07451923076923077 0.7391826923076923 0.0625 0.0889423076923077
2 0.35216346153846156 0.41947115384615385 0.056490384615384616 0.06971153846153846
2 0.8293269230769231 0.875 0.04807692307692308 0.04927884615384615
2 0.6009615384615384 0.5348557692307693 0.06009615384615385 0.07692307692307693
2 0.5769230769230769 0.4807692307692308 0.06009615384615385 0.06610576923076923
2 0.6430288461538461 0.5168269230769231 0.03125 0.038461538461538464
2 0.6754807692307693 0.5360576923076923 0.03485576923076923 0.042067307692307696