2 0.5264423076923077 0.25600961538461536 0.028846153846153848 0.0625
2 0.4723557692307692 0.22235576923076922 0.042067307692307696 0.036057692307692304
2 0.4387019230769231 0.25841346153846156 0.03485576923076923 0.042067307692307696
2 0.4495192307692308 0.35336538461538464 0.04567307692307692 0.052884615384615384
2 0.4831730769230769 0.36899038461538464 0.05048076923076923 0.05889423076923077
2 0.28365384615384615 0.5324519230769231 0.04927884615384615 0.054086538461538464
2 0.2980769230769231 0.5625 0.056490384615384616 0.056490384615384616
2 0.5480769230769231 0.359375 0.04567307692307692 0.07211538461538461
2 0.3786057692307692 0.5048076923076923 0.054086538461538464 0.08774038461538461
2 0.16346153846153846 0.546875 0.0625 0.07211538461538461
2 0.7752403846153846 0.6826923076923077 0.15985576923076922 0.2127403846153846
2 0.8629807692307693 0.7295673076923077 0.08052884615384616 0.14302884615384615
2 0.8509615384615384 0.7932692307692307 0.08052884615384616 0.13701923076923078
2 0.9026442307692307 0.8581730769230769 0.10096153846153846 0.14903846153846154
2 0.4182692307692308 0.4362980769230769 0.04447115384615385 0.07692307692307693
2 0.44350961538461536 0.4831730769230769 0.04927884615384615 0.08774038461538461
2 0.3425480769230769 0.39783653846153844 0.046875 0.06490384615384616
2 0.453125 0.9663461538461539 0.09615384615384616 0.06490384615384616
2 0.46875 0.8846153846153846 0.05889423076923077 0.08653846153846154