2 0.9771634615384616 0.38100961538461536 0.040865384615384616 0.05048076923076923
2 0.8221153846153846 0.625 0.03245192307692308 0.04326923076923077
2 0.7487980769230769 0.49038461538461536 0.03125 0.03365384615384615
2 0.90625 0.7139423076923077 0.08413461538461539 0.12139423076923077
2 0.765625 0.6466346153846154 0.07451923076923077 0.10576923076923077
3 0.9471153846153846 0.2620192307692308 0.1045673076923077 0.0985576923076923
2 0.9014423076923077 0.4230769230769231 0.06610576923076923 0.05889423076923077
2 0.828125 0.44591346153846156 0.08052884615384616 0.06971153846153846
2 0.6899038461538461 0.46274038461538464 0.06610576923076923 0.08413461538461539
2 0.5384615384615384 0.28125 0.04567307692307692 0.046875
2 0.4567307692307692 0.4951923076923077 0.03245192307692308 0.03485576923076923
2 0.39783653846153844 0.3641826923076923 0.046875 0.04447115384615385
2 0.05889423076923077 0.20552884615384615 0.03365384615384615 0.056490384615384616
2 0.4735576923076923 0.921875 0.06610576923076923 0.0985576923076923