2 0.22235576923076922 0.34134615384615385 0.078125 0.09735576923076923
2 0.2704326923076923 0.2548076923076923 0.03365384615384615 0.056490384615384616
2 0.3233173076923077 0.234375 0.07211538461538461 0.08653846153846154
2 0.04326923076923077 0.3798076923076923 0.057692307692307696 0.057692307692307696
2 0.33774038461538464 0.08413461538461539 0.052884615384615384 0.055288461538461536
2 0.2644230769230769 0.027644230769230768 0.039663461538461536 0.051682692307692304
2 0.6262019230769231 0.04807692307692308 0.08413461538461539 0.09014423076923077
2 0.5528846153846154 0.265625 0.08653846153846154 0.12620192307692307
2 0.6754807692307693 0.24879807692307693 0.08173076923076923 0.10576923076923077
2 0.7548076923076923 0.296875 0.07211538461538461 0.1045673076923077
2 0.8052884615384616 0.18870192307692307 0.09735576923076923 0.13701923076923078
2 0.8353365384615384 0.10216346153846154 0.09495192307692307 0.10336538461538461
2 0.6262019230769231 0.6262019230769231 0.13221153846153846 0.1935096153846154
2 0.8569711538461539 0.2848557692307692 0.04807692307692308 0.04447115384615385