2 0.4567307692307692 0.9495192307692307 0.03245192307692308 0.05889423076923077
2 0.45072115384615385 0.7524038461538461 0.028846153846153848 0.046875
2 0.8918269230769231 0.7716346153846154 0.03485576923076923 0.057692307692307696
2 0.8329326923076923 0.6935096153846154 0.03125 0.04567307692307692
2 0.75 0.5973557692307693 0.025240384615384616 0.042067307692307696
3 0.5877403846153846 0.9074519230769231 0.04326923076923077 0.07572115384615384
3 0.6262019230769231 0.796875 0.04927884615384615 0.0889423076923077
3 0.5661057692307693 0.7307692307692307 0.04326923076923077 0.06009615384615385
3 0.5697115384615384 0.5757211538461539 0.039663461538461536 0.054086538461538464
3 0.49278846153846156 0.47115384615384615 0.04326923076923077 0.042067307692307696
3 0.3401442307692308 0.5336538461538461 0.04326923076923077 0.06009615384615385
3 0.19471153846153846 0.49158653846153844 0.04927884615384615 0.057692307692307696