2 0.7091346153846154 0.25240384615384615 0.036057692307692304 0.051682692307692304
2 0.6658653846153846 0.24759615384615385 0.030048076923076924 0.040865384615384616
2 0.19110576923076922 0.3629807692307692 0.078125 0.08533653846153846
2 0.2764423076923077 0.28125 0.07211538461538461 0.06610576923076923
2 0.296875 0.13701923076923078 0.052884615384615384 0.05889423076923077
2 0.4735576923076923 0.2692307692307692 0.07451923076923077 0.10096153846153846
2 0.5132211538461539 0.546875 0.09014423076923077 0.15384615384615385
2 0.8149038461538461 0.6586538461538461 0.18389423076923078 0.2668269230769231
2 0.9314903846153846 0.8137019230769231 0.13221153846153846 0.17548076923076922
2 0.9519230769230769 0.22596153846153846 0.09134615384615384 0.125
2 0.6201923076923077 0.27283653846153844 0.06370192307692307 0.09254807692307693
2 0.5673076923076923 0.23557692307692307 0.06129807692307692 0.08774038461538461
2 0.23076923076923078 0.10336538461538461 0.03485576923076923 0.05048076923076923
2 0.22235576923076922 0.3016826923076923 0.02283653846153846 0.027644230769230768