3 0.1346153846153846 0.6502403846153846 0.10697115384615384 0.13701923076923078
2 0.3088942307692308 0.37259615384615385 0.04447115384615385 0.0673076923076923
2 0.25240384615384615 0.4074519230769231 0.03125 0.039663461538461536
2 0.5949519230769231 0.24278846153846154 0.038461538461538464 0.0673076923076923
2 0.6274038461538461 0.9423076923076923 0.11538461538461539 0.11057692307692307
2 0.6502403846153846 0.8149038461538461 0.06129807692307692 0.10216346153846154
2 0.6887019230769231 0.8774038461538461 0.046875 0.06009615384615385
2 0.9411057692307693 0.7620192307692307 0.11298076923076923 0.24519230769230768
2 0.4831730769230769 0.6033653846153846 0.06610576923076923 0.09375
2 0.47836538461538464 0.4699519230769231 0.04567307692307692 0.05889423076923077
2 0.3762019230769231 0.5913461538461539 0.039663461538461536 0.06009615384615385
3 0.19591346153846154 0.5288461538461539 0.12620192307692307 0.11298076923076923
3 0.7067307692307693 0.0829326923076923 0.0733173076923077 0.0625
2 0.9134615384615384 0.38461538461538464 0.07091346153846154 0.09735576923076923
2 0.9242788461538461 0.46033653846153844 0.06971153846153846 0.054086538461538464
2 0.96875 0.22956730769230768 0.06129807692307692 0.055288461538461536