2 0.1310096153846154 0.7019230769230769 0.04567307692307692 0.06370192307692307
3 0.38100961538461536 0.04447115384615385 0.055288461538461536 0.056490384615384616
2 0.45913461538461536 0.8786057692307693 0.14783653846153846 0.2283653846153846
2 0.46274038461538464 0.6838942307692307 0.06370192307692307 0.12740384615384615
2 0.4987980769230769 0.7235576923076923 0.04807692307692308 0.07091346153846154
2 0.7247596153846154 0.8774038461538461 0.08774038461538461 0.15384615384615385
2 0.7944711538461539 0.5036057692307693 0.16706730769230768 0.24639423076923078
2 0.6850961538461539 0.42427884615384615 0.1310096153846154 0.14783653846153846
2 0.2283653846153846 0.4951923076923077 0.04326923076923077 0.09375
2 0.26802884615384615 0.6105769230769231 0.046875 0.08774038461538461
2 0.30528846153846156 0.21875 0.037259615384615384 0.0673076923076923
2 0.5961538461538461 0.20192307692307693 0.04447115384615385 0.09134615384615384
2 0.6117788461538461 0.23557692307692307 0.051682692307692304 0.09254807692307693
2 0.6286057692307693 0.056490384615384616 0.0733173076923077 0.06850961538461539