2 0.609375 0.46274038461538464 0.03365384615384615 0.04927884615384615
2 0.15625 0.5552884615384616 0.02403846153846154 0.040865384615384616
2 0.17427884615384615 0.5048076923076923 0.02403846153846154 0.03125
2 0.17548076923076922 0.46153846153846156 0.019230769230769232 0.03245192307692308
3 0.3713942307692308 0.4110576923076923 0.06370192307692307 0.12980769230769232
3 0.32572115384615385 0.33533653846153844 0.038461538461538464 0.056490384615384616
3 0.3713942307692308 0.2692307692307692 0.03125 0.054086538461538464
3 0.34134615384615385 0.2644230769230769 0.025240384615384616 0.042067307692307696
3 0.5841346153846154 0.15745192307692307 0.0625 0.05889423076923077
3 0.5961538461538461 0.41947115384615385 0.04326923076923077 0.07932692307692307
3 0.53125 0.7560096153846154 0.09735576923076923 0.17668269230769232
1 0.2932692307692308 0.5564903846153846 0.046875 0.08413461538461539