1 0.9182692307692307 0.29086538461538464 0.10216346153846154 0.11778846153846154
2 0.24278846153846154 0.30649038461538464 0.054086538461538464 0.0829326923076923
2 0.3004807692307692 0.09254807692307693 0.040865384615384616 0.038461538461538464
2 0.49038461538461536 0.24639423076923078 0.04567307692307692 0.0625
2 0.5324519230769231 0.0985576923076923 0.039663461538461536 0.054086538461538464
2 0.8197115384615384 0.056490384615384616 0.04807692307692308 0.06610576923076923
2 0.7091346153846154 0.4098557692307692 0.06490384615384616 0.0829326923076923
2 0.6418269230769231 0.6225961538461539 0.07572115384615384 0.11538461538461539
2 0.5829326923076923 0.640625 0.0733173076923077 0.12139423076923077
2 0.7584134615384616 0.7019230769230769 0.0673076923076923 0.11658653846153846
2 0.7247596153846154 0.8125 0.08774038461538461 0.13822115384615385
2 0.5697115384615384 0.9290865384615384 0.07211538461538461 0.13341346153846154
2 0.4951923076923077 0.9170673076923077 0.0625 0.125
2 0.5925480769230769 0.3329326923076923 0.046875 0.06850961538461539
2 0.5288461538461539 0.3449519230769231 0.052884615384615384 0.056490384615384616
2 0.28966346153846156 0.4699519230769231 0.05048076923076923 0.0673076923076923
2 0.23918269230769232 0.46153846153846156 0.04807692307692308 0.0673076923076923
3 0.8269230769230769 0.27524038461538464 0.13221153846153846 0.1622596153846154
2 0.6766826923076923 0.17908653846153846 0.054086538461538464 0.04567307692307692