2 0.8112980769230769 0.23076923076923078 0.09495192307692307 0.109375
2 0.8810096153846154 0.20072115384615385 0.057692307692307696 0.06129807692307692
2 0.9362980769230769 0.24519230769230768 0.05889423076923077 0.06370192307692307
2 0.7512019230769231 0.15384615384615385 0.07692307692307693 0.09014423076923077
2 0.2848557692307692 0.15504807692307693 0.08653846153846154 0.109375
2 0.015625 0.43990384615384615 0.03125 0.109375
2 0.6298076923076923 0.5540865384615384 0.12740384615384615 0.20192307692307693
2 0.6069711538461539 0.1814903846153846 0.07572115384615384 0.10336538461538461
2 0.9002403846153846 0.12860576923076922 0.11658653846153846 0.12860576923076922
2 0.9435096153846154 0.04447115384615385 0.10817307692307693 0.08413461538461539
2 0.9567307692307693 0.8449519230769231 0.08413461538461539 0.3088942307692308
2 0.38822115384615385 0.07451923076923077 0.06850961538461539 0.07692307692307693