0 0.24759615384615385 0.3137019230769231 0.09615384615384616 0.11057692307692307
0 0.24759615384615385 0.4098557692307692 0.0673076923076923 0.09735576923076923
0 0.31850961538461536 0.4266826923076923 0.06370192307692307 0.10096153846153846
0 0.40024038461538464 0.47115384615384615 0.08052884615384616 0.11658653846153846
0 0.4723557692307692 0.07091346153846154 0.08774038461538461 0.11778846153846154
0 0.7391826923076923 0.13942307692307693 0.0889423076923077 0.09014423076923077
0 0.8641826923076923 0.3137019230769231 0.12139423076923077 0.12379807692307693
0 0.6310096153846154 0.6237980769230769 0.08774038461538461 0.109375
0 0.3545673076923077 0.9146634615384616 0.06971153846153846 0.10697115384615384
0 0.2764423076923077 0.8629807692307693 0.08533653846153846 0.11057692307692307
3 0.1502403846153846 0.2860576923076923 0.12740384615384615 0.13822115384615385
3 0.24519230769230768 0.04326923076923077 0.07932692307692307 0.0829326923076923
3 0.3894230769230769 0.08173076923076923 0.06370192307692307 0.10336538461538461
3 0.546875 0.3161057692307692 0.09014423076923077 0.11298076923076923
1 0.5805288461538461 0.9146634615384616 0.11298076923076923 0.11899038461538461
3 0.6875 0.9002403846153846 0.09014423076923077 0.12620192307692307
3 0.7956730769230769 0.6346153846153846 0.10096153846153846 0.1466346153846154
3 0.5168269230769231 0.49399038461538464 0.0733173076923077 0.12740384615384615
3 0.38822115384615385 0.6237980769230769 0.0829326923076923 0.14302884615384615
3 0.14903846153846154 0.5108173076923077 0.08173076923076923 0.10697115384615384
3 0.052884615384615384 0.640625 0.08653846153846154 0.0985576923076923
3 0.2091346153846154 0.7403846153846154 0.11538461538461539 0.1502403846153846
1 0.9266826923076923 0.5072115384615384 0.14182692307692307 0.21153846153846154