0 0.65625 0.4735576923076923 0.037259615384615384 0.07091346153846154
0 0.5853365384615384 0.546875 0.030048076923076924 0.056490384615384616
0 0.5673076923076923 0.59375 0.03485576923076923 0.07211538461538461
0 0.5108173076923077 0.5096153846153846 0.028846153846153848 0.06370192307692307
0 0.5216346153846154 0.5853365384615384 0.028846153846153848 0.07572115384615384
0 0.5024038461538461 0.6045673076923077 0.018028846153846152 0.036057692307692304
0 0.47836538461538464 0.5564903846153846 0.037259615384615384 0.07451923076923077
0 0.5204326923076923 0.7043269230769231 0.03245192307692308 0.06009615384615385
0 0.4795673076923077 0.6622596153846154 0.025240384615384616 0.055288461538461536
1 0.453125 0.6802884615384616 0.027644230769230768 0.056490384615384616
0 0.42427884615384615 0.671875 0.030048076923076924 0.05889423076923077
0 0.43149038461538464 0.7295673076923077 0.02403846153846154 0.04447115384615385
0 0.453125 0.7620192307692307 0.02403846153846154 0.042067307692307696
0 0.4411057692307692 0.7944711538461539 0.02403846153846154 0.04927884615384615
0 0.4254807692307692 0.7704326923076923 0.018028846153846152 0.042067307692307696
0 0.3954326923076923 0.7848557692307693 0.02283653846153846 0.04447115384615385
0 0.38461538461538464 0.7427884615384616 0.026442307692307692 0.051682692307692304
0 0.3894230769230769 0.6935096153846154 0.028846153846153848 0.052884615384615384
0 0.3545673076923077 0.7379807692307693 0.02283653846153846 0.04326923076923077
0 0.3629807692307692 0.6923076923076923 0.021634615384615384 0.042067307692307696
3 0.5721153846153846 0.8617788461538461 0.020432692307692308 0.036057692307692304
3 0.6262019230769231 0.8737980769230769 0.039663461538461536 0.07211538461538461
2 0.6442307692307693 0.3317307692307692 0.028846153846153848 0.037259615384615384
2 0.7872596153846154 0.90625 0.037259615384615384 0.0625
1 0.6646634615384616 0.5625 0.05048076923076923 0.04927884615384615
1 0.7560096153846154 0.15985576923076922 0.040865384615384616 0.03245192307692308
1 0.7331730769230769 0.3317307692307692 0.018028846153846152 0.03485576923076923
1 0.7908653846153846 0.2956730769230769 0.028846153846153848 0.04927884615384615
1 0.5949519230769231 0.38221153846153844 0.042067307692307696 0.07692307692307693
3 0.4543269230769231 0.8870192307692307 0.05889423076923077 0.17307692307692307
3 0.39783653846153844 0.9591346153846154 0.03485576923076923 0.08052884615384616
2 0.38822115384615385 0.9086538461538461 0.021634615384615384 0.038461538461538464
2 0.38221153846153844 0.8521634615384616 0.020432692307692308 0.040865384615384616
0 0.3112980769230769 0.6009615384615384 0.019230769230769232 0.03485576923076923
0 0.3112980769230769 0.6730769230769231 0.019230769230769232 0.04326923076923077
0 0.32211538461538464 0.6298076923076923 0.018028846153846152 0.04447115384615385
0 0.3269230769230769 0.7127403846153846 0.018028846153846152 0.036057692307692304
0 0.3389423076923077 0.6682692307692307 0.018028846153846152 0.04567307692307692
0 0.3545673076923077 0.5949519230769231 0.019230769230769232 0.040865384615384616
0 0.36658653846153844 0.6153846153846154 0.02283653846153846 0.042067307692307696