2 0.7788461538461539 0.21153846153846154 0.042067307692307696 0.042067307692307696
2 0.8713942307692307 0.9290865384615384 0.10697115384615384 0.13822115384615385
2 0.8521634615384616 0.7896634615384616 0.08653846153846154 0.16826923076923078
2 0.7632211538461539 0.7319711538461539 0.15144230769230768 0.25721153846153844
2 0.3112980769230769 0.3137019230769231 0.052884615384615384 0.078125
2 0.3870192307692308 0.3713942307692308 0.051682692307692304 0.08052884615384616
2 0.41346153846153844 0.4254807692307692 0.056490384615384616 0.0889423076923077
2 0.34375 0.4362980769230769 0.055288461538461536 0.08173076923076923
2 0.25240384615384615 0.49399038461538464 0.057692307692307696 0.05889423076923077
2 0.10817307692307693 0.45072115384615385 0.06490384615384616 0.08653846153846154
2 0.4639423076923077 0.31009615384615385 0.055288461538461536 0.06850961538461539
2 0.42908653846153844 0.28365384615384615 0.042067307692307696 0.051682692307692304
2 0.41466346153846156 0.17307692307692307 0.03485576923076923 0.04567307692307692
2 0.5060096153846154 0.1875 0.036057692307692304 0.056490384615384616
2 0.5288461538461539 0.30649038461538464 0.04927884615384615 0.07091346153846154
2 0.4831730769230769 0.4110576923076923 0.06129807692307692 0.078125
2 0.24278846153846154 0.46634615384615385 0.055288461538461536 0.046875
2 0.23076923076923078 0.4411057692307692 0.042067307692307696 0.039663461538461536