2 0.125 0.3016826923076923 0.027644230769230768 0.036057692307692304
2 0.8569711538461539 0.6850961538461539 0.06490384615384616 0.06971153846153846
2 0.5757211538461539 0.27884615384615385 0.04326923076923077 0.052884615384615384
2 0.6129807692307693 0.2956730769230769 0.046875 0.046875
2 0.47836538461538464 0.2548076923076923 0.054086538461538464 0.0733173076923077
2 0.5180288461538461 0.31971153846153844 0.0673076923076923 0.09014423076923077
2 0.6201923076923077 0.1045673076923077 0.07932692307692307 0.09254807692307693
2 0.5853365384615384 0.20192307692307693 0.08774038461538461 0.11899038461538461
2 0.6802884615384616 0.8076923076923077 0.18028846153846154 0.2764423076923077
2 0.3918269230769231 0.6538461538461539 0.10096153846153846 0.16947115384615385
2 0.4519230769230769 0.038461538461538464 0.07211538461538461 0.06850961538461539
2 0.17668269230769232 0.27163461538461536 0.0673076923076923 0.08413461538461539
2 0.07572115384615384 0.38341346153846156 0.07451923076923077 0.1141826923076923
2 0.3713942307692308 0.31009615384615385 0.06610576923076923 0.11057692307692307