1 0.7151442307692307 0.34375 0.12860576923076922 0.22355769230769232
0 0.6959134615384616 0.18389423076923078 0.10216346153846154 0.16105769230769232
0 0.2764423076923077 0.9495192307692307 0.06490384615384616 0.0985576923076923
3 0.9134615384615384 0.8918269230769231 0.12860576923076922 0.21514423076923078
1 0.9350961538461539 0.49399038461538464 0.12860576923076922 0.11057692307692307
0 0.39783653846153844 0.2283653846153846 0.056490384615384616 0.08533653846153846
0 0.29447115384615385 0.390625 0.0673076923076923 0.08653846153846154
0 0.5745192307692307 0.24879807692307693 0.07451923076923077 0.11298076923076923
0 0.7536057692307693 0.41466346153846156 0.08653846153846154 0.13341346153846154
0 0.7728365384615384 0.9242788461538461 0.13221153846153846 0.14903846153846154
0 0.34134615384615385 0.65625 0.07451923076923077 0.11538461538461539