2 0.296875 0.5 0.052884615384615384 0.04807692307692308
2 0.9519230769230769 0.921875 0.09495192307692307 0.15504807692307693
2 0.9158653846153846 0.8713942307692307 0.11778846153846154 0.14302884615384615
2 0.9326923076923077 0.7596153846153846 0.10576923076923077 0.17307692307692307
2 0.8377403846153846 0.7175480769230769 0.18028846153846154 0.2620192307692308
2 0.46634615384615385 0.453125 0.056490384615384616 0.08052884615384616
2 0.4387019230769231 0.4026442307692308 0.04927884615384615 0.09254807692307693
2 0.3954326923076923 0.47115384615384615 0.056490384615384616 0.09134615384615384
2 0.3088942307692308 0.5300480769230769 0.055288461538461536 0.06490384615384616
2 0.17427884615384615 0.5048076923076923 0.06490384615384616 0.0673076923076923
2 0.8353365384615384 0.20192307692307693 0.052884615384615384 0.051682692307692304
2 0.5733173076923077 0.33413461538461536 0.06370192307692307 0.09495192307692307
2 0.5072115384615384 0.33653846153846156 0.0625 0.07451923076923077
2 0.47475961538461536 0.3088942307692308 0.04567307692307692 0.0625
2 0.46033653846153844 0.2127403846153846 0.03365384615384615 0.04567307692307692
2 0.5540865384615384 0.21153846153846154 0.028846153846153848 0.05889423076923077
2 0.3605769230769231 0.3581730769230769 0.056490384615384616 0.08052884615384616