0 0.8557692307692307 0.8245192307692307 0.10576923076923077 0.17548076923076922
0 0.7776442307692307 0.9110576923076923 0.09254807692307693 0.17668269230769232
0 0.6814903846153846 0.8713942307692307 0.10817307692307693 0.20072115384615385
0 0.9350961538461539 0.8149038461538461 0.08774038461538461 0.16826923076923078
0 0.9759615384615384 0.7860576923076923 0.04326923076923077 0.1875
0 0.703125 0.7199519230769231 0.09735576923076923 0.17548076923076922
0 0.7728365384615384 0.5877403846153846 0.09975961538461539 0.171875
0 0.9543269230769231 0.38461538461538464 0.08653846153846154 0.12980769230769232
1 0.8269230769230769 0.7620192307692307 0.1622596153846154 0.12139423076923077
1 0.49038461538461536 0.140625 0.04326923076923077 0.15745192307692307
2 0.5228365384615384 0.6802884615384616 0.06129807692307692 0.11057692307692307
2 0.5793269230769231 0.8653846153846154 0.04567307692307692 0.056490384615384616
2 0.6237980769230769 0.6995192307692307 0.038461538461538464 0.04447115384615385
2 0.6322115384615384 0.09375 0.039663461538461536 0.04807692307692308