2 0.26322115384615385 0.015625 0.037259615384615384 0.03125
2 0.6442307692307693 0.037259615384615384 0.08173076923076923 0.06610576923076923
2 0.036057692307692304 0.3641826923076923 0.06490384615384616 0.06610576923076923
2 0.7704326923076923 0.2980769230769231 0.056490384615384616 0.11057692307692307
2 0.8798076923076923 0.28846153846153844 0.052884615384615384 0.056490384615384616
2 0.7043269230769231 0.23677884615384615 0.06850961538461539 0.09014423076923077
2 0.8545673076923077 0.0985576923076923 0.0985576923076923 0.09014423076923077
2 0.8245192307692307 0.1778846153846154 0.10216346153846154 0.11658653846153846
2 0.6382211538461539 0.6430288461538461 0.13221153846153846 0.19951923076923078
2 0.5673076923076923 0.27283653846153844 0.09615384615384616 0.11899038461538461
2 0.3425480769230769 0.0733173076923077 0.05889423076923077 0.06009615384615385
2 0.27283653846153844 0.24759615384615385 0.037259615384615384 0.04927884615384615
2 0.33052884615384615 0.22235576923076922 0.0733173076923077 0.0889423076923077
2 0.22355769230769232 0.3245192307692308 0.07451923076923077 0.10336538461538461