2 0.5649038461538461 0.9387019230769231 0.09615384615384616 0.11778846153846154
2 0.7439903846153846 0.25 0.109375 0.16346153846153846
2 0.7860576923076923 0.4483173076923077 0.09615384615384616 0.15865384615384615
2 0.7223557692307693 0.6814903846153846 0.11778846153846154 0.18990384615384615
2 0.8377403846153846 0.6201923076923077 0.13341346153846154 0.20432692307692307
2 0.40384615384615385 0.9206730769230769 0.0889423076923077 0.15745192307692307
2 0.44350961538461536 0.7788461538461539 0.0829326923076923 0.18509615384615385
2 0.41466346153846156 0.5048076923076923 0.11899038461538461 0.17668269230769232
2 0.2644230769230769 0.4098557692307692 0.06490384615384616 0.11538461538461539
2 0.054086538461538464 0.18629807692307693 0.06370192307692307 0.0985576923076923
1 0.7211538461538461 0.021634615384615384 0.06129807692307692 0.038461538461538464
1 0.06490384615384616 0.7692307692307693 0.12620192307692307 0.17548076923076922