0 0.17427884615384615 0.6502403846153846 0.04326923076923077 0.08052884615384616
1 0.8822115384615384 0.35697115384615385 0.09375 0.07932692307692307
3 0.5685096153846154 0.8521634615384616 0.09975961538461539 0.19591346153846154
1 0.5552884615384616 0.5673076923076923 0.09735576923076923 0.09735576923076923
0 0.6923076923076923 0.8798076923076923 0.07451923076923077 0.15144230769230768
0 0.65625 0.6262019230769231 0.05889423076923077 0.10697115384615384
0 0.6310096153846154 0.5853365384615384 0.056490384615384616 0.09975961538461539
0 0.42908653846153844 0.6009615384615384 0.0625 0.08774038461538461
0 0.6177884615384616 0.7536057692307693 0.09254807692307693 0.15384615384615385
0 0.49278846153846156 0.9302884615384616 0.08533653846153846 0.13701923076923078
0 0.046875 0.39302884615384615 0.036057692307692304 0.057692307692307696
0 0.09735576923076923 0.8329326923076923 0.05048076923076923 0.07091346153846154
0 0.28725961538461536 0.5745192307692307 0.0673076923076923 0.07091346153846154
0 0.20072115384615385 0.44591346153846156 0.04326923076923077 0.07451923076923077