3 0.9579326923076923 0.2512019230769231 0.0829326923076923 0.06490384615384616
2 0.9831730769230769 0.39302884615384615 0.028846153846153848 0.055288461538461536
2 0.9471153846153846 0.7788461538461539 0.10336538461538461 0.15384615384615385
2 0.9206730769230769 0.4519230769230769 0.06850961538461539 0.06610576923076923
2 0.8365384615384616 0.47475961538461536 0.09134615384615384 0.0889423076923077
2 0.6959134615384616 0.5132211538461539 0.07451923076923077 0.0889423076923077
2 0.7848557692307693 0.7103365384615384 0.08173076923076923 0.11658653846153846
2 0.44711538461538464 0.5600961538461539 0.038461538461538464 0.037259615384615384
2 0.5276442307692307 0.3317307692307692 0.04927884615384615 0.046875
2 0.38341346153846156 0.4266826923076923 0.052884615384615384 0.051682692307692304
2 0.036057692307692304 0.2860576923076923 0.037259615384615384 0.05889423076923077
2 0.7572115384615384 0.5288461538461539 0.03245192307692308 0.046875
2 0.8449519230769231 0.6742788461538461 0.042067307692307696 0.04567307692307692