0 0.96875 0.28365384615384615 0.06129807692307692 0.14423076923076922
0 0.7908653846153846 0.5024038461538461 0.11778846153846154 0.17908653846153846
0 0.7139423076923077 0.6574519230769231 0.11538461538461539 0.2091346153846154
0 0.9651442307692307 0.7415865384615384 0.06850961538461539 0.21394230769230768
0 0.8846153846153846 0.7560096153846154 0.11658653846153846 0.18990384615384615
0 0.8040865384615384 0.8713942307692307 0.09975961538461539 0.20072115384615385
0 0.8305288461538461 0.9771634615384616 0.08413461538461539 0.04447115384615385
0 0.7439903846153846 0.9675480769230769 0.07932692307692307 0.06009615384615385
0 0.6262019230769231 0.9819711538461539 0.0889423076923077 0.03125
0 0.6923076923076923 0.8257211538461539 0.11778846153846154 0.2091346153846154
1 0.8449519230769231 0.703125 0.16826923076923078 0.13942307692307693
2 0.6225961538461539 0.6346153846153846 0.04326923076923077 0.051682692307692304
2 0.5745192307692307 0.8269230769230769 0.046875 0.0625
2 0.5084134615384616 0.625 0.06971153846153846 0.11899038461538461