2 0.8774038461538461 0.3245192307692308 0.042067307692307696 0.07091346153846154
2 0.10216346153846154 0.5576923076923077 0.06009615384615385 0.08052884615384616
2 0.16706730769230768 0.5204326923076923 0.04807692307692308 0.08774038461538461
2 0.016826923076923076 0.6069711538461539 0.030048076923076924 0.052884615384615384
2 0.4375 0.5348557692307693 0.10096153846153846 0.11899038461538461
2 0.4411057692307692 0.9230769230769231 0.11177884615384616 0.15264423076923078
2 0.8257211538461539 0.7415865384615384 0.07451923076923077 0.09735576923076923
2 0.8509615384615384 0.6778846153846154 0.06850961538461539 0.07451923076923077
2 0.8629807692307693 0.6165865384615384 0.0829326923076923 0.10216346153846154
2 0.8834134615384616 0.4026442307692308 0.06129807692307692 0.0829326923076923
2 0.9182692307692307 0.3629807692307692 0.04567307692307692 0.05889423076923077
2 0.5456730769230769 0.9519230769230769 0.08653846153846154 0.09134615384615384
2 0.6189903846153846 0.4543269230769231 0.057692307692307696 0.07091346153846154
2 0.6370192307692307 0.3557692307692308 0.04807692307692308 0.055288461538461536
2 0.6947115384615384 0.34975961538461536 0.04447115384615385 0.06490384615384616
2 0.6826923076923077 0.2692307692307692 0.040865384615384616 0.052884615384615384
2 0.6334134615384616 0.296875 0.051682692307692304 0.07091346153846154
2 0.49158653846153844 0.5985576923076923 0.056490384615384616 0.07211538461538461
2 0.12620192307692307 0.4879807692307692 0.04567307692307692 0.06370192307692307
2 0.5745192307692307 0.33052884615384615 0.038461538461538464 0.036057692307692304