3 0.5456730769230769 0.8509615384615384 0.03245192307692308 0.04927884615384615
2 0.6694711538461539 0.06850961538461539 0.02283653846153846 0.030048076923076924
1 0.6057692307692307 0.07211538461538461 0.038461538461538464 0.03245192307692308
2 0.515625 0.25721153846153844 0.027644230769230768 0.038461538461538464
2 0.8197115384615384 0.7872596153846154 0.04447115384615385 0.06490384615384616
3 0.6262019230769231 0.8329326923076923 0.04927884615384615 0.08653846153846154
3 0.4014423076923077 0.9134615384615384 0.052884615384615384 0.171875
1 0.5637019230769231 0.4879807692307692 0.055288461538461536 0.0625
0 0.2127403846153846 0.6514423076923077 0.042067307692307696 0.052884615384615384
0 0.36658653846153844 0.6682692307692307 0.030048076923076924 0.05889423076923077
0 0.3557692307692308 0.5492788461538461 0.028846153846153848 0.0733173076923077
0 0.38221153846153844 0.5913461538461539 0.019230769230769232 0.046875
0 0.40625 0.5625 0.03125 0.0625
0 0.3870192307692308 0.4879807692307692 0.03365384615384615 0.0625
0 0.45913461538461536 0.5552884615384616 0.03125 0.0625
0 0.47596153846153844 0.5084134615384616 0.030048076923076924 0.056490384615384616
0 0.5492788461538461 0.39663461538461536 0.03485576923076923 0.07211538461538461
1 0.46634615384615385 0.32572115384615385 0.036057692307692304 0.09254807692307693
1 0.609375 0.22956730769230768 0.021634615384615384 0.030048076923076924
1 0.6610576923076923 0.17908653846153846 0.030048076923076924 0.046875