3 0.4651442307692308 0.8497596153846154 0.02283653846153846 0.036057692307692304
3 0.5072115384615384 0.8545673076923077 0.03365384615384615 0.06009615384615385
2 0.5877403846153846 0.06610576923076923 0.021634615384615384 0.036057692307692304
2 0.44471153846153844 0.2704326923076923 0.030048076923076924 0.036057692307692304
3 0.5865384615384616 0.8149038461538461 0.057692307692307696 0.09014423076923077
0 0.32572115384615385 0.5216346153846154 0.03485576923076923 0.06009615384615385
0 0.3485576923076923 0.5985576923076923 0.03485576923076923 0.07091346153846154
0 0.3269230769230769 0.6358173076923077 0.025240384615384616 0.04927884615384615
0 0.2932692307692308 0.5865384615384616 0.03485576923076923 0.05889423076923077
1 0.4014423076923077 0.34375 0.03125 0.09014423076923077
1 0.5072115384615384 0.4879807692307692 0.052884615384615384 0.046875
0 0.40625 0.5829326923076923 0.03365384615384615 0.0625
0 0.4170673076923077 0.5228365384615384 0.03365384615384615 0.06490384615384616
0 0.484375 0.4014423076923077 0.04326923076923077 0.07091346153846154
2 0.7776442307692307 0.7271634615384616 0.04567307692307692 0.0625
0 0.10096153846153846 0.7956730769230769 0.027644230769230768 0.055288461538461536
1 0.5396634615384616 0.23197115384615385 0.019230769230769232 0.027644230769230768
1 0.5853365384615384 0.171875 0.03125 0.036057692307692304
1 0.5228365384615384 0.07692307692307693 0.03245192307692308 0.028846153846153848