3 0.3004807692307692 0.7403846153846154 0.078125 0.08052884615384616
3 0.18870192307692307 0.5757211538461539 0.06610576923076923 0.06490384615384616
3 0.09975961538461539 0.5024038461538461 0.04567307692307692 0.05048076923076923
0 0.15745192307692307 0.41346153846153844 0.028846153846153848 0.042067307692307696
0 0.14302884615384615 0.44711538461538464 0.019230769230769232 0.02403846153846154
0 0.20072115384615385 0.47836538461538464 0.036057692307692304 0.046875
0 0.06370192307692307 0.6694711538461539 0.039663461538461536 0.042067307692307696
0 0.12860576923076922 0.7596153846153846 0.040865384615384616 0.042067307692307696
0 0.20192307692307693 0.7151442307692307 0.038461538461538464 0.057692307692307696
0 0.28966346153846156 0.7896634615384616 0.04326923076923077 0.056490384615384616
0 0.36538461538461536 0.9038461538461539 0.039663461538461536 0.06971153846153846
0 0.39663461538461536 0.5024038461538461 0.030048076923076924 0.026442307692307692
0 0.43028846153846156 0.48677884615384615 0.03485576923076923 0.042067307692307696
0 0.4675480769230769 0.5144230769230769 0.03125 0.038461538461538464
0 0.5144230769230769 0.578125 0.020432692307692308 0.03245192307692308
0 0.5673076923076923 0.6141826923076923 0.027644230769230768 0.04807692307692308
0 0.6009615384615384 0.6634615384615384 0.028846153846153848 0.05048076923076923
0 0.6153846153846154 0.6899038461538461 0.028846153846153848 0.042067307692307696
0 0.6887019230769231 0.7776442307692307 0.051682692307692304 0.07091346153846154
0 0.5564903846153846 0.8485576923076923 0.038461538461538464 0.046875
0 0.6394230769230769 0.8737980769230769 0.046875 0.06610576923076923
0 0.6682692307692307 0.9290865384615384 0.037259615384615384 0.046875
0 0.5192307692307693 0.9783653846153846 0.05048076923076923 0.042067307692307696