2 0.7283653846153846 0.27283653846153844 0.055288461538461536 0.055288461538461536
2 0.23197115384615385 0.59375 0.07932692307692307 0.10096153846153846
2 0.30288461538461536 0.4795673076923077 0.04807692307692308 0.06971153846153846
2 0.40865384615384615 0.4723557692307692 0.052884615384615384 0.07572115384615384
2 0.38341346153846156 0.4110576923076923 0.04807692307692308 0.07091346153846154
2 0.3786057692307692 0.35216346153846156 0.04567307692307692 0.06009615384615385
2 0.35096153846153844 0.6850961538461539 0.05889423076923077 0.1346153846153846
2 0.7560096153846154 0.8425480769230769 0.09134615384615384 0.13942307692307693
2 0.5805288461538461 0.7620192307692307 0.04326923076923077 0.07692307692307693
2 0.5444711538461539 0.6189903846153846 0.056490384615384616 0.08052884615384616
2 0.7091346153846154 0.5072115384615384 0.0625 0.08774038461538461
2 0.953125 0.5288461538461539 0.04326923076923077 0.0625
2 0.20072115384615385 0.5096153846153846 0.052884615384615384 0.07091346153846154
2 0.09615384615384616 0.44591346153846156 0.055288461538461536 0.07451923076923077