0 0.2692307692307692 0.8112980769230769 0.11778846153846154 0.17548076923076922
0 0.7896634615384616 0.9435096153846154 0.09615384615384616 0.10817307692307693
0 0.44711538461538464 0.96875 0.09735576923076923 0.056490384615384616
0 0.3293269230769231 0.328125 0.06490384615384616 0.11899038461538461
0 0.453125 0.17668269230769232 0.0625 0.10576923076923077
0 0.17427884615384615 0.30288461538461536 0.0733173076923077 0.11057692307692307
0 0.1971153846153846 0.1658653846153846 0.051682692307692304 0.07932692307692307
1 0.5168269230769231 0.6730769230769231 0.0889423076923077 0.10096153846153846
3 0.33533653846153844 0.7764423076923077 0.0733173076923077 0.12139423076923077
3 0.5120192307692307 0.3870192307692308 0.0889423076923077 0.140625
1 0.390625 0.3076923076923077 0.040865384615384616 0.16105769230769232
0 0.24639423076923078 0.10697115384615384 0.042067307692307696 0.08173076923076923
0 0.0985576923076923 0.11298076923076923 0.078125 0.0985576923076923