2 0.30528846153846156 0.7716346153846154 0.042067307692307696 0.06129807692307692
2 0.6754807692307693 0.8689903846153846 0.05048076923076923 0.10697115384615384
2 0.4963942307692308 0.8137019230769231 0.04807692307692308 0.07572115384615384
0 0.96875 0.9447115384615384 0.057692307692307696 0.10576923076923077
0 0.859375 0.9134615384615384 0.12860576923076922 0.17067307692307693
0 0.7956730769230769 0.7716346153846154 0.078125 0.140625
0 0.7043269230769231 0.5444711538461539 0.04326923076923077 0.0673076923076923
0 0.7127403846153846 0.2764423076923077 0.038461538461538464 0.056490384615384616
0 0.051682692307692304 0.828125 0.04447115384615385 0.0673076923076923
0 0.23197115384615385 0.47716346153846156 0.03485576923076923 0.057692307692307696
3 0.18389423076923078 0.6826923076923077 0.06129807692307692 0.08653846153846154
0 0.6826923076923077 0.046875 0.02403846153846154 0.04447115384615385
0 0.4519230769230769 0.24879807692307693 0.027644230769230768 0.04326923076923077