0 0.17427884615384615 0.5336538461538461 0.02403846153846154 0.05048076923076923
0 0.16706730769230768 0.4014423076923077 0.02403846153846154 0.05048076923076923
0 0.6959134615384616 0.3485576923076923 0.03245192307692308 0.055288461538461536
1 0.5685096153846154 0.7836538461538461 0.10216346153846154 0.1502403846153846
0 0.12740384615384615 0.8461538461538461 0.036057692307692304 0.06009615384615385
0 0.18629807692307693 0.6959134615384616 0.027644230769230768 0.054086538461538464
0 0.21394230769230768 0.5805288461538461 0.03125 0.05048076923076923
0 0.390625 0.6887019230769231 0.027644230769230768 0.06850961538461539
0 0.40384615384615385 0.6105769230769231 0.020432692307692308 0.04807692307692308
0 0.7920673076923077 0.9435096153846154 0.06370192307692307 0.0829326923076923
0 0.6983173076923077 0.7319711538461539 0.03245192307692308 0.054086538461538464
0 0.8930288461538461 0.5396634615384616 0.039663461538461536 0.06129807692307692
3 0.23317307692307693 0.4807692307692308 0.051682692307692304 0.05048076923076923