3 0.04807692307692308 0.5132211538461539 0.06610576923076923 0.12860576923076922
3 0.8665865384615384 0.7319711538461539 0.08052884615384616 0.12620192307692307
3 0.7752403846153846 0.8762019230769231 0.078125 0.14302884615384615
0 0.49399038461538464 0.4026442307692308 0.046875 0.07451923076923077
0 0.5348557692307693 0.3317307692307692 0.051682692307692304 0.10096153846153846
0 0.4831730769230769 0.21033653846153846 0.046875 0.09375
0 0.8377403846153846 0.05048076923076923 0.06009615384615385 0.09134615384615384
0 0.9290865384615384 0.3245192307692308 0.05889423076923077 0.09134615384615384
0 0.21394230769230768 0.8918269230769231 0.07451923076923077 0.13341346153846154
0 0.24639423076923078 0.6442307692307693 0.07091346153846154 0.11298076923076923
0 0.4987980769230769 0.6370192307692307 0.055288461538461536 0.0889423076923077
0 0.4963942307692308 0.7235576923076923 0.06009615384615385 0.09375
0 0.6153846153846154 0.8004807692307693 0.055288461538461536 0.10336538461538461
2 0.3269230769230769 0.7115384615384616 0.03485576923076923 0.039663461538461536