0 0.24519230769230768 0.6394230769230769 0.109375 0.1778846153846154
0 0.12860576923076922 0.9639423076923077 0.1201923076923077 0.07091346153846154
0 0.42908653846153844 0.8365384615384616 0.078125 0.13581730769230768
0 0.7692307692307693 0.20673076923076922 0.08653846153846154 0.11057692307692307
0 0.8786057692307693 0.14423076923076922 0.09735576923076923 0.17548076923076922
0 0.9002403846153846 0.037259615384615384 0.08533653846153846 0.06610576923076923
3 0.9483173076923077 0.671875 0.10216346153846154 0.20192307692307693
3 0.8004807692307693 0.7199519230769231 0.07451923076923077 0.14423076923076922
3 0.40625 0.6959134615384616 0.12379807692307693 0.21514423076923078
3 0.3425480769230769 0.3317307692307692 0.06129807692307692 0.1045673076923077
2 0.609375 0.3870192307692308 0.03125 0.06129807692307692
2 0.41586538461538464 0.29086538461538464 0.026442307692307692 0.06129807692307692
2 0.33533653846153844 0.22355769230769232 0.026442307692307692 0.051682692307692304