1 0.3954326923076923 0.15985576923076922 0.039663461538461536 0.046875
0 0.6646634615384616 0.19110576923076922 0.030048076923076924 0.042067307692307696
0 0.6201923076923077 0.15264423076923078 0.027644230769230768 0.042067307692307696
0 0.9302884615384616 0.2439903846153846 0.038461538461538464 0.046875
0 0.9603365384615384 0.3293269230769231 0.04326923076923077 0.06971153846153846
0 0.7151442307692307 0.2764423076923077 0.03485576923076923 0.046875
0 0.5552884615384616 0.19471153846153846 0.030048076923076924 0.04326923076923077
0 0.5853365384615384 0.2800480769230769 0.03485576923076923 0.06490384615384616
0 0.6298076923076923 0.4014423076923077 0.04807692307692308 0.08533653846153846
0 0.6790865384615384 0.6790865384615384 0.055288461538461536 0.109375
0 0.23197115384615385 0.3076923076923077 0.036057692307692304 0.04567307692307692
0 0.11658653846153846 0.27524038461538464 0.05889423076923077 0.052884615384615384
3 0.056490384615384616 0.2932692307692308 0.0625 0.051682692307692304
3 0.3605769230769231 0.24158653846153846 0.06971153846153846 0.04326923076923077
3 0.8810096153846154 0.3581730769230769 0.06370192307692307 0.05048076923076923
1 0.8425480769230769 0.23677884615384615 0.09975961538461539 0.09615384615384616