0 0.8870192307692307 0.3161057692307692 0.06370192307692307 0.06850961538461539
0 0.9242788461538461 0.3629807692307692 0.052884615384615384 0.06490384615384616
0 0.8329326923076923 0.2692307692307692 0.07211538461538461 0.08774038461538461
0 0.7752403846153846 0.18389423076923078 0.06009615384615385 0.09975961538461539
0 0.6754807692307693 0.8798076923076923 0.08052884615384616 0.09375
0 0.859375 0.9098557692307693 0.09375 0.11298076923076923
0 0.9423076923076923 0.9302884615384616 0.09615384615384616 0.11899038461538461
0 0.9579326923076923 0.7704326923076923 0.08173076923076923 0.125
0 0.9723557692307693 0.6370192307692307 0.052884615384615384 0.1141826923076923
0 0.9699519230769231 0.5276442307692307 0.036057692307692304 0.08173076923076923
0 0.9158653846153846 0.4723557692307692 0.07451923076923077 0.10817307692307693
0 0.7692307692307693 0.5180288461538461 0.11899038461538461 0.13942307692307693
0 0.5637019230769231 0.7415865384615384 0.07451923076923077 0.09615384615384616
0 0.5961538461538461 0.6526442307692307 0.06850961538461539 0.09375
0 0.7668269230769231 0.4014423076923077 0.09375 0.11057692307692307
0 0.5072115384615384 0.14423076923076922 0.0733173076923077 0.09375
0 0.4639423076923077 0.21754807692307693 0.04807692307692308 0.10576923076923077
0 0.5240384615384616 0.41466346153846156 0.06490384615384616 0.1045673076923077
0 0.45913461538461536 0.3858173076923077 0.054086538461538464 0.0829326923076923
0 0.34975961538461536 0.6394230769230769 0.054086538461538464 0.07091346153846154
0 0.36899038461538464 0.7283653846153846 0.08052884615384616 0.10216346153846154
0 0.9591346153846154 0.09615384615384616 0.07211538461538461 0.07932692307692307
0 0.8665865384615384 0.11177884615384616 0.06490384615384616 0.07692307692307693
0 0.8990384615384616 0.16346153846153846 0.06490384615384616 0.08173076923076923