0 0.20552884615384615 0.8605769230769231 0.0673076923076923 0.09495192307692307
0 0.3954326923076923 0.8389423076923077 0.06850961538461539 0.12379807692307693
0 0.5793269230769231 0.6105769230769231 0.07692307692307693 0.0673076923076923
0 0.75 0.7079326923076923 0.08774038461538461 0.11658653846153846
0 0.7632211538461539 0.9362980769230769 0.06971153846153846 0.109375
0 0.7620192307692307 0.8389423076923077 0.04447115384615385 0.10096153846153846
0 0.5612980769230769 0.4170673076923077 0.06129807692307692 0.09375
0 0.6117788461538461 0.3449519230769231 0.06490384615384616 0.08653846153846154
0 0.5324519230769231 0.12379807692307693 0.06971153846153846 0.07932692307692307
0 0.44471153846153844 0.17067307692307693 0.0625 0.07451923076923077
0 0.42427884615384615 0.23197115384615385 0.06009615384615385 0.078125
0 0.40024038461538464 0.34375 0.0673076923076923 0.09014423076923077
0 0.2692307692307692 0.30649038461538464 0.06971153846153846 0.10576923076923077
0 0.1466346153846154 0.3389423076923077 0.09975961538461539 0.07932692307692307