3 0.23677884615384615 0.23317307692307693 0.078125 0.06971153846153846
1 0.14903846153846154 0.0985576923076923 0.07932692307692307 0.08653846153846154
1 0.5168269230769231 0.5516826923076923 0.08052884615384616 0.06490384615384616
1 0.5180288461538461 0.84375 0.12139423076923077 0.3112980769230769
1 0.49759615384615385 0.9002403846153846 0.0625 0.1971153846153846
0 0.9194711538461539 0.5144230769230769 0.021634615384615384 0.054086538461538464
0 0.9050480769230769 0.43149038461538464 0.03245192307692308 0.06490384615384616
0 0.7992788461538461 0.24278846153846154 0.036057692307692304 0.042067307692307696
0 0.6454326923076923 0.2283653846153846 0.025240384615384616 0.05048076923076923
0 0.5552884615384616 0.08052884615384616 0.037259615384615384 0.057692307692307696
0 0.49038461538461536 0.056490384615384616 0.019230769230769232 0.03485576923076923
0 0.40024038461538464 0.10336538461538461 0.02403846153846154 0.05048076923076923
0 0.3473557692307692 0.22115384615384615 0.02403846153846154 0.042067307692307696
0 0.29086538461538464 0.039663461538461536 0.026442307692307692 0.046875
0 0.171875 0.16826923076923078 0.051682692307692304 0.07451923076923077
0 0.06850961538461539 0.7512019230769231 0.07932692307692307 0.11538461538461539