1 0.6790865384615384 0.9326923076923077 0.06971153846153846 0.12139423076923077
3 0.0733173076923077 0.15745192307692307 0.046875 0.06129807692307692
1 0.8221153846153846 0.515625 0.09735576923076923 0.1045673076923077
1 0.5276442307692307 0.4723557692307692 0.06370192307692307 0.09975961538461539
1 0.1310096153846154 0.4411057692307692 0.07692307692307693 0.07572115384615384
0 0.0625 0.34375 0.046875 0.06610576923076923
0 0.29086538461538464 0.5829326923076923 0.04567307692307692 0.06971153846153846
0 0.26802884615384615 0.8221153846153846 0.06610576923076923 0.09735576923076923
0 0.6262019230769231 0.9387019230769231 0.046875 0.09975961538461539
0 0.6274038461538461 0.6490384615384616 0.040865384615384616 0.07091346153846154
0 0.78125 0.6598557692307693 0.04326923076923077 0.0625
0 0.8473557692307693 0.6802884615384616 0.03245192307692308 0.06129807692307692