2 0.5264423076923077 0.25 0.04807692307692308 0.04807692307692308
2 0.019230769230769232 0.7487980769230769 0.03485576923076923 0.09495192307692307
2 0.08052884615384616 0.6754807692307693 0.057692307692307696 0.09615384615384616
2 0.04326923076923077 0.625 0.08173076923076923 0.11899038461538461
2 0.12860576923076922 0.5108173076923077 0.04807692307692308 0.078125
2 0.2127403846153846 0.38341346153846156 0.042067307692307696 0.05048076923076923
2 0.22956730769230768 0.47475961538461536 0.046875 0.06610576923076923
2 0.17067307692307693 0.6466346153846154 0.051682692307692304 0.0829326923076923
2 0.34975961538461536 0.5721153846153846 0.04807692307692308 0.078125
2 0.49759615384615385 0.4483173076923077 0.052884615384615384 0.06971153846153846
2 0.8665865384615384 0.5973557692307693 0.07211538461538461 0.06490384615384616
2 0.9723557692307693 0.6346153846153846 0.054086538461538464 0.125
2 0.9495192307692307 0.5180288461538461 0.08774038461538461 0.09375
2 0.8834134615384616 0.4699519230769231 0.07211538461538461 0.07091346153846154
2 0.9651442307692307 0.4182692307692308 0.06490384615384616 0.08173076923076923
2 0.7283653846153846 0.43990384615384615 0.057692307692307696 0.07692307692307693