0 0.5216346153846154 0.07091346153846154 0.1141826923076923 0.13581730769230768
0 0.28725961538461536 0.3004807692307692 0.14302884615384615 0.18509615384615385
0 0.1141826923076923 0.5925480769230769 0.2247596153846154 0.32091346153846156
2 0.11538461538461539 0.2920673076923077 0.125 0.17067307692307693
2 0.27403846153846156 0.49158653846153844 0.1466346153846154 0.1971153846153846
2 0.13581730769230768 0.7716346153846154 0.21394230769230768 0.28846153846153844
2 0.4206730769230769 0.33413461538461536 0.1346153846153846 0.18028846153846154
2 0.46153846153846156 0.19591346153846154 0.13341346153846154 0.14543269230769232
2 0.515625 0.47596153846153844 0.2439903846153846 0.1971153846153846
2 0.6274038461538461 0.3485576923076923 0.16826923076923078 0.23677884615384615
2 0.6225961538461539 0.14903846153846154 0.1346153846153846 0.17548076923076922
2 0.7127403846153846 0.09014423076923077 0.10096153846153846 0.10576923076923077
0 0.8329326923076923 0.1466346153846154 0.19831730769230768 0.20552884615384615
0 0.796875 0.37740384615384615 0.23076923076923078 0.35096153846153844
0 0.46153846153846156 0.6502403846153846 0.18870192307692307 0.29927884615384615
0 0.3137019230769231 0.7932692307692307 0.24759615384615385 0.4074519230769231
0 0.9182692307692307 0.7403846153846154 0.15985576923076922 0.5132211538461539
2 0.8689903846153846 0.875 0.08052884615384616 0.2439903846153846