2 0.2091346153846154 0.5432692307692307 0.04567307692307692 0.06971153846153846
2 0.2608173076923077 0.28365384615384615 0.042067307692307696 0.054086538461538464
2 0.6911057692307693 0.3401442307692308 0.04807692307692308 0.05889423076923077
2 0.4951923076923077 0.9663461538461539 0.051682692307692304 0.06129807692307692
2 0.7980769230769231 0.9699519230769231 0.04807692307692308 0.054086538461538464
0 0.171875 0.3942307692307692 0.028846153846153848 0.07692307692307693
0 0.39903846153846156 0.5036057692307693 0.038461538461538464 0.06971153846153846
0 0.5108173076923077 0.35216346153846156 0.036057692307692304 0.046875
0 0.9675480769230769 0.3329326923076923 0.06129807692307692 0.08413461538461539
0 0.7439903846153846 0.8149038461538461 0.0733173076923077 0.12379807692307693
1 0.41586538461538464 0.8341346153846154 0.1310096153846154 0.2127403846153846
1 0.14302884615384615 0.8016826923076923 0.20552884615384615 0.12139423076923077
1 0.5036057692307693 0.453125 0.08653846153846154 0.09134615384615384