2 0.34615384615384615 0.3016826923076923 0.038461538461538464 0.04807692307692308
2 0.10336538461538461 0.38822115384615385 0.04447115384615385 0.05048076923076923
2 0.14302884615384615 0.4699519230769231 0.04326923076923077 0.056490384615384616
2 0.1622596153846154 0.5697115384615384 0.04927884615384615 0.0673076923076923
2 0.039663461538461536 0.4651442307692308 0.06009615384615385 0.05889423076923077
2 0.037259615384615384 0.7379807692307693 0.0625 0.08052884615384616
2 0.2512019230769231 0.6009615384615384 0.04927884615384615 0.07211538461538461
2 0.30288461538461536 0.6141826923076923 0.055288461538461536 0.07572115384615384
2 0.3245192307692308 0.4987980769230769 0.03485576923076923 0.06009615384615385
2 0.3918269230769231 0.5024038461538461 0.052884615384615384 0.08052884615384616
2 0.43149038461538464 0.43509615384615385 0.055288461538461536 0.057692307692307696
2 0.4362980769230769 0.6298076923076923 0.057692307692307696 0.06971153846153846
2 0.5144230769230769 0.5384615384615384 0.04567307692307692 0.07572115384615384
2 0.4230769230769231 0.5649038461538461 0.04326923076923077 0.06610576923076923
2 0.49399038461538464 0.390625 0.038461538461538464 0.06610576923076923
2 0.4206730769230769 0.3762019230769231 0.04447115384615385 0.054086538461538464
2 0.5709134615384616 0.32091346153846156 0.039663461538461536 0.042067307692307696
2 0.5757211538461539 0.41586538461538464 0.036057692307692304 0.052884615384615384
2 0.4411057692307692 0.7608173076923077 0.046875 0.10817307692307693
2 0.48677884615384615 0.7860576923076923 0.06971153846153846 0.10096153846153846
2 0.5865384615384616 0.78125 0.06490384615384616 0.109375
2 0.4182692307692308 0.9471153846153846 0.06009615384615385 0.10336538461538461
2 0.8329326923076923 0.5564903846153846 0.06490384615384616 0.078125