3 0.14182692307692307 0.15985576923076922 0.09615384615384616 0.12139423076923077
3 0.11057692307692307 0.859375 0.10096153846153846 0.13822115384615385
3 0.3737980769230769 0.24158653846153846 0.07091346153846154 0.10817307692307693
3 0.5216346153846154 0.3449519230769231 0.09134615384615384 0.14543269230769232
3 0.44471153846153844 0.48197115384615385 0.109375 0.13341346153846154
3 0.5528846153846154 0.6622596153846154 0.0829326923076923 0.14783653846153846
3 0.7764423076923077 0.7271634615384616 0.09134615384615384 0.14543269230769232
3 0.7788461538461539 0.8473557692307693 0.056490384615384616 0.10336538461538461
3 0.8137019230769231 0.9362980769230769 0.0733173076923077 0.12379807692307693
0 0.15144230769230768 0.7067307692307693 0.07451923076923077 0.12379807692307693
0 0.8161057692307693 0.17307692307692307 0.05048076923076923 0.09375
0 0.9194711538461539 0.47475961538461536 0.05889423076923077 0.06610576923076923
0 0.3329326923076923 0.40384615384615385 0.046875 0.09134615384615384
0 0.8269230769230769 0.44471153846153844 0.05889423076923077 0.08413461538461539
0 0.6778846153846154 0.4519230769230769 0.05889423076923077 0.08413461538461539
0 0.5793269230769231 0.5360576923076923 0.06490384615384616 0.09375
0 0.8677884615384616 0.6995192307692307 0.052884615384615384 0.10096153846153846
0 0.46033653846153844 0.8317307692307693 0.06490384615384616 0.12379807692307693
0 0.5588942307692307 0.8329326923076923 0.06850961538461539 0.12620192307692307
0 0.7379807692307693 0.9567307692307693 0.07451923076923077 0.08173076923076923
0 0.06490384615384616 0.11778846153846154 0.09495192307692307 0.1310096153846154
2 0.43028846153846156 0.5793269230769231 0.028846153846153848 0.046875
2 0.2512019230769231 0.43509615384615385 0.036057692307692304 0.054086538461538464