3 0.4831730769230769 0.4579326923076923 0.10576923076923077 0.09134615384615384
3 0.43149038461538464 0.5336538461538461 0.08774038461538461 0.11298076923076923
3 0.5853365384615384 0.32211538461538464 0.08774038461538461 0.11057692307692307
3 0.8076923076923077 0.5877403846153846 0.06850961538461539 0.13341346153846154
3 0.8413461538461539 0.7475961538461539 0.09615384615384616 0.16826923076923078
3 0.8822115384615384 0.8641826923076923 0.10096153846153846 0.16346153846153846
3 0.5769230769230769 0.6394230769230769 0.06610576923076923 0.11298076923076923
0 0.7860576923076923 0.15144230769230768 0.06610576923076923 0.07692307692307693
0 0.46274038461538464 0.12379807692307693 0.051682692307692304 0.10817307692307693
0 0.3894230769230769 0.703125 0.08413461538461539 0.12860576923076922
0 0.4807692307692308 0.7752403846153846 0.06370192307692307 0.10336538461538461
0 0.4987980769230769 0.5552884615384616 0.054086538461538464 0.09375
0 0.6153846153846154 0.5324519230769231 0.07211538461538461 0.12139423076923077
0 0.7512019230769231 0.5 0.06009615384615385 0.08653846153846154
2 0.8521634615384616 0.5600961538461539 0.028846153846153848 0.06370192307692307
2 0.22115384615384615 0.5 0.030048076923076924 0.06129807692307692
2 0.44471153846153844 0.26802884615384615 0.019230769230769232 0.042067307692307696
0 0.6850961538461539 0.078125 0.07211538461538461 0.08653846153846154