0 0.05889423076923077 0.36899038461538464 0.028846153846153848 0.037259615384615384
0 0.19591346153846154 0.36778846153846156 0.028846153846153848 0.05048076923076923
0 0.2283653846153846 0.5072115384615384 0.030048076923076924 0.04807692307692308
0 0.39783653846153844 0.24278846153846154 0.02403846153846154 0.04447115384615385
0 0.6310096153846154 0.0985576923076923 0.037259615384615384 0.042067307692307696
0 0.5877403846153846 0.23197115384615385 0.02403846153846154 0.042067307692307696
0 0.7175480769230769 0.10096153846153846 0.027644230769230768 0.04807692307692308
0 0.6971153846153846 0.18629807692307693 0.03485576923076923 0.06971153846153846
0 0.8137019230769231 0.11177884615384616 0.03485576923076923 0.046875
0 0.8774038461538461 0.10336538461538461 0.040865384615384616 0.051682692307692304
0 0.9038461538461539 0.4014423076923077 0.06850961538461539 0.0985576923076923
0 0.24639423076923078 0.7548076923076923 0.038461538461538464 0.04567307692307692
3 0.29927884615384615 0.7103365384615384 0.038461538461538464 0.06610576923076923