0 0.07451923076923077 0.3762019230769231 0.028846153846153848 0.04807692307692308
0 0.21394230769230768 0.1814903846153846 0.06971153846153846 0.0625
0 0.4807692307692308 0.07211538461538461 0.04927884615384615 0.051682692307692304
0 0.41346153846153844 0.12259615384615384 0.04927884615384615 0.07451923076923077
0 0.36177884615384615 0.14543269230769232 0.04807692307692308 0.054086538461538464
0 0.328125 0.09134615384615384 0.04927884615384615 0.054086538461538464
0 0.29927884615384615 0.12259615384615384 0.042067307692307696 0.05048076923076923
0 0.3137019230769231 0.19591346153846154 0.054086538461538464 0.05889423076923077
0 0.2776442307692308 0.25240384615384615 0.052884615384615384 0.07091346153846154
0 0.2932692307692308 0.38461538461538464 0.040865384615384616 0.06009615384615385
0 0.2620192307692308 0.37259615384615385 0.04927884615384615 0.05889423076923077
0 0.2776442307692308 0.46875 0.06009615384615385 0.054086538461538464
0 0.2764423076923077 0.5276442307692307 0.051682692307692304 0.051682692307692304
0 0.40384615384615385 0.39302884615384615 0.051682692307692304 0.04326923076923077
0 0.3629807692307692 0.3870192307692308 0.04807692307692308 0.05048076923076923
0 0.4483173076923077 0.4543269230769231 0.06610576923076923 0.05048076923076923
0 0.40384615384615385 0.5228365384615384 0.036057692307692304 0.0625
0 0.5300480769230769 0.3269230769230769 0.04567307692307692 0.05048076923076923
0 0.5745192307692307 0.45913461538461536 0.04807692307692308 0.0733173076923077
0 0.6923076923076923 0.15384615384615385 0.052884615384615384 0.07451923076923077
0 0.13221153846153846 0.7379807692307693 0.052884615384615384 0.037259615384615384
0 0.2127403846153846 0.7463942307692307 0.04567307692307692 0.042067307692307696
0 0.17548076923076922 0.7223557692307693 0.04567307692307692 0.054086538461538464
0 0.09735576923076923 0.78125 0.04447115384615385 0.04567307692307692
0 0.03485576923076923 0.8233173076923077 0.04927884615384615 0.07091346153846154
0 0.08052884615384616 0.28966346153846156 0.052884615384615384 0.08774038461538461
0 0.17548076923076922 0.3088942307692308 0.054086538461538464 0.06610576923076923
0 0.06971153846153846 0.21514423076923078 0.06129807692307692 0.0733173076923077
0 0.04567307692307692 0.16826923076923078 0.04567307692307692 0.07932692307692307