3 0.6778846153846154 0.5841346153846154 0.06129807692307692 0.10576923076923077
3 0.5408653846153846 0.42427884615384615 0.06370192307692307 0.08413461538461539
0 0.5324519230769231 0.9326923076923077 0.04447115384615385 0.10576923076923077
0 0.8449519230769231 0.8689903846153846 0.11298076923076923 0.10817307692307693
0 0.7596153846153846 0.7319711538461539 0.08774038461538461 0.10576923076923077
0 0.7391826923076923 0.6033653846153846 0.0733173076923077 0.11057692307692307
0 0.6153846153846154 0.37740384615384615 0.0733173076923077 0.10817307692307693
0 0.4182692307692308 0.7475961538461539 0.054086538461538464 0.0985576923076923
0 0.19831730769230768 0.4699519230769231 0.04326923076923077 0.042067307692307696
0 0.24879807692307693 0.35697115384615385 0.06009615384615385 0.08653846153846154
0 0.08413461538461539 0.43509615384615385 0.04807692307692308 0.06971153846153846
3 0.2283653846153846 0.9399038461538461 0.10817307692307693 0.11658653846153846
3 0.17548076923076922 0.7788461538461539 0.07692307692307693 0.12620192307692307
3 0.32572115384615385 0.7536057692307693 0.09014423076923077 0.15745192307692307
3 0.4014423076923077 0.6526442307692307 0.06370192307692307 0.12620192307692307
3 0.3401442307692308 0.5588942307692307 0.051682692307692304 0.09134615384615384
3 0.265625 0.578125 0.07451923076923077 0.14783653846153846
3 0.4050480769230769 0.3737980769230769 0.06009615384615385 0.07692307692307693
3 0.6526442307692307 0.10096153846153846 0.07932692307692307 0.10817307692307693
3 0.9122596153846154 0.2644230769230769 0.11298076923076923 0.0889423076923077
3 0.7283653846153846 0.28966346153846156 0.04807692307692308 0.09134615384615384
2 0.578125 0.8810096153846154 0.021634615384615384 0.03485576923076923