0 0.7800480769230769 0.375 0.06490384615384616 0.09375
0 0.9074519230769231 0.06370192307692307 0.09134615384615384 0.09375
3 0.8641826923076923 0.13942307692307693 0.12620192307692307 0.12620192307692307
3 0.5612980769230769 0.9555288461538461 0.06370192307692307 0.08413461538461539
3 0.7824519230769231 0.7451923076923077 0.07692307692307693 0.13822115384615385
2 0.8233173076923077 0.7247596153846154 0.02403846153846154 0.021634615384615384
2 0.5901442307692307 0.47475961538461536 0.028846153846153848 0.037259615384615384
2 0.3545673076923077 0.6959134615384616 0.036057692307692304 0.04447115384615385
1 0.5961538461538461 0.8161057692307693 0.05048076923076923 0.17548076923076922
0 0.6959134615384616 0.4338942307692308 0.078125 0.10576923076923077
0 0.6286057692307693 0.6478365384615384 0.06129807692307692 0.10096153846153846
0 0.49399038461538464 0.7175480769230769 0.06129807692307692 0.09615384615384616
0 0.3641826923076923 0.6310096153846154 0.056490384615384616 0.08653846153846154
0 0.4831730769230769 0.4338942307692308 0.0625 0.10576923076923077
0 0.421875 0.45552884615384615 0.046875 0.08653846153846154
0 0.3942307692307692 0.41947115384615385 0.04447115384615385 0.06370192307692307
0 0.3641826923076923 0.3581730769230769 0.040865384615384616 0.06370192307692307
0 0.1935096153846154 0.5961538461538461 0.08413461538461539 0.10096153846153846
0 0.3293269230769231 0.3016826923076923 0.06850961538461539 0.08413461538461539
0 0.2620192307692308 0.3557692307692308 0.06129807692307692 0.04927884615384615
0 0.2439903846153846 0.2848557692307692 0.0625 0.08653846153846154
0 0.16947115384615385 0.14182692307692307 0.05889423076923077 0.08173076923076923
0 0.20552884615384615 0.03485576923076923 0.06610576923076923 0.05889423076923077
3 0.6045673076923077 0.11298076923076923 0.046875 0.06370192307692307
3 0.36899038461538464 0.12980769230769232 0.06610576923076923 0.06610576923076923
3 0.42908653846153844 0.36658653846153844 0.04447115384615385 0.07692307692307693
3 0.019230769230769232 0.43028846153846156 0.036057692307692304 0.10576923076923077
2 0.4723557692307692 0.3401442307692308 0.021634615384615384 0.039663461538461536
2 0.4723557692307692 0.24879807692307693 0.015625 0.04927884615384615
2 0.6826923076923077 0.16346153846153846 0.020432692307692308 0.030048076923076924
2 0.6129807692307693 0.22716346153846154 0.016826923076923076 0.025240384615384616
2 0.640625 0.16706730769230768 0.020432692307692308 0.027644230769230768
0 0.0673076923076923 0.7211538461538461 0.12860576923076922 0.11899038461538461
3 0.23798076923076922 0.9074519230769231 0.09975961538461539 0.14543269230769232