0 0.23557692307692307 0.1201923076923077 0.1310096153846154 0.19951923076923078
0 0.23918269230769232 0.9555288461538461 0.09735576923076923 0.08413461538461539
0 0.052884615384615384 0.7632211538461539 0.0985576923076923 0.18269230769230768
0 0.8449519230769231 0.640625 0.06971153846153846 0.10576923076923077
0 0.9338942307692307 0.5769230769230769 0.0889423076923077 0.140625
0 0.9050480769230769 0.3762019230769231 0.08052884615384616 0.13581730769230768
0 0.48677884615384615 0.7752403846153846 0.07692307692307693 0.14783653846153846
0 0.3425480769230769 0.3641826923076923 0.078125 0.140625
0 0.1971153846153846 0.32211538461538464 0.078125 0.17548076923076922
3 0.23918269230769232 0.49759615384615385 0.1310096153846154 0.20552884615384615
3 0.3329326923076923 0.5180288461538461 0.09014423076923077 0.15264423076923078