3 0.06971153846153846 0.41225961538461536 0.09735576923076923 0.15264423076923078
3 0.4543269230769231 0.9519230769230769 0.15264423076923078 0.09134615384615384
3 0.7872596153846154 0.8653846153846154 0.08052884615384616 0.17067307692307693
3 0.8389423076923077 0.6778846153846154 0.09134615384615384 0.13581730769230768
3 0.8004807692307693 0.32091346153846156 0.0985576923076923 0.14783653846153846
3 0.3894230769230769 0.7235576923076923 0.06610576923076923 0.12860576923076922
3 0.3317307692307692 0.5925480769230769 0.08413461538461539 0.12379807692307693
3 0.7211538461538461 0.47475961538461536 0.10336538461538461 0.16105769230769232
3 0.6574519230769231 0.19230769230769232 0.08173076923076923 0.12860576923076922
3 0.44591346153846156 0.08413461538461539 0.0829326923076923 0.0985576923076923
3 0.2932692307692308 0.14423076923076922 0.08173076923076923 0.10576923076923077
0 0.6081730769230769 0.36177884615384615 0.0625 0.10096153846153846
0 0.9771634615384616 0.5108173076923077 0.04326923076923077 0.12379807692307693
0 0.859375 0.5793269230769231 0.055288461538461536 0.08653846153846154
0 0.7175480769230769 0.84375 0.08653846153846154 0.1310096153846154
0 0.42788461538461536 0.6033653846153846 0.07932692307692307 0.12620192307692307
0 0.3786057692307692 0.046875 0.08173076923076923 0.07451923076923077
2 0.30649038461538464 0.6742788461538461 0.030048076923076924 0.05889423076923077
2 0.5276442307692307 0.36658653846153844 0.036057692307692304 0.051682692307692304
2 0.6959134615384616 0.5564903846153846 0.030048076923076924 0.037259615384615384