3 0.8846153846153846 0.06129807692307692 0.0889423076923077 0.09615384615384616
0 0.44711538461538464 0.2127403846153846 0.025240384615384616 0.037259615384615384
0 0.43028846153846156 0.26802884615384615 0.02403846153846154 0.042067307692307696
0 0.4110576923076923 0.30649038461538464 0.026442307692307692 0.03485576923076923
0 0.4855769230769231 0.30288461538461536 0.026442307692307692 0.037259615384615384
0 0.20673076923076922 0.7043269230769231 0.019230769230769232 0.037259615384615384
0 0.3329326923076923 0.5036057692307693 0.020432692307692308 0.04567307692307692
0 0.4254807692307692 0.47836538461538464 0.03485576923076923 0.06009615384615385
0 0.9483173076923077 0.09134615384615384 0.04447115384615385 0.0985576923076923
0 0.7560096153846154 0.5540865384615384 0.04326923076923077 0.06490384615384616
1 0.8293269230769231 0.5853365384615384 0.12620192307692307 0.09014423076923077
1 0.5300480769230769 0.7439903846153846 0.11899038461538461 0.09375
3 0.6370192307692307 0.44350961538461536 0.052884615384615384 0.10096153846153846