1 0.625 0.3425480769230769 0.08653846153846154 0.10576923076923077
2 0.6141826923076923 0.5889423076923077 0.028846153846153848 0.06610576923076923
0 0.042067307692307696 0.9675480769230769 0.07692307692307693 0.05889423076923077
0 0.5084134615384616 0.8449519230769231 0.08653846153846154 0.12379807692307693
0 0.9711538461538461 0.8786057692307693 0.04807692307692308 0.12379807692307693
0 0.7055288461538461 0.6057692307692307 0.06129807692307692 0.10576923076923077
0 0.45913461538461536 0.2127403846153846 0.07451923076923077 0.10336538461538461
0 0.5060096153846154 0.08774038461538461 0.06370192307692307 0.09615384615384616
3 0.14423076923076922 0.5901442307692307 0.08052884615384616 0.13822115384615385
3 0.4050480769230769 0.8197115384615384 0.09134615384615384 0.12860576923076922
3 0.453125 0.9555288461538461 0.07692307692307693 0.08413461538461539
3 0.8173076923076923 0.7379807692307693 0.11298076923076923 0.18269230769230768
3 0.8990384615384616 0.6033653846153846 0.09735576923076923 0.17067307692307693
3 0.7451923076923077 0.4387019230769231 0.07932692307692307 0.1310096153846154
3 0.5336538461538461 0.29447115384615385 0.07451923076923077 0.11057692307692307
3 0.3858173076923077 0.33774038461538464 0.0625 0.10817307692307693