1 0.7524038461538461 0.7307692307692307 0.11538461538461539 0.35096153846153844
0 0.3858173076923077 0.09735576923076923 0.04807692307692308 0.0829326923076923
0 0.5048076923076923 0.19230769230769232 0.04567307692307692 0.09134615384615384
0 0.9302884615384616 0.6213942307692307 0.054086538461538464 0.09495192307692307
0 0.49278846153846156 0.41947115384615385 0.07091346153846154 0.12740384615384615
0 0.46875 0.5192307692307693 0.05048076923076923 0.09495192307692307
0 0.10576923076923077 0.6081730769230769 0.13341346153846154 0.19591346153846154
0 0.2512019230769231 0.8966346153846154 0.109375 0.20552884615384615
2 0.4362980769230769 0.6466346153846154 0.04807692307692308 0.0829326923076923
2 0.3557692307692308 0.8774038461538461 0.04807692307692308 0.09254807692307693
0 0.7896634615384616 0.32211538461538464 0.037259615384615384 0.06009615384615385