0 0.375 0.4050480769230769 0.03125 0.042067307692307696
0 0.5132211538461539 0.38461538461538464 0.026442307692307692 0.037259615384615384
0 0.5757211538461539 0.4723557692307692 0.015625 0.036057692307692304
0 0.7379807692307693 0.22956730769230768 0.027644230769230768 0.042067307692307696
0 0.18509615384615385 0.6622596153846154 0.038461538461538464 0.04807692307692308
0 0.2247596153846154 0.6610576923076923 0.038461538461538464 0.052884615384615384
0 0.12139423076923077 0.7103365384615384 0.026442307692307692 0.04447115384615385
0 0.21754807692307693 0.7776442307692307 0.039663461538461536 0.051682692307692304
0 0.27163461538461536 0.7079326923076923 0.03365384615384615 0.04807692307692308
0 0.2536057692307692 0.765625 0.04447115384615385 0.057692307692307696
0 0.18389423076923078 0.9591346153846154 0.046875 0.07932692307692307
0 0.3545673076923077 0.6887019230769231 0.03125 0.046875
3 0.3161057692307692 0.6694711538461539 0.04326923076923077 0.04927884615384615
1 0.3641826923076923 0.8509615384615384 0.0733173076923077 0.07932692307692307