3 0.36538461538461536 0.6730769230769231 0.08774038461538461 0.18509615384615385
2 0.2608173076923077 0.5048076923076923 0.025240384615384616 0.03245192307692308
0 0.7920673076923077 0.6838942307692307 0.06490384615384616 0.11298076923076923
0 0.6490384615384616 0.5889423076923077 0.06009615384615385 0.10576923076923077
0 0.8161057692307693 0.3269230769230769 0.05048076923076923 0.11658653846153846
0 0.6213942307692307 0.8197115384615384 0.06610576923076923 0.11298076923076923
0 0.5252403846153846 0.7475961538461539 0.07091346153846154 0.12860576923076922
0 0.4519230769230769 0.9182692307692307 0.078125 0.10817307692307693
0 0.296875 0.3581730769230769 0.05889423076923077 0.10817307692307693
0 0.06129807692307692 0.31850961538461536 0.07211538461538461 0.0985576923076923
0 0.1778846153846154 0.2608173076923077 0.078125 0.08653846153846154
0 0.07692307692307693 0.12860576923076922 0.055288461538461536 0.0889423076923077
0 0.15264423076923078 0.13341346153846154 0.07091346153846154 0.10817307692307693
3 0.6274038461538461 0.40024038461538464 0.1141826923076923 0.15264423076923078
3 0.5072115384615384 0.4182692307692308 0.06610576923076923 0.15504807692307693