2 0.9615384615384616 0.6442307692307693 0.07451923076923077 0.1875
0 0.6694711538461539 0.8569711538461539 0.21995192307692307 0.28125
0 0.7079326923076923 0.6899038461538461 0.15865384615384615 0.2692307692307692
0 0.5829326923076923 0.5420673076923077 0.21754807692307693 0.31850961538461536
0 0.21754807692307693 0.8389423076923077 0.25841346153846156 0.3161057692307692
1 0.8810096153846154 0.7475961538461539 0.23557692307692307 0.2860576923076923
2 0.9182692307692307 0.40865384615384615 0.15985576923076922 0.16105769230769232
2 0.703125 0.28365384615384615 0.11538461538461539 0.12379807692307693
2 0.7620192307692307 0.203125 0.10817307692307693 0.140625
1 0.7295673076923077 0.13822115384615385 0.109375 0.07451923076923077
1 0.6177884615384616 0.25841346153846156 0.13942307692307693 0.2247596153846154
1 0.5192307692307693 0.19591346153846154 0.12379807692307693 0.1658653846153846
1 0.3004807692307692 0.6598557692307693 0.23798076923076922 0.1971153846153846
2 0.359375 0.7524038461538461 0.14302884615384615 0.09134615384615384
1 0.32211538461538464 0.5276442307692307 0.1971153846153846 0.140625
1 0.38341346153846156 0.4182692307692308 0.16947115384615385 0.19951923076923078
1 0.390625 0.2704326923076923 0.0889423076923077 0.1658653846153846
0 0.8665865384615384 0.30288461538461536 0.18389423076923078 0.2247596153846154
0 0.9783653846153846 0.11778846153846154 0.042067307692307696 0.1310096153846154
0 0.78125 0.08052884615384616 0.10697115384615384 0.12139423076923077
0 0.609375 0.15264423076923078 0.08653846153846154 0.15264423076923078
0 0.5516826923076923 0.09014423076923077 0.09975961538461539 0.16105769230769232
0 0.6550480769230769 0.07572115384615384 0.08653846153846154 0.1310096153846154
0 0.3605769230769231 0.17067307692307693 0.07932692307692307 0.11899038461538461
2 0.2704326923076923 0.42427884615384615 0.12620192307692307 0.16346153846153846
1 0.10336538461538461 0.5576923076923077 0.19951923076923078 0.32572115384615385
0 0.1045673076923077 0.28365384615384615 0.07211538461538461 0.14302884615384615
1 0.22596153846153846 0.25721153846153844 0.07932692307692307 0.1778846153846154
1 0.28365384615384615 0.203125 0.0829326923076923 0.19471153846153846