2 0.32572115384615385 0.3088942307692308 0.042067307692307696 0.0625
2 0.03365384615384615 0.7776442307692307 0.06129807692307692 0.10216346153846154
2 0.15985576923076922 0.4411057692307692 0.06370192307692307 0.07572115384615384
2 0.28725961538461536 0.4807692307692308 0.046875 0.046875
2 0.40024038461538464 0.36658653846153844 0.042067307692307696 0.06850961538461539
2 0.4254807692307692 0.4206730769230769 0.046875 0.0673076923076923
2 0.36177884615384615 0.4362980769230769 0.04927884615384615 0.08173076923076923
2 0.7079326923076923 0.6658653846153846 0.11658653846153846 0.1935096153846154
2 0.7752403846153846 0.7019230769230769 0.06610576923076923 0.12259615384615384
2 0.7572115384615384 0.7572115384615384 0.078125 0.11298076923076923
2 0.7872596153846154 0.8257211538461539 0.08052884615384616 0.10336538461538461
2 0.43990384615384615 0.921875 0.08653846153846154 0.15144230769230768
2 0.5276442307692307 0.3088942307692308 0.04927884615384615 0.06850961538461539
2 0.4699519230769231 0.30528846153846156 0.052884615384615384 0.07091346153846154
2 0.43990384615384615 0.2776442307692308 0.037259615384615384 0.052884615384615384
1 0.9399038461538461 0.5997596153846154 0.11899038461538461 0.109375
2 0.46033653846153844 0.13822115384615385 0.040865384615384616 0.04447115384615385
2 0.41947115384615385 0.17307692307692307 0.03365384615384615 0.04927884615384615
2 0.5060096153846154 0.18870192307692307 0.040865384615384616 0.056490384615384616
2 0.17668269230769232 0.15144230769230768 0.037259615384615384 0.04807692307692308
2 0.2704326923076923 0.4519230769230769 0.046875 0.042067307692307696