0 0.53125 0.765625 0.078125 0.171875
0 0.609375 0.5024038461538461 0.08052884615384616 0.14302884615384615
0 0.5757211538461539 0.3233173076923077 0.07932692307692307 0.1346153846153846
1 0.5396634615384616 0.5564903846153846 0.09975961538461539 0.11298076923076923
0 0.7331730769230769 0.625 0.09134615384615384 0.14543269230769232
0 0.4182692307692308 0.8341346153846154 0.09375 0.17067307692307693
3 0.34975961538461536 0.7487980769230769 0.11899038461538461 0.2283653846153846
2 0.5649038461538461 0.6274038461538461 0.030048076923076924 0.04326923076923077
2 0.8185096153846154 0.7247596153846154 0.019230769230769232 0.038461538461538464
2 0.5180288461538461 0.35697115384615385 0.026442307692307692 0.051682692307692304
2 0.4699519230769231 0.38341346153846156 0.03365384615384615 0.05048076923076923