3 0.7379807692307693 0.11298076923076923 0.05889423076923077 0.07932692307692307
3 0.7355769230769231 0.19471153846153846 0.06490384615384616 0.06971153846153846
0 0.9663461538461539 0.06610576923076923 0.05889423076923077 0.07932692307692307
0 0.546875 0.3137019230769231 0.08052884615384616 0.10817307692307693
0 0.4266826923076923 0.2692307692307692 0.052884615384615384 0.09375
0 0.26322115384615385 0.24759615384615385 0.054086538461538464 0.07692307692307693
3 0.9278846153846154 0.8521634615384616 0.09134615384615384 0.12379807692307693
3 0.5793269230769231 0.8954326923076923 0.056490384615384616 0.11057692307692307
0 0.4579326923076923 0.8197115384615384 0.09495192307692307 0.15264423076923078
0 0.1814903846153846 0.578125 0.0625 0.10336538461538461
1 0.2860576923076923 0.3425480769230769 0.0889423076923077 0.11057692307692307