3 0.9399038461538461 0.4651442307692308 0.10576923076923077 0.08533653846153846
3 0.3954326923076923 0.32211538461538464 0.04567307692307692 0.07091346153846154
1 0.5096153846153846 0.39783653846153844 0.1045673076923077 0.06009615384615385
1 0.30408653846153844 0.5649038461538461 0.1141826923076923 0.09014423076923077
0 0.22115384615384615 0.3737980769230769 0.038461538461538464 0.05048076923076923
0 0.8004807692307693 0.10336538461538461 0.046875 0.0829326923076923
0 0.8317307692307693 0.18629807692307693 0.039663461538461536 0.07451923076923077
0 0.8497596153846154 0.6262019230769231 0.051682692307692304 0.09134615384615384
0 0.7704326923076923 0.7776442307692307 0.04447115384615385 0.06971153846153846
0 0.07451923076923077 0.8713942307692307 0.042067307692307696 0.078125
0 0.25961538461538464 0.8665865384615384 0.0673076923076923 0.09735576923076923