2 0.3858173076923077 0.6598557692307693 0.04447115384615385 0.07091346153846154
3 0.6838942307692307 0.7439903846153846 0.04927884615384615 0.08052884615384616
3 0.8966346153846154 0.671875 0.11298076923076923 0.17908653846153846
0 0.8990384615384616 0.09975961538461539 0.036057692307692304 0.05048076923076923
0 0.5432692307692307 0.15985576923076922 0.04447115384615385 0.05048076923076923
0 0.5925480769230769 0.30288461538461536 0.039663461538461536 0.04326923076923077
0 0.1658653846153846 0.23677884615384615 0.027644230769230768 0.039663461538461536
0 0.08653846153846154 0.25961538461538464 0.038461538461538464 0.040865384615384616
0 0.046875 0.34975961538461536 0.03125 0.04567307692307692
0 0.09495192307692307 0.33052884615384615 0.036057692307692304 0.05048076923076923
0 0.18629807692307693 0.31009615384615385 0.037259615384615384 0.06370192307692307
0 0.2439903846153846 0.33774038461538464 0.04927884615384615 0.078125
0 0.3016826923076923 0.3605769230769231 0.03245192307692308 0.051682692307692304
0 0.4266826923076923 0.3954326923076923 0.038461538461538464 0.056490384615384616
0 0.4639423076923077 0.44591346153846156 0.04447115384615385 0.09495192307692307
0 0.49399038461538464 0.42908653846153844 0.037259615384615384 0.06129807692307692
0 0.390625 0.6069711538461539 0.03245192307692308 0.052884615384615384
0 0.4567307692307692 0.9206730769230769 0.06129807692307692 0.0829326923076923
0 0.6658653846153846 0.9675480769230769 0.0625 0.0625
0 0.8737980769230769 0.7872596153846154 0.055288461538461536 0.078125
0 0.9639423076923077 0.7091346153846154 0.0673076923076923 0.10817307692307693