2 0.5576923076923077 0.30288461538461536 0.03485576923076923 0.056490384615384616
2 0.4182692307692308 0.7584134615384616 0.027644230769230768 0.05048076923076923
2 0.43149038461538464 0.6526442307692307 0.03245192307692308 0.05889423076923077
2 0.31971153846153844 0.4110576923076923 0.039663461538461536 0.055288461538461536
0 0.5372596153846154 0.7560096153846154 0.0625 0.12259615384615384
0 0.5024038461538461 0.2932692307692308 0.037259615384615384 0.09014423076923077
0 0.5504807692307693 0.17548076923076922 0.03485576923076923 0.054086538461538464
0 0.6033653846153846 0.109375 0.026442307692307692 0.05048076923076923
0 0.6454326923076923 0.17908653846153846 0.037259615384615384 0.05889423076923077
0 0.7548076923076923 0.2536057692307692 0.03365384615384615 0.07091346153846154
0 0.875 0.22596153846153846 0.040865384615384616 0.0625
1 0.19591346153846154 0.14423076923076922 0.11057692307692307 0.0829326923076923