2 0.3425480769230769 0.6742788461538461 0.054086538461538464 0.07572115384615384
2 0.48197115384615385 0.5889423076923077 0.046875 0.057692307692307696
2 0.4891826923076923 0.40625 0.028846153846153848 0.052884615384615384
2 0.5180288461538461 0.44471153846153844 0.03365384615384615 0.04447115384615385
2 0.6117788461538461 0.41346153846153844 0.03245192307692308 0.051682692307692304
2 0.7019230769230769 0.7043269230769231 0.05889423076923077 0.09495192307692307
2 0.7439903846153846 0.6923076923076923 0.046875 0.07932692307692307
2 0.7668269230769231 0.8173076923076923 0.0673076923076923 0.12620192307692307
2 0.8245192307692307 0.5925480769230769 0.057692307692307696 0.08173076923076923
2 0.5985576923076923 0.921875 0.04927884615384615 0.0889423076923077
2 0.4651442307692308 0.8810096153846154 0.054086538461538464 0.09014423076923077