1 0.671875 0.5913461538461539 0.06610576923076923 0.140625
0 0.10336538461538461 0.4074519230769231 0.021634615384615384 0.030048076923076924
0 0.11899038461538461 0.53125 0.03125 0.04326923076923077
0 0.7427884615384616 0.25240384615384615 0.02403846153846154 0.030048076923076924
0 0.5252403846153846 0.3293269230769231 0.030048076923076924 0.038461538461538464
0 0.4519230769230769 0.3581730769230769 0.021634615384615384 0.03485576923076923
0 0.34134615384615385 0.27163461538461536 0.03125 0.046875
0 0.3137019230769231 0.3317307692307692 0.03485576923076923 0.046875
0 0.3245192307692308 0.41346153846153844 0.02283653846153846 0.046875
0 0.3125 0.4375 0.027644230769230768 0.04927884615384615
0 0.2704326923076923 0.4675480769230769 0.038461538461538464 0.046875
0 0.37740384615384615 0.6153846153846154 0.036057692307692304 0.042067307692307696
0 0.9603365384615384 0.5216346153846154 0.04326923076923077 0.040865384615384616
0 0.5444711538461539 0.421875 0.04567307692307692 0.054086538461538464
0 0.9771634615384616 0.625 0.040865384615384616 0.0673076923076923
0 0.5048076923076923 0.6394230769230769 0.039663461538461536 0.06971153846153846
1 0.7427884615384616 0.38100961538461536 0.04927884615384615 0.08173076923076923
1 0.6983173076923077 0.41586538461538464 0.06971153846153846 0.06370192307692307
1 0.19110576923076922 0.9615384615384616 0.0625 0.07572115384615384
3 0.6694711538461539 0.9194711538461539 0.046875 0.06370192307692307
3 0.3401442307692308 0.6911057692307693 0.030048076923076924 0.046875
0 0.2439903846153846 0.3401442307692308 0.02403846153846154 0.04567307692307692
0 0.42427884615384615 0.16466346153846154 0.028846153846153848 0.038461538461538464