1 0.43509615384615385 0.7367788461538461 0.07091346153846154 0.21754807692307693
0 0.453125 0.9819711538461539 0.04326923076923077 0.03485576923076923
0 0.036057692307692304 0.7199519230769231 0.03365384615384615 0.055288461538461536
0 0.056490384615384616 0.33774038461538464 0.037259615384615384 0.05048076923076923
0 0.3762019230769231 0.4098557692307692 0.039663461538461536 0.06370192307692307
0 0.5649038461538461 0.3076923076923077 0.028846153846153848 0.03365384615384615
0 0.5360576923076923 0.32091346153846156 0.04326923076923077 0.06129807692307692
0 0.5961538461538461 0.14302884615384615 0.03125 0.039663461538461536
0 0.6875 0.2548076923076923 0.03485576923076923 0.06129807692307692
0 0.8088942307692307 0.5036057692307693 0.040865384615384616 0.04567307692307692
0 0.5865384615384616 0.5913461538461539 0.0673076923076923 0.11538461538461539
3 0.055288461538461536 0.8004807692307693 0.055288461538461536 0.08533653846153846
3 0.4519230769230769 0.3786057692307692 0.03125 0.04567307692307692
3 0.8100961538461539 0.3233173076923077 0.057692307692307696 0.1045673076923077
3 0.3954326923076923 0.6310096153846154 0.054086538461538464 0.078125
1 0.6213942307692307 0.5096153846153846 0.11057692307692307 0.12620192307692307
0 0.12740384615384615 0.39302884615384615 0.02403846153846154 0.04567307692307692
0 0.24639423076923078 0.19951923076923078 0.038461538461538464 0.05048076923076923
0 0.36778846153846156 0.23076923076923078 0.02283653846153846 0.04807692307692308