2 0.6382211538461539 0.3581730769230769 0.038461538461538464 0.055288461538461536
2 0.47115384615384615 0.7800480769230769 0.04447115384615385 0.07451923076923077
2 0.5360576923076923 0.7391826923076923 0.04447115384615385 0.07451923076923077
2 0.6814903846153846 0.7175480769230769 0.052884615384615384 0.09134615384615384
2 0.6778846153846154 0.6165865384615384 0.052884615384615384 0.08052884615384616
2 0.7608173076923077 0.6346153846153846 0.04807692307692308 0.0829326923076923
2 0.6766826923076923 0.8533653846153846 0.04567307692307692 0.07451923076923077
2 0.7524038461538461 0.7836538461538461 0.04447115384615385 0.07572115384615384
2 0.5625 0.9675480769230769 0.057692307692307696 0.06009615384615385
2 0.7007211538461539 0.9591346153846154 0.0673076923076923 0.07932692307692307
2 0.9254807692307693 0.39663461538461536 0.056490384615384616 0.056490384615384616
2 0.8088942307692307 0.25240384615384615 0.037259615384615384 0.046875
2 0.5432692307692307 0.47596153846153844 0.03485576923076923 0.042067307692307696