0 0.09134615384615384 0.21153846153846154 0.09975961538461539 0.10817307692307693
0 0.16706730769230768 0.3449519230769231 0.08653846153846154 0.10576923076923077
0 0.18509615384615385 0.7680288461538461 0.10817307692307693 0.109375
0 0.17427884615384615 0.875 0.07091346153846154 0.09014423076923077
0 0.5264423076923077 0.6923076923076923 0.12379807692307693 0.11778846153846154
0 0.65625 0.7644230769230769 0.1141826923076923 0.10096153846153846
0 0.7235576923076923 0.6646634615384616 0.10817307692307693 0.14543269230769232
0 0.8233173076923077 0.7704326923076923 0.11778846153846154 0.14182692307692307
0 0.7848557692307693 0.8269230769230769 0.12980769230769232 0.15264423076923078
0 0.9555288461538461 0.9591346153846154 0.08653846153846154 0.078125
0 0.734375 0.5204326923076923 0.09375 0.13221153846153846
0 0.08413461538461539 0.9086538461538461 0.09615384615384616 0.09254807692307693
3 0.5240384615384616 0.4182692307692308 0.10697115384615384 0.13942307692307693