3 0.5793269230769231 0.8389423076923077 0.07451923076923077 0.10336538461538461
0 0.4699519230769231 0.43509615384615385 0.02283653846153846 0.038461538461538464
0 0.20432692307692307 0.47115384615384615 0.04326923076923077 0.08774038461538461
0 0.859375 0.4411057692307692 0.03125 0.057692307692307696
0 0.8485576923076923 0.5024038461538461 0.036057692307692304 0.056490384615384616
0 0.6622596153846154 0.3629807692307692 0.030048076923076924 0.05889423076923077
0 0.6646634615384616 0.4338942307692308 0.03125 0.0625
0 0.6201923076923077 0.5192307692307693 0.036057692307692304 0.0625
0 0.4651442307692308 0.5444711538461539 0.037259615384615384 0.04807692307692308
0 0.4050480769230769 0.5973557692307693 0.04326923076923077 0.0625
0 0.48677884615384615 0.6935096153846154 0.04927884615384615 0.07692307692307693
0 0.21995192307692307 0.7223557692307693 0.056490384615384616 0.078125
0 0.78125 0.6694711538461539 0.05048076923076923 0.06009615384615385
0 0.7860576923076923 0.9699519230769231 0.078125 0.05889423076923077