2 0.28125 0.46033653846153844 0.04326923076923077 0.04927884615384615
2 0.265625 0.5564903846153846 0.057692307692307696 0.08413461538461539
2 0.03485576923076923 0.5060096153846154 0.0625 0.09254807692307693
2 0.15504807692307693 0.578125 0.056490384615384616 0.07572115384615384
2 0.35096153846153844 0.45913461538461536 0.04567307692307692 0.0625
2 0.3473557692307692 0.40024038461538464 0.05048076923076923 0.06009615384615385
2 0.375 0.5300480769230769 0.057692307692307696 0.08413461538461539
2 0.7524038461538461 0.9278846153846154 0.09615384615384616 0.13942307692307693
2 0.6899038461538461 0.5625 0.0673076923076923 0.09975961538461539
2 0.6322115384615384 0.3786057692307692 0.038461538461538464 0.056490384615384616
2 0.7007211538461539 0.31490384615384615 0.052884615384615384 0.057692307692307696
2 0.9627403846153846 0.2920673076923077 0.06490384615384616 0.06009615384615385