2 0.375 0.2127403846153846 0.03125 0.04567307692307692
2 0.9447115384615384 0.5745192307692307 0.06971153846153846 0.08052884615384616
2 0.3173076923076923 0.47475961538461536 0.04447115384615385 0.06009615384615385
2 0.3762019230769231 0.47475961538461536 0.04326923076923077 0.06009615384615385
2 0.3545673076923077 0.421875 0.038461538461538464 0.06610576923076923
2 0.11658653846153846 0.47596153846153844 0.06009615384615385 0.07091346153846154
2 0.46875 0.3701923076923077 0.046875 0.0625
2 0.6081730769230769 0.7271634615384616 0.09615384615384616 0.16105769230769232
2 0.6550480769230769 0.7716346153846154 0.055288461538461536 0.10336538461538461
2 0.6370192307692307 0.8233173076923077 0.046875 0.07451923076923077
2 0.6598557692307693 0.8641826923076923 0.057692307692307696 0.08413461538461539
2 0.8545673076923077 0.7800480769230769 0.06971153846153846 0.11538461538461539
2 0.921875 0.6358173076923077 0.06009615384615385 0.0889423076923077
2 0.8521634615384616 0.5024038461538461 0.042067307692307696 0.06370192307692307
2 0.8461538461538461 0.5396634615384616 0.04927884615384615 0.04927884615384615
1 0.7956730769230769 0.6790865384615384 0.08173076923076923 0.07932692307692307
2 0.2512019230769231 0.5252403846153846 0.046875 0.040865384615384616
2 0.23677884615384615 0.49158653846153844 0.04567307692307692 0.046875
2 0.2824519230769231 0.34134615384615385 0.039663461538461536 0.052884615384615384
2 0.41225961538461536 0.359375 0.03365384615384615 0.05048076923076923
2 0.38822115384615385 0.3269230769230769 0.03125 0.054086538461538464
2 0.671875 0.3004807692307692 0.03125 0.046875
2 0.8329326923076923 0.4110576923076923 0.04447115384615385 0.051682692307692304