0 0.16466346153846154 0.4230769230769231 0.03245192307692308 0.056490384615384616
0 0.234375 0.3076923076923077 0.026442307692307692 0.046875
0 0.21875 0.23677884615384615 0.026442307692307692 0.03125
0 0.25240384615384615 0.18990384615384615 0.03125 0.038461538461538464
0 0.3125 0.21394230769230768 0.027644230769230768 0.05048076923076923
0 0.40024038461538464 0.09495192307692307 0.02403846153846154 0.037259615384615384
0 0.4675480769230769 0.16346153846153846 0.036057692307692304 0.042067307692307696
0 0.4963942307692308 0.0889423076923077 0.030048076923076924 0.055288461538461536
0 0.734375 0.25841346153846156 0.04326923076923077 0.06971153846153846
0 0.8209134615384616 0.3125 0.06129807692307692 0.08533653846153846
0 0.8665865384615384 0.24759615384615385 0.04807692307692308 0.09014423076923077
0 0.7463942307692307 0.7259615384615384 0.06971153846153846 0.13701923076923078
0 0.6201923076923077 0.8173076923076923 0.07692307692307693 0.13822115384615385