3 0.22716346153846154 0.9651442307692307 0.06490384615384616 0.06610576923076923
0 0.3173076923076923 0.5108173076923077 0.026442307692307692 0.046875
0 0.40865384615384615 0.4951923076923077 0.030048076923076924 0.046875
0 0.3870192307692308 0.5757211538461539 0.026442307692307692 0.052884615384615384
0 0.5192307692307693 0.6201923076923077 0.03485576923076923 0.06490384615384616
0 0.6105769230769231 0.35336538461538464 0.03485576923076923 0.046875
0 0.6430288461538461 0.27283653846153844 0.027644230769230768 0.06850961538461539
0 0.9278846153846154 0.29447115384615385 0.055288461538461536 0.07572115384615384
0 0.7391826923076923 0.6057692307692307 0.05048076923076923 0.078125
0 0.8052884615384616 0.6526442307692307 0.06370192307692307 0.11298076923076923
0 0.8161057692307693 0.8689903846153846 0.07932692307692307 0.12980769230769232
3 0.6069711538461539 0.8870192307692307 0.07211538461538461 0.07932692307692307