2 0.32572115384615385 0.7235576923076923 0.03485576923076923 0.09014423076923077
0 0.7788461538461539 0.6670673076923077 0.038461538461538464 0.06850961538461539
0 0.8617788461538461 0.6153846153846154 0.03125 0.06610576923076923
0 0.9170673076923077 0.5805288461538461 0.03125 0.04326923076923077
0 0.5985576923076923 0.546875 0.042067307692307696 0.07572115384615384
0 0.546875 0.5084134615384616 0.039663461538461536 0.0673076923076923
0 0.5288461538461539 0.36538461538461536 0.04927884615384615 0.08774038461538461
0 0.5504807692307693 0.28725961538461536 0.03245192307692308 0.06610576923076923
0 0.5132211538461539 0.20793269230769232 0.037259615384615384 0.06610576923076923
0 0.5853365384615384 0.25961538461538464 0.02283653846153846 0.0625
0 0.7163461538461539 0.9735576923076923 0.06009615384615385 0.05048076923076923
3 0.49278846153846156 0.8725961538461539 0.09134615384615384 0.18509615384615385
3 0.9555288461538461 0.6935096153846154 0.08413461538461539 0.27163461538461536
3 0.29086538461538464 0.08533653846153846 0.04567307692307692 0.056490384615384616