2 0.39663461538461536 0.3858173076923077 0.04447115384615385 0.055288461538461536
2 0.0985576923076923 0.5180288461538461 0.039663461538461536 0.06009615384615385
2 0.29447115384615385 0.53125 0.03485576923076923 0.0673076923076923
2 0.8377403846153846 0.5552884615384616 0.06009615384615385 0.08533653846153846
2 0.8245192307692307 0.8209134615384616 0.0625 0.1045673076923077
2 0.578125 0.8233173076923077 0.06009615384615385 0.10697115384615384
2 0.4182692307692308 0.6754807692307693 0.052884615384615384 0.0829326923076923
2 0.48197115384615385 0.8497596153846154 0.07572115384615384 0.140625
2 0.43149038461538464 0.8064903846153846 0.052884615384615384 0.11658653846153846
2 0.546875 0.31490384615384615 0.039663461538461536 0.046875
2 0.5480769230769231 0.359375 0.039663461538461536 0.04567307692307692
2 0.5612980769230769 0.41225961538461536 0.03485576923076923 0.046875
2 0.5024038461538461 0.5540865384615384 0.042067307692307696 0.08173076923076923
2 0.4735576923076923 0.39663461538461536 0.037259615384615384 0.0625
2 0.40865384615384615 0.4579326923076923 0.052884615384615384 0.06490384615384616
2 0.3701923076923077 0.5324519230769231 0.05048076923076923 0.08413461538461539