0 0.6322115384615384 0.6274038461538461 0.040865384615384616 0.0625
0 0.65625 0.7199519230769231 0.04326923076923077 0.07451923076923077
0 0.5637019230769231 0.4206730769230769 0.040865384615384616 0.06370192307692307
0 0.5096153846153846 0.5072115384615384 0.04326923076923077 0.05889423076923077
0 0.42788461538461536 0.49759615384615385 0.040865384615384616 0.05048076923076923
0 0.30649038461538464 0.4675480769230769 0.03365384615384615 0.06370192307692307
0 0.3317307692307692 0.2764423076923077 0.036057692307692304 0.042067307692307696
0 0.04807692307692308 0.12620192307692307 0.042067307692307696 0.0625
0 0.16826923076923078 0.7223557692307693 0.046875 0.09735576923076923
3 0.3557692307692308 0.9122596153846154 0.07211538461538461 0.10336538461538461
3 0.3629807692307692 0.7800480769230769 0.06610576923076923 0.10216346153846154