2 0.6911057692307693 0.625 0.04326923076923077 0.05889423076923077
0 0.5949519230769231 0.2764423076923077 0.03245192307692308 0.05048076923076923
0 0.8269230769230769 0.32211538461538464 0.038461538461538464 0.0673076923076923
0 0.7115384615384616 0.3329326923076923 0.046875 0.06610576923076923
1 0.53125 0.8341346153846154 0.11778846153846154 0.07572115384615384
0 0.6081730769230769 0.8930288461538461 0.037259615384615384 0.08533653846153846
0 0.6682692307692307 0.7776442307692307 0.04447115384615385 0.08052884615384616
0 0.4699519230769231 0.5216346153846154 0.03485576923076923 0.0625
0 0.6201923076923077 0.5300480769230769 0.036057692307692304 0.07091346153846154
0 0.4206730769230769 0.5360576923076923 0.040865384615384616 0.04567307692307692
0 0.41466346153846156 0.7271634615384616 0.05048076923076923 0.08533653846153846