2 0.20673076923076922 0.5973557692307693 0.036057692307692304 0.04447115384615385
0 0.5408653846153846 0.2980769230769231 0.027644230769230768 0.042067307692307696
0 0.7620192307692307 0.515625 0.03365384615384615 0.06370192307692307
1 0.6346153846153846 0.9122596153846154 0.140625 0.17427884615384615
0 0.30288461538461536 0.7764423076923077 0.078125 0.09495192307692307
0 0.09254807692307693 0.8533653846153846 0.057692307692307696 0.08173076923076923
0 0.05048076923076923 0.7548076923076923 0.08413461538461539 0.13581730769230768
0 0.23677884615384615 0.5096153846153846 0.04927884615384615 0.07932692307692307
0 0.2512019230769231 0.44471153846153844 0.054086538461538464 0.08533653846153846
0 0.6370192307692307 0.46153846153846156 0.057692307692307696 0.08653846153846154
0 0.17307692307692307 0.2692307692307692 0.039663461538461536 0.06129807692307692
0 0.28125 0.2980769230769231 0.040865384615384616 0.0625