2 0.5408653846153846 0.7223557692307693 0.054086538461538464 0.10817307692307693
2 0.13822115384615385 0.4963942307692308 0.04567307692307692 0.07451923076923077
2 0.055288461538461536 0.6165865384615384 0.08052884615384616 0.12259615384615384
2 0.030048076923076924 0.5396634615384616 0.056490384615384616 0.08413461538461539
2 0.22596153846153846 0.36538461538461536 0.046875 0.057692307692307696
2 0.24759615384615385 0.4651442307692308 0.046875 0.07091346153846154
2 0.030048076923076924 0.7331730769230769 0.056490384615384616 0.13942307692307693
2 0.5252403846153846 0.4543269230769231 0.055288461538461536 0.06971153846153846
2 0.7716346153846154 0.4639423076923077 0.06129807692307692 0.08653846153846154
2 0.9278846153846154 0.6382211538461539 0.07692307692307693 0.078125
2 0.7596153846153846 0.20552884615384615 0.046875 0.0625