2 0.18629807692307693 0.5913461538461539 0.014423076923076924 0.007211538461538462
2 0.07572115384615384 0.15384615384615385 0.09014423076923077 0.07692307692307693
0 0.6682692307692307 0.31850961538461536 0.22596153846153846 0.3016826923076923
2 0.21754807692307693 0.10697115384615384 0.1502403846153846 0.11658653846153846
2 0.22596153846153846 0.3389423076923077 0.19110576923076922 0.21995192307692307
2 0.6153846153846154 0.2091346153846154 0.15865384615384615 0.21514423076923078
2 0.8401442307692307 0.14182692307692307 0.21394230769230768 0.18509615384615385
2 0.8918269230769231 0.3449519230769231 0.21394230769230768 0.27403846153846156
2 0.515625 0.671875 0.2860576923076923 0.4495192307692308
2 0.7644230769230769 0.6045673076923077 0.24639423076923078 0.33533653846153844
0 0.7091346153846154 0.7848557692307693 0.578125 0.42427884615384615