2 0.8545673076923077 0.6454326923076923 0.036057692307692304 0.07692307692307693
2 0.5120192307692307 0.25240384615384615 0.042067307692307696 0.04447115384615385
2 0.546875 0.17427884615384615 0.042067307692307696 0.08173076923076923
2 0.3605769230769231 0.2439903846153846 0.040865384615384616 0.054086538461538464
2 0.40865384615384615 0.4338942307692308 0.042067307692307696 0.08173076923076923
0 0.9266826923076923 0.7824519230769231 0.06850961538461539 0.10817307692307693
0 0.6574519230769231 0.42788461538461536 0.06850961538461539 0.09615384615384616
0 0.5204326923076923 0.6117788461538461 0.06971153846153846 0.10336538461538461
1 0.3425480769230769 0.8677884615384616 0.1935096153846154 0.25961538461538464
1 0.1935096153846154 0.07211538461538461 0.17307692307692307 0.0985576923076923
1 0.5504807692307693 0.38461538461538464 0.09134615384615384 0.07451923076923077
1 0.49278846153846156 0.30408653846153844 0.10336538461538461 0.10817307692307693