2 0.8016826923076923 0.5264423076923077 0.04807692307692308 0.0625
2 0.3329326923076923 0.6586538461538461 0.03485576923076923 0.055288461538461536
2 0.8713942307692307 0.9507211538461539 0.037259615384615384 0.06850961538461539
2 0.8737980769230769 0.7548076923076923 0.046875 0.07451923076923077
2 0.6983173076923077 0.27163461538461536 0.025240384615384616 0.040865384615384616
2 0.8473557692307693 0.3713942307692308 0.046875 0.06610576923076923
2 0.7692307692307693 0.7800480769230769 0.05889423076923077 0.08052884615384616
2 0.7091346153846154 0.7319711538461539 0.055288461538461536 0.0829326923076923
2 0.7848557692307693 0.6262019230769231 0.04927884615384615 0.08413461538461539
2 0.7331730769230769 0.5709134615384616 0.04927884615384615 0.0625
2 0.6586538461538461 0.5192307692307693 0.042067307692307696 0.06129807692307692
2 0.6730769230769231 0.47716346153846156 0.030048076923076924 0.04567307692307692
2 0.6514423076923077 0.4483173076923077 0.030048076923076924 0.04927884615384615
2 0.4254807692307692 0.8713942307692307 0.039663461538461536 0.07451923076923077
2 0.4026442307692308 0.8040865384615384 0.036057692307692304 0.08052884615384616
2 0.3798076923076923 0.7716346153846154 0.03365384615384615 0.06129807692307692
2 0.5889423076923077 0.5985576923076923 0.03245192307692308 0.05889423076923077
2 0.5372596153846154 0.7115384615384616 0.037259615384615384 0.06129807692307692
3 0.5192307692307693 0.5216346153846154 0.055288461538461536 0.07091346153846154
2 0.47596153846153844 0.9723557692307693 0.055288461538461536 0.052884615384615384