0 0.6538461538461539 0.1814903846153846 0.030048076923076924 0.0625
0 0.6009615384615384 0.3112980769230769 0.026442307692307692 0.054086538461538464
0 0.45913461538461536 0.078125 0.021634615384615384 0.04927884615384615
0 0.515625 0.07451923076923077 0.03485576923076923 0.046875
0 0.3870192307692308 0.1778846153846154 0.02403846153846154 0.04567307692307692
0 0.2920673076923077 0.9483173076923077 0.05889423076923077 0.10096153846153846
0 0.8088942307692307 0.9314903846153846 0.06009615384615385 0.09014423076923077
0 0.8305288461538461 0.4951923076923077 0.036057692307692304 0.04927884615384615
0 0.3713942307692308 0.5036057692307693 0.04927884615384615 0.08052884615384616
0 0.5456730769230769 0.19110576923076922 0.04807692307692308 0.06490384615384616
1 0.6574519230769231 0.3088942307692308 0.05048076923076923 0.07451923076923077