1 0.5420673076923077 0.4891826923076923 0.08413461538461539 0.09615384615384616
1 0.40865384615384615 0.46875 0.09134615384615384 0.10336538461538461
0 0.6826923076923077 0.6466346153846154 0.03365384615384615 0.057692307692307696
0 0.5757211538461539 0.4110576923076923 0.02403846153846154 0.040865384615384616
0 0.10096153846153846 0.36538461538461536 0.06850961538461539 0.11057692307692307
0 0.28125 0.47836538461538464 0.03125 0.052884615384615384
0 0.4495192307692308 0.7355769230769231 0.03485576923076923 0.0625
0 0.4543269230769231 0.8076923076923077 0.039663461538461536 0.06490384615384616
0 0.5192307692307693 0.7475961538461539 0.03365384615384615 0.06370192307692307
0 0.5841346153846154 0.8004807692307693 0.027644230769230768 0.051682692307692304
0 0.7944711538461539 0.9158653846153846 0.04447115384615385 0.07211538461538461
0 0.6646634615384616 0.984375 0.055288461538461536 0.030048076923076924
0 0.5673076923076923 0.8858173076923077 0.04326923076923077 0.07211538461538461
0 0.3894230769230769 0.9050480769230769 0.06850961538461539 0.08533653846153846