0 0.49759615384615385 0.8461538461538461 0.09615384615384616 0.1658653846153846
0 0.4879807692307692 0.2608173076923077 0.08173076923076923 0.1502403846153846
0 0.9002403846153846 0.8149038461538461 0.0829326923076923 0.16826923076923078
0 0.9206730769230769 0.5564903846153846 0.055288461538461536 0.10576923076923077
0 0.953125 0.3701923076923077 0.04807692307692308 0.10817307692307693
0 0.7211538461538461 0.5637019230769231 0.05889423076923077 0.10576923076923077
0 0.640625 0.7572115384615384 0.05889423076923077 0.11057692307692307
0 0.5300480769230769 0.7079326923076923 0.06370192307692307 0.12620192307692307
0 0.40865384615384615 0.46033653846153844 0.09014423076923077 0.14543269230769232
0 0.6682692307692307 0.21514423076923078 0.06610576923076923 0.07932692307692307
0 0.5793269230769231 0.14903846153846154 0.078125 0.15504807692307693
3 0.5829326923076923 0.3016826923076923 0.10817307692307693 0.15745192307692307