3 0.21153846153846154 0.9759615384615384 0.078125 0.042067307692307696
2 0.7079326923076923 0.34375 0.036057692307692304 0.04447115384615385
2 0.7415865384615384 0.3269230769230769 0.027644230769230768 0.06129807692307692
2 0.7836538461538461 0.328125 0.03365384615384615 0.04447115384615385
2 0.7451923076923077 0.7644230769230769 0.028846153846153848 0.046875
2 0.7848557692307693 0.7584134615384616 0.03365384615384615 0.039663461538461536
3 0.6790865384615384 0.8317307692307693 0.055288461538461536 0.09375
0 0.4579326923076923 0.9795673076923077 0.051682692307692304 0.037259615384615384
0 0.5853365384615384 0.6045673076923077 0.040865384615384616 0.06971153846153846
0 0.6322115384615384 0.5985576923076923 0.054086538461538464 0.12139423076923077
0 0.5240384615384616 0.7860576923076923 0.052884615384615384 0.08653846153846154
0 0.8918269230769231 0.6826923076923077 0.15144230769230768 0.1310096153846154
0 0.9230769230769231 0.9254807692307693 0.15144230769230768 0.14302884615384615
3 0.5721153846153846 0.49759615384615385 0.055288461538461536 0.13581730769230768
3 0.5949519230769231 0.828125 0.06370192307692307 0.17548076923076922