0 0.31009615384615385 0.3389423076923077 0.027644230769230768 0.046875
3 0.6526442307692307 0.6526442307692307 0.06850961538461539 0.09014423076923077
0 0.47836538461538464 0.8257211538461539 0.046875 0.078125
0 0.4338942307692308 0.8389423076923077 0.04326923076923077 0.06971153846153846
0 0.5889423076923077 0.6802884615384616 0.038461538461538464 0.0889423076923077
0 0.5997596153846154 0.5757211538461539 0.046875 0.078125
0 0.8677884615384616 0.2536057692307692 0.04927884615384615 0.0673076923076923
0 0.9134615384615384 0.09254807692307693 0.052884615384615384 0.09014423076923077
0 0.6538461538461539 0.14302884615384615 0.051682692307692304 0.05889423076923077
0 0.2644230769230769 0.7391826923076923 0.036057692307692304 0.052884615384615384
0 0.22716346153846154 0.6358173076923077 0.036057692307692304 0.06129807692307692
0 0.1935096153846154 0.6610576923076923 0.026442307692307692 0.026442307692307692
0 0.203125 0.5925480769230769 0.038461538461538464 0.052884615384615384