2 0.78125 0.8149038461538461 0.04567307692307692 0.06009615384615385
2 0.43149038461538464 0.3161057692307692 0.03125 0.057692307692307696
0 0.43990384615384615 0.9314903846153846 0.09014423076923077 0.1346153846153846
0 0.5516826923076923 0.9074519230769231 0.04927884615384615 0.09014423076923077
0 0.6754807692307693 0.7007211538461539 0.055288461538461536 0.09375
0 0.24158653846153846 0.9639423076923077 0.0625 0.06971153846153846
0 0.26322115384615385 0.8605769230769231 0.05048076923076923 0.0829326923076923
0 0.24639423076923078 0.7596153846153846 0.05048076923076923 0.07451923076923077
0 0.3016826923076923 0.6286057692307693 0.04567307692307692 0.07451923076923077
0 0.14783653846153846 0.8209134615384616 0.04927884615384615 0.07451923076923077
0 0.051682692307692304 0.5024038461538461 0.05889423076923077 0.07572115384615384
0 0.24278846153846154 0.296875 0.03485576923076923 0.051682692307692304
0 0.25961538461538464 0.21033653846153846 0.03245192307692308 0.046875
0 0.28365384615384615 0.140625 0.026442307692307692 0.036057692307692304
0 0.5300480769230769 0.052884615384615384 0.03485576923076923 0.056490384615384616
0 0.06610576923076923 0.3545673076923077 0.03365384615384615 0.042067307692307696
3 0.11538461538461539 0.4495192307692308 0.05889423076923077 0.10576923076923077