0 0.5036057692307693 0.46634615384615385 0.03125 0.054086538461538464
0 0.5841346153846154 0.5084134615384616 0.03125 0.0625
0 0.37740384615384615 0.5661057692307693 0.027644230769230768 0.05048076923076923
0 0.8016826923076923 0.9711538461538461 0.04567307692307692 0.056490384615384616
0 0.5288461538461539 0.7067307692307693 0.026442307692307692 0.054086538461538464
0 0.12259615384615384 0.31490384615384615 0.027644230769230768 0.037259615384615384
0 0.18028846153846154 0.31009615384615385 0.025240384615384616 0.042067307692307696
0 0.22716346153846154 0.36538461538461536 0.027644230769230768 0.04447115384615385
0 0.2127403846153846 0.625 0.03245192307692308 0.04567307692307692
0 0.32211538461538464 0.7860576923076923 0.03245192307692308 0.06610576923076923
0 0.14302884615384615 0.6959134615384616 0.038461538461538464 0.07572115384615384
0 0.06490384615384616 0.7175480769230769 0.04447115384615385 0.07451923076923077
0 0.13341346153846154 0.9615384615384616 0.056490384615384616 0.07451923076923077
0 0.5889423076923077 0.8485576923076923 0.03365384615384615 0.0673076923076923