0 0.20432692307692307 0.5504807692307693 0.04567307692307692 0.06971153846153846
0 0.2824519230769231 0.7163461538461539 0.026442307692307692 0.030048076923076924
3 0.25721153846153844 0.65625 0.02403846153846154 0.03485576923076923
3 0.3389423076923077 0.6790865384615384 0.016826923076923076 0.04447115384615385
3 0.6358173076923077 0.5060096153846154 0.03245192307692308 0.054086538461538464
0 0.32211538461538464 0.6117788461538461 0.028846153846153848 0.04927884615384615
0 0.3605769230769231 0.6971153846153846 0.037259615384615384 0.056490384615384616
0 0.4675480769230769 0.953125 0.03485576923076923 0.05889423076923077
0 0.5060096153846154 0.8990384615384616 0.040865384615384616 0.054086538461538464
0 0.6923076923076923 0.9459134615384616 0.07091346153846154 0.10336538461538461
3 0.4170673076923077 0.6790865384615384 0.026442307692307692 0.054086538461538464
3 0.30649038461538464 0.5348557692307693 0.026442307692307692 0.037259615384615384
3 0.41586538461538464 0.9483173076923077 0.03365384615384615 0.04927884615384615
3 0.6105769230769231 0.8389423076923077 0.06850961538461539 0.08413461538461539
3 0.7644230769230769 0.9038461538461539 0.07932692307692307 0.10817307692307693
3 0.44471153846153844 0.6526442307692307 0.028846153846153848 0.037259615384615384
3 0.49038461538461536 0.6045673076923077 0.042067307692307696 0.06370192307692307
3 0.49399038461538464 0.796875 0.056490384615384616 0.10576923076923077
3 0.9074519230769231 0.8125 0.16346153846153846 0.16826923076923078
0 0.6550480769230769 0.7560096153846154 0.06610576923076923 0.10336538461538461
0 0.5913461538461539 0.6778846153846154 0.037259615384615384 0.08173076923076923
0 0.5504807692307693 0.6105769230769231 0.03485576923076923 0.037259615384615384
0 0.5625 0.5348557692307693 0.06370192307692307 0.09134615384615384
0 0.4254807692307692 0.5396634615384616 0.05048076923076923 0.07211538461538461
0 0.4855769230769231 0.33653846153846156 0.06490384615384616 0.09615384615384616
3 0.4326923076923077 0.4387019230769231 0.04326923076923077 0.08173076923076923
3 0.5120192307692307 0.46875 0.05889423076923077 0.09375
3 0.7391826923076923 0.3557692307692308 0.08052884615384616 0.10336538461538461
3 0.609375 0.25721153846153844 0.06370192307692307 0.11298076923076923