0 0.4963942307692308 0.5733173076923077 0.04807692307692308 0.07091346153846154
0 0.5600961538461539 0.4170673076923077 0.042067307692307696 0.057692307692307696
0 0.5528846153846154 0.45913461538461536 0.04447115384615385 0.056490384615384616
0 0.5997596153846154 0.4387019230769231 0.06009615384615385 0.08173076923076923
0 0.6322115384615384 0.48197115384615385 0.0625 0.10336538461538461
0 0.7271634615384616 0.4987980769230769 0.04567307692307692 0.04927884615384615
0 0.625 0.6514423076923077 0.09495192307692307 0.1310096153846154
0 0.5168269230769231 0.7175480769230769 0.054086538461538464 0.06129807692307692
0 0.4230769230769231 0.9146634615384616 0.0673076923076923 0.1346153846153846
0 0.3088942307692308 0.5504807692307693 0.05048076923076923 0.054086538461538464
3 0.4831730769230769 0.47115384615384615 0.07091346153846154 0.06610576923076923
3 0.5637019230769231 0.5324519230769231 0.09375 0.109375
3 0.5192307692307693 0.6334134615384616 0.07451923076923077 0.0985576923076923
3 0.59375 0.6045673076923077 0.078125 0.1045673076923077
3 0.6610576923076923 0.5709134615384616 0.06971153846153846 0.0625
3 0.5649038461538461 0.7776442307692307 0.109375 0.12259615384615384
3 0.41947115384615385 0.8257211538461539 0.07211538461538461 0.07932692307692307
3 0.4987980769230769 0.8966346153846154 0.09735576923076923 0.19951923076923078