1 0.9206730769230769 0.7644230769230769 0.0889423076923077 0.17908653846153846
0 0.28846153846153844 0.15504807692307693 0.03245192307692308 0.040865384615384616
0 0.42788461538461536 0.15985576923076922 0.030048076923076924 0.03485576923076923
0 0.921875 0.1778846153846154 0.05889423076923077 0.042067307692307696
0 0.14302884615384615 0.3401442307692308 0.038461538461538464 0.046875
0 0.0985576923076923 0.3425480769230769 0.040865384615384616 0.05048076923076923
0 0.028846153846153848 0.36538461538461536 0.036057692307692304 0.046875
0 0.13581730769230768 0.42908653846153844 0.03365384615384615 0.040865384615384616
0 0.19110576923076922 0.38341346153846156 0.027644230769230768 0.036057692307692304
0 0.17307692307692307 0.4254807692307692 0.039663461538461536 0.051682692307692304
0 0.11177884615384616 0.5552884615384616 0.03485576923076923 0.055288461538461536
0 0.13581730769230768 0.6947115384615384 0.040865384615384616 0.057692307692307696
0 0.32211538461538464 0.6298076923076923 0.037259615384615384 0.04927884615384615
0 0.36899038461538464 0.7163461538461539 0.046875 0.06370192307692307
0 0.42427884615384615 0.7451923076923077 0.04326923076923077 0.06129807692307692
1 0.28966346153846156 0.47836538461538464 0.08173076923076923 0.09495192307692307
3 0.23317307692307693 0.3629807692307692 0.04567307692307692 0.05048076923076923