2 0.6887019230769231 0.12259615384615384 0.015625 0.042067307692307696
2 0.7920673076923077 0.8713942307692307 0.04567307692307692 0.04447115384615385
0 0.8545673076923077 0.8389423076923077 0.12379807692307693 0.11899038461538461
0 0.11778846153846154 0.9182692307692307 0.04447115384615385 0.04447115384615385
0 0.1814903846153846 0.9759615384615384 0.04326923076923077 0.042067307692307696
0 0.2824519230769231 0.5961538461538461 0.06610576923076923 0.08173076923076923
0 0.2439903846153846 0.8028846153846154 0.06129807692307692 0.06971153846153846
0 0.3786057692307692 0.7824519230769231 0.054086538461538464 0.12860576923076922
0 0.4230769230769231 0.859375 0.040865384615384616 0.04927884615384615
0 0.48197115384615385 0.9098557692307693 0.04447115384615385 0.07692307692307693
3 0.2764423076923077 0.9098557692307693 0.038461538461538464 0.042067307692307696
3 0.3317307692307692 0.8401442307692307 0.038461538461538464 0.051682692307692304
3 0.34975961538461536 0.9879807692307693 0.03485576923076923 0.019230769230769232
3 0.3293269230769231 0.7067307692307693 0.056490384615384616 0.07932692307692307
3 0.23918269230769232 0.7163461538461539 0.0625 0.07451923076923077
3 0.3894230769230769 0.5072115384615384 0.054086538461538464 0.07692307692307693
3 0.4855769230769231 0.5649038461538461 0.05048076923076923 0.07932692307692307
3 0.5769230769230769 0.24278846153846154 0.109375 0.18509615384615385
3 0.8269230769230769 0.20793269230769232 0.056490384615384616 0.07932692307692307
0 0.5564903846153846 0.5829326923076923 0.07091346153846154 0.12860576923076922
0 0.6814903846153846 0.5949519230769231 0.08413461538461539 0.12379807692307693
0 0.8713942307692307 0.3173076923076923 0.08774038461538461 0.09134615384615384
0 0.9206730769230769 0.1778846153846154 0.14302884615384615 0.12379807692307693