0 0.21033653846153846 0.30649038461538464 0.025240384615384616 0.05048076923076923
0 0.6298076923076923 0.3016826923076923 0.025240384615384616 0.039663461538461536
0 0.7019230769230769 0.5180288461538461 0.025240384615384616 0.038461538461538464
0 0.7079326923076923 0.4495192307692308 0.025240384615384616 0.040865384615384616
0 0.4879807692307692 0.2956730769230769 0.019230769230769232 0.04807692307692308
0 0.15985576923076922 0.12740384615384615 0.027644230769230768 0.042067307692307696
0 0.039663461538461536 0.25841346153846156 0.04567307692307692 0.0673076923076923
1 0.3245192307692308 0.7932692307692307 0.08173076923076923 0.23798076923076922
1 0.2932692307692308 0.8978365384615384 0.06490384615384616 0.20192307692307693
1 0.8040865384615384 0.7716346153846154 0.06009615384615385 0.12379807692307693
1 0.3473557692307692 0.5805288461538461 0.0733173076923077 0.056490384615384616
3 0.10697115384615384 0.31009615384615385 0.0673076923076923 0.054086538461538464