2 0.5997596153846154 0.49759615384615385 0.04447115384615385 0.06370192307692307
2 0.9435096153846154 0.4699519230769231 0.07572115384615384 0.09615384615384616
2 0.9495192307692307 0.7980769230769231 0.09615384615384616 0.11057692307692307
2 0.8954326923076923 0.703125 0.09375 0.12259615384615384
2 0.7319711538461539 0.37740384615384615 0.04927884615384615 0.08653846153846154
2 0.7391826923076923 0.44711538461538464 0.06610576923076923 0.08653846153846154
2 0.6959134615384616 0.3737980769230769 0.052884615384615384 0.0889423076923077
2 0.34375 0.6298076923076923 0.05889423076923077 0.09615384615384616
2 0.40384615384615385 0.6526442307692307 0.052884615384615384 0.0889423076923077
2 0.45552884615384615 0.578125 0.0625 0.09014423076923077
2 0.5576923076923077 0.5637019230769231 0.055288461538461536 0.07572115384615384
2 0.4987980769230769 0.47596153846153844 0.05048076923076923 0.05889423076923077
2 0.4254807692307692 0.6754807692307693 0.04807692307692308 0.06610576923076923
1 0.5036057692307693 0.8305288461538461 0.07572115384615384 0.13701923076923078
2 0.5685096153846154 0.8185096153846154 0.07091346153846154 0.10336538461538461
2 0.5084134615384616 0.640625 0.052884615384615384 0.0733173076923077
2 0.8112980769230769 0.3076923076923077 0.046875 0.0625