3 0.12379807692307693 0.6826923076923077 0.11538461538461539 0.17067307692307693
0 0.11298076923076923 0.42427884615384615 0.07451923076923077 0.18269230769230768
0 0.30408653846153844 0.28125 0.07211538461538461 0.0889423076923077
0 0.5072115384615384 0.3425480769230769 0.054086538461538464 0.07211538461538461
0 0.8413461538461539 0.5588942307692307 0.08173076923076923 0.11057692307692307
0 0.9663461538461539 0.65625 0.05889423076923077 0.11298076923076923
0 0.8221153846153846 0.7391826923076923 0.09134615384615384 0.12139423076923077
0 0.7307692307692307 0.6826923076923077 0.05889423076923077 0.09134615384615384
0 0.6814903846153846 0.8365384615384616 0.078125 0.11298076923076923
0 0.3798076923076923 0.7716346153846154 0.08173076923076923 0.13581730769230768
0 0.49278846153846156 0.7175480769230769 0.055288461538461536 0.10576923076923077
0 0.4495192307692308 0.7872596153846154 0.054086538461538464 0.14302884615384615
0 0.4387019230769231 0.9230769230769231 0.0889423076923077 0.14783653846153846
0 0.328125 0.9206730769230769 0.09495192307692307 0.14302884615384615
3 0.328125 0.47836538461538464 0.10817307692307693 0.1658653846153846