2 0.6634615384615384 0.5673076923076923 0.03485576923076923 0.054086538461538464
2 0.49158653846153844 0.49399038461538464 0.021634615384615384 0.039663461538461536
2 0.44471153846153844 0.7055288461538461 0.03485576923076923 0.046875
0 0.20072115384615385 0.4831730769230769 0.03245192307692308 0.042067307692307696
0 0.23557692307692307 0.5817307692307693 0.054086538461538464 0.07692307692307693
0 0.45072115384615385 0.4639423076923077 0.040865384615384616 0.06370192307692307
0 0.5817307692307693 0.40625 0.040865384615384616 0.046875
0 0.609375 0.4855769230769231 0.03365384615384615 0.042067307692307696
0 0.7956730769230769 0.6057692307692307 0.03245192307692308 0.056490384615384616
0 0.8269230769230769 0.7151442307692307 0.036057692307692304 0.07211538461538461
1 0.6310096153846154 0.9242788461538461 0.21153846153846154 0.14543269230769232