3 0.7211538461538461 0.4951923076923077 0.06971153846153846 0.10096153846153846
3 0.5024038461538461 0.33774038461538464 0.11778846153846154 0.15264423076923078
1 0.5348557692307693 0.25841346153846156 0.0829326923076923 0.12139423076923077
1 0.042067307692307696 0.2920673076923077 0.07451923076923077 0.24879807692307693
1 0.35697115384615385 0.5564903846153846 0.10576923076923077 0.11057692307692307
1 0.2620192307692308 0.4639423076923077 0.10576923076923077 0.22716346153846154
1 0.14903846153846154 0.5048076923076923 0.140625 0.08653846153846154
1 0.9278846153846154 0.6262019230769231 0.140625 0.14543269230769232
0 0.8004807692307693 0.8329326923076923 0.09975961538461539 0.12620192307692307
0 0.7175480769230769 0.7295673076923077 0.06370192307692307 0.12620192307692307
0 0.7391826923076923 0.14423076923076922 0.056490384615384616 0.08653846153846154
0 0.24158653846153846 0.125 0.03365384615384615 0.07211538461538461
2 0.6490384615384616 0.40625 0.037259615384615384 0.056490384615384616
2 0.3293269230769231 0.7139423076923077 0.04807692307692308 0.06971153846153846