1 0.5649038461538461 0.28125 0.040865384615384616 0.12860576923076922
2 0.16346153846153846 0.47475961538461536 0.0733173076923077 0.11057692307692307
0 0.8545673076923077 0.8569711538461539 0.22956730769230768 0.28125
0 0.8822115384615384 0.6814903846153846 0.16947115384615385 0.25721153846153844
1 0.7764423076923077 0.5997596153846154 0.10576923076923077 0.09375
1 0.7932692307692307 0.546875 0.25 0.15504807692307693
1 0.6286057692307693 0.5444711538461539 0.15745192307692307 0.11658653846153846
2 0.7331730769230769 0.7139423076923077 0.14302884615384615 0.23677884615384615
2 0.6045673076923077 0.6165865384615384 0.12620192307692307 0.18028846153846154
1 0.1502403846153846 0.9350961538461539 0.22956730769230768 0.12620192307692307
0 0.7475961538461539 0.4375 0.11057692307692307 0.15264423076923078
0 0.8521634615384616 0.4326923076923077 0.11778846153846154 0.19230769230769232
2 0.7932692307692307 0.33653846153846156 0.10817307692307693 0.09134615384615384
1 0.7788461538461539 0.2932692307692308 0.08052884615384616 0.14302884615384615
1 0.9182692307692307 0.24639423076923078 0.14543269230769232 0.14302884615384615
1 0.8317307692307693 0.15625 0.12620192307692307 0.11057692307692307
2 0.6538461538461539 0.39903846153846156 0.13221153846153846 0.12139423076923077
0 0.6286057692307693 0.3329326923076923 0.08774038461538461 0.13341346153846154
0 0.7295673076923077 0.17548076923076922 0.0829326923076923 0.15264423076923078
0 0.055288461538461536 0.8497596153846154 0.10817307692307693 0.22235576923076922
2 0.06850961538461539 0.6947115384615384 0.1045673076923077 0.20552884615384615
0 0.17548076923076922 0.5973557692307693 0.09615384615384616 0.13822115384615385
0 0.48677884615384615 0.5697115384615384 0.11298076923076923 0.18509615384615385
0 0.3762019230769231 0.5216346153846154 0.08653846153846154 0.15504807692307693
1 0.38221153846153844 0.41346153846153844 0.07451923076923077 0.07692307692307693
1 0.32091346153846156 0.4206730769230769 0.06610576923076923 0.12139423076923077
0 0.4230769230769231 0.38461538461538464 0.078125 0.11899038461538461
2 0.2644230769230769 0.5480769230769231 0.08774038461538461 0.14783653846153846
2 0.0829326923076923 0.5192307692307693 0.08774038461538461 0.11658653846153846
0 0.04807692307692308 0.453125 0.06490384615384616 0.11658653846153846
0 0.2512019230769231 0.40865384615384615 0.06850961538461539 0.09615384615384616
0 0.20192307692307693 0.328125 0.06370192307692307 0.07932692307692307
1 0.44471153846153844 0.2824519230769231 0.09014423076923077 0.08653846153846154
1 0.44350961538461536 0.2283653846153846 0.09735576923076923 0.07692307692307693
0 0.5324519230769231 0.23677884615384615 0.09735576923076923 0.16346153846153846
0 0.6310096153846154 0.16346153846153846 0.051682692307692304 0.0889423076923077
0 0.27884615384615385 0.3016826923076923 0.06370192307692307 0.10817307692307693
2 0.20192307692307693 0.7908653846153846 0.140625 0.21033653846153846
0 0.5072115384615384 0.07572115384615384 0.04326923076923077 0.09615384615384616