0 0.12259615384615384 0.20072115384615385 0.040865384615384616 0.06129807692307692
1 0.33653846153846156 0.8389423076923077 0.14543269230769232 0.24759615384615385
1 0.9242788461538461 0.9290865384615384 0.14903846153846154 0.13942307692307693
0 0.9759615384615384 0.8353365384615384 0.04567307692307692 0.08774038461538461
0 0.8701923076923077 0.7247596153846154 0.038461538461538464 0.054086538461538464
0 0.8125 0.671875 0.03485576923076923 0.054086538461538464
0 0.7043269230769231 0.7151442307692307 0.06370192307692307 0.06610576923076923
0 0.7524038461538461 0.6778846153846154 0.036057692307692304 0.051682692307692304
0 0.7487980769230769 0.6262019230769231 0.027644230769230768 0.04326923076923077
0 0.8629807692307693 0.4362980769230769 0.027644230769230768 0.040865384615384616
0 0.44591346153846156 0.7620192307692307 0.042067307692307696 0.056490384615384616
0 0.24759615384615385 0.296875 0.03485576923076923 0.054086538461538464
0 0.48197115384615385 0.390625 0.04447115384615385 0.0673076923076923
0 0.2548076923076923 0.23317307692307693 0.038461538461538464 0.0733173076923077
0 0.17307692307692307 0.19591346153846154 0.037259615384615384 0.06490384615384616
0 0.19951923076923078 0.27163461538461536 0.036057692307692304 0.07572115384615384
0 0.042067307692307696 0.53125 0.039663461538461536 0.06009615384615385
3 0.8257211538461539 0.9362980769230769 0.06971153846153846 0.0985576923076923