3 0.17548076923076922 0.8473557692307693 0.10817307692307693 0.1875
3 0.10817307692307693 0.9098557692307693 0.08413461538461539 0.140625
0 0.9723557692307693 0.5252403846153846 0.052884615384615384 0.11057692307692307
0 0.9423076923076923 0.6971153846153846 0.09615384615384616 0.16105769230769232
0 0.6033653846153846 0.14543269230769232 0.06129807692307692 0.11899038461538461
0 0.0625 0.23677884615384615 0.09735576923076923 0.20192307692307693
0 0.21995192307692307 0.6694711538461539 0.07932692307692307 0.14783653846153846
0 0.04567307692307692 0.9567307692307693 0.0829326923076923 0.08173076923076923
3 0.9302884615384616 0.36778846153846156 0.0625 0.07932692307692307
3 0.9206730769230769 0.4735576923076923 0.06129807692307692 0.0889423076923077
3 0.5024038461538461 0.5564903846153846 0.08413461538461539 0.140625
3 0.23317307692307693 0.44591346153846156 0.12860576923076922 0.14543269230769232
3 0.17307692307692307 0.5817307692307693 0.10336538461538461 0.1658653846153846
3 0.3713942307692308 0.29927884615384615 0.051682692307692304 0.06971153846153846
0 0.4579326923076923 0.20192307692307693 0.06610576923076923 0.11899038461538461