2 0.7103365384615384 0.2824519230769231 0.052884615384615384 0.055288461538461536
2 0.9266826923076923 0.36778846153846156 0.078125 0.15144230769230768
2 0.6983173076923077 0.5288461538461539 0.06850961538461539 0.09615384615384616
2 0.5721153846153846 0.7944711538461539 0.051682692307692304 0.07572115384615384
2 0.7572115384615384 0.875 0.09975961538461539 0.15384615384615385
2 0.53125 0.6658653846153846 0.051682692307692304 0.0985576923076923
2 0.3389423076923077 0.7151442307692307 0.051682692307692304 0.11658653846153846
2 0.3858173076923077 0.49759615384615385 0.04807692307692308 0.0673076923076923
2 0.36538461538461536 0.4098557692307692 0.038461538461538464 0.05889423076923077
2 0.3581730769230769 0.36899038461538464 0.040865384615384616 0.06129807692307692
2 0.27884615384615385 0.5084134615384616 0.04807692307692308 0.08052884615384616
2 0.171875 0.5408653846153846 0.05889423076923077 0.07091346153846154
2 0.19831730769230768 0.6213942307692307 0.07692307692307693 0.10697115384615384
2 0.0625 0.4723557692307692 0.06129807692307692 0.07932692307692307