0 0.6394230769230769 0.23557692307692307 0.06490384615384616 0.09375
3 0.30528846153846156 0.3173076923076923 0.06971153846153846 0.08653846153846154
0 0.19591346153846154 0.06850961538461539 0.056490384615384616 0.0673076923076923
0 0.1502403846153846 0.1045673076923077 0.052884615384615384 0.06971153846153846
0 0.19230769230769232 0.14543269230769232 0.04807692307692308 0.06971153846153846
0 0.04326923076923077 0.14543269230769232 0.057692307692307696 0.07692307692307693
0 0.8221153846153846 0.15625 0.06009615384615385 0.0733173076923077
0 0.7019230769230769 0.14543269230769232 0.0673076923076923 0.07692307692307693
0 0.9350961538461539 0.11658653846153846 0.055288461538461536 0.0733173076923077
0 0.9194711538461539 0.2980769230769231 0.04807692307692308 0.07692307692307693
0 0.8473557692307693 0.28725961538461536 0.057692307692307696 0.07451923076923077
0 0.9771634615384616 0.38221153846153844 0.042067307692307696 0.07932692307692307
0 0.6766826923076923 0.6069711538461539 0.078125 0.08533653846153846
0 0.49759615384615385 0.5480769230769231 0.07211538461538461 0.10817307692307693