1 0.3942307692307692 0.2536057692307692 0.056490384615384616 0.1658653846153846
2 0.515625 0.32211538461538464 0.036057692307692304 0.07692307692307693
2 0.35096153846153844 0.7824519230769231 0.03365384615384615 0.06370192307692307
2 0.04326923076923077 0.8461538461538461 0.051682692307692304 0.056490384615384616
0 0.5144230769230769 0.9675480769230769 0.051682692307692304 0.05889423076923077
0 0.42788461538461536 0.6826923076923077 0.04326923076923077 0.09615384615384616
0 0.5612980769230769 0.5925480769230769 0.05048076923076923 0.0889423076923077
0 0.7211538461538461 0.8161057692307693 0.10576923076923077 0.17548076923076922
0 0.6418269230769231 0.7367788461538461 0.055288461538461536 0.12139423076923077
0 0.5829326923076923 0.7427884615384616 0.037259615384615384 0.10336538461538461
3 0.3942307692307692 0.7872596153846154 0.0625 0.10817307692307693
3 0.47596153846153844 0.3088942307692308 0.055288461538461536 0.12379807692307693