0 0.10697115384615384 0.28725961538461536 0.07211538461538461 0.10096153846153846
0 0.07692307692307693 0.41466346153846156 0.06971153846153846 0.0985576923076923
0 0.18990384615384615 0.11298076923076923 0.03485576923076923 0.0889423076923077
0 0.28846153846153844 0.29927884615384615 0.06971153846153846 0.09375
0 0.359375 0.20192307692307693 0.08173076923076923 0.11899038461538461
0 0.28365384615384615 0.5877403846153846 0.08653846153846154 0.1778846153846154
0 0.1814903846153846 0.6862980769230769 0.08653846153846154 0.14302884615384615
0 0.23557692307692307 0.8016826923076923 0.09254807692307693 0.12620192307692307
0 0.11057692307692307 0.8125 0.09254807692307693 0.14302884615384615
0 0.3918269230769231 0.8149038461538461 0.09134615384615384 0.15264423076923078
0 0.5012019230769231 0.3942307692307692 0.06971153846153846 0.12139423076923077
0 0.6694711538461539 0.3125 0.08052884615384616 0.12139423076923077
0 0.8581730769230769 0.25841346153846156 0.06850961538461539 0.1310096153846154
0 0.7391826923076923 0.6430288461538461 0.09615384615384616 0.1502403846153846
0 0.6394230769230769 0.7019230769230769 0.09134615384615384 0.140625
0 0.6057692307692307 0.9326923076923077 0.08173076923076923 0.1310096153846154
0 0.7211538461538461 0.8665865384615384 0.08173076923076923 0.15264423076923078