0 0.5841346153846154 0.1346153846153846 0.06490384615384616 0.09254807692307693
0 0.71875 0.15865384615384615 0.08533653846153846 0.10576923076923077
0 0.6538461538461539 0.19831730769230768 0.09254807692307693 0.11658653846153846
0 0.7283653846153846 0.2608173076923077 0.078125 0.10216346153846154
0 0.8052884615384616 0.15985576923076922 0.07692307692307693 0.10817307692307693
0 0.8161057692307693 0.27524038461538464 0.055288461538461536 0.0673076923076923
0 0.8064903846153846 0.3485576923076923 0.06129807692307692 0.06971153846153846
0 0.8846153846153846 0.3737980769230769 0.08653846153846154 0.11298076923076923
0 0.9399038461538461 0.44471153846153844 0.09375 0.11057692307692307
0 0.8990384615384616 0.1971153846153846 0.0889423076923077 0.12980769230769232
0 0.9675480769230769 0.27524038461538464 0.06129807692307692 0.10576923076923077
0 0.5060096153846154 0.6045673076923077 0.10336538461538461 0.12980769230769232
3 0.6129807692307693 0.47596153846153844 0.10697115384615384 0.12620192307692307
3 0.23076923076923078 0.6983173076923077 0.12620192307692307 0.18028846153846154