3 0.4014423076923077 0.47836538461538464 0.04447115384615385 0.04447115384615385
3 0.47716346153846156 0.8088942307692307 0.06610576923076923 0.11057692307692307
0 0.5012019230769231 0.07932692307692307 0.021634615384615384 0.030048076923076924
0 0.5949519230769231 0.09615384615384616 0.018028846153846152 0.036057692307692304
0 0.5685096153846154 0.14423076923076922 0.025240384615384616 0.038461538461538464
0 0.4639423076923077 0.11658653846153846 0.020432692307692308 0.05048076923076923
0 0.34975961538461536 0.28846153846153844 0.028846153846153848 0.04807692307692308
0 0.36899038461538464 0.3401442307692308 0.03365384615384615 0.05048076923076923
0 0.2980769230769231 0.6454326923076923 0.030048076923076924 0.038461538461538464
0 0.34975961538461536 0.5600961538461539 0.030048076923076924 0.04567307692307692
0 0.7391826923076923 0.41947115384615385 0.03485576923076923 0.054086538461538464
0 0.8930288461538461 0.49759615384615385 0.036057692307692304 0.06129807692307692
0 0.7704326923076923 0.5552884615384616 0.046875 0.05889423076923077
0 0.6826923076923077 0.6610576923076923 0.051682692307692304 0.06610576923076923
0 0.28725961538461536 0.9074519230769231 0.051682692307692304 0.09495192307692307