3 0.6177884615384616 0.6730769230769231 0.04326923076923077 0.05889423076923077
3 0.6850961538461539 0.5324519230769231 0.040865384615384616 0.06009615384615385
3 0.7307692307692307 0.5408653846153846 0.051682692307692304 0.07211538461538461
3 0.34375 0.6911057692307693 0.04927884615384615 0.06850961538461539
0 0.23076923076923078 0.6201923076923077 0.038461538461538464 0.05889423076923077
0 0.15865384615384615 0.24639423076923078 0.030048076923076924 0.042067307692307696
0 0.15985576923076922 0.3088942307692308 0.038461538461538464 0.051682692307692304
0 0.6418269230769231 0.35697115384615385 0.036057692307692304 0.052884615384615384
0 0.44350961538461536 0.34375 0.038461538461538464 0.04807692307692308
0 0.48677884615384615 0.47716346153846156 0.04567307692307692 0.04807692307692308
0 0.9158653846153846 0.42908653846153844 0.036057692307692304 0.046875
0 0.8653846153846154 0.4519230769230769 0.04326923076923077 0.06610576923076923
0 0.7932692307692307 0.5072115384615384 0.027644230769230768 0.052884615384615384
0 0.78125 0.6165865384615384 0.038461538461538464 0.07692307692307693
0 0.6274038461538461 0.5841346153846154 0.030048076923076924 0.046875
0 0.4014423076923077 0.8798076923076923 0.036057692307692304 0.0625