3 0.8870192307692307 0.9639423076923077 0.0985576923076923 0.07091346153846154
3 0.2536057692307692 0.8485576923076923 0.0733173076923077 0.11298076923076923
0 0.04807692307692308 0.3425480769230769 0.03365384615384615 0.05048076923076923
0 0.10096153846153846 0.2764423076923077 0.026442307692307692 0.038461538461538464
0 0.11899038461538461 0.24639423076923078 0.028846153846153848 0.036057692307692304
0 0.15384615384615385 0.2848557692307692 0.03485576923076923 0.06610576923076923
0 0.27884615384615385 0.4735576923076923 0.042067307692307696 0.051682692307692304
0 0.7403846153846154 0.7055288461538461 0.037259615384615384 0.052884615384615384
0 0.8052884615384616 0.7091346153846154 0.04326923076923077 0.04927884615384615
0 0.7620192307692307 0.8954326923076923 0.05048076923076923 0.08653846153846154
0 0.38221153846153844 0.8461538461538461 0.04927884615384615 0.07692307692307693