0 0.23677884615384615 0.38341346153846156 0.06850961538461539 0.08173076923076923
0 0.15985576923076922 0.36899038461538464 0.052884615384615384 0.07211538461538461
0 0.18509615384615385 0.41225961538461536 0.06009615384615385 0.06971153846153846
0 0.2848557692307692 0.43990384615384615 0.10096153846153846 0.0985576923076923
0 0.20432692307692307 0.49158653846153844 0.05889423076923077 0.0889423076923077
0 0.15745192307692307 0.4879807692307692 0.06850961538461539 0.08653846153846154
0 0.12139423076923077 0.5456730769230769 0.06490384615384616 0.09375
0 0.47836538461538464 0.2800480769230769 0.06009615384615385 0.06129807692307692
2 0.48197115384615385 0.3233173076923077 0.05889423076923077 0.054086538461538464
1 0.4362980769230769 0.47475961538461536 0.07932692307692307 0.1310096153846154
1 0.49158653846153844 0.3954326923076923 0.05889423076923077 0.0889423076923077
1 0.5516826923076923 0.33413461538461536 0.054086538461538464 0.08653846153846154
1 0.5721153846153846 0.3870192307692308 0.055288461538461536 0.10096153846153846
1 0.5276442307692307 0.44350961538461536 0.06370192307692307 0.09615384615384616
1 0.4807692307692308 0.5084134615384616 0.06850961538461539 0.0985576923076923
1 0.5552884615384616 0.5372596153846154 0.07091346153846154 0.11057692307692307
1 0.4987980769230769 0.5769230769230769 0.07932692307692307 0.13581730769230768
1 0.8040865384615384 0.24639423076923078 0.07451923076923077 0.07451923076923077
0 0.7524038461538461 0.2692307692307692 0.06490384615384616 0.11899038461538461
0 0.65625 0.37740384615384615 0.07091346153846154 0.09375
0 0.7512019230769231 0.4362980769230769 0.09134615384615384 0.12139423076923077
0 0.6730769230769231 0.43509615384615385 0.07451923076923077 0.11899038461538461
0 0.7463942307692307 0.5420673076923077 0.07932692307692307 0.1502403846153846
0 0.8004807692307693 0.4963942307692308 0.06850961538461539 0.12860576923076922
0 0.8449519230769231 0.4026442307692308 0.07692307692307693 0.12860576923076922
0 0.9338942307692307 0.3954326923076923 0.0733173076923077 0.12860576923076922
0 0.9855769230769231 0.28846153846153844 0.026442307692307692 0.10817307692307693
0 0.6634615384615384 0.5829326923076923 0.08413461538461539 0.14783653846153846
0 0.8173076923076923 0.5997596153846154 0.0985576923076923 0.1778846153846154
0 0.9182692307692307 0.5661057692307693 0.0985576923076923 0.17067307692307693
0 0.8990384615384616 0.6670673076923077 0.10336538461538461 0.19230769230769232
0 0.9807692307692307 0.59375 0.036057692307692304 0.18990384615384615
0 0.7548076923076923 0.6730769230769231 0.08413461538461539 0.1502403846153846
0 0.6706730769230769 0.7079326923076923 0.10096153846153846 0.19471153846153846
0 0.9771634615384616 0.78125 0.04326923076923077 0.16105769230769232
2 0.9050480769230769 0.7764423076923077 0.12620192307692307 0.18028846153846154
2 0.9831730769230769 0.9242788461538461 0.030048076923076924 0.14543269230769232
2 0.38461538461538464 0.5997596153846154 0.0985576923076923 0.12379807692307693
0 0.31009615384615385 0.5997596153846154 0.08173076923076923 0.12379807692307693
1 0.31971153846153844 0.49399038461538464 0.13581730769230768 0.08413461538461539
1 0.30408653846153844 0.5384615384615384 0.09495192307692307 0.07932692307692307
0 0.28125 0.6850961538461539 0.09014423076923077 0.13581730769230768
0 0.2668269230769231 0.7920673076923077 0.11658653846153846 0.15264423076923078
1 0.49278846153846156 0.6875 0.19591346153846154 0.11658653846153846
0 0.23677884615384615 0.5673076923076923 0.056490384615384616 0.10817307692307693
0 0.1778846153846154 0.5853365384615384 0.06129807692307692 0.09375
0 0.06009615384615385 0.5516826923076923 0.06129807692307692 0.08173076923076923
0 0.11298076923076923 0.6538461538461539 0.08413461538461539 0.14302884615384615
0 0.5456730769230769 0.7740384615384616 0.1466346153846154 0.21033653846153846
1 0.6081730769230769 0.734375 0.078125 0.27403846153846156
1 0.3545673076923077 0.8882211538461539 0.12740384615384615 0.21995192307692307
1 0.28365384615384615 0.9050480769230769 0.12259615384615384 0.11658653846153846
1 0.6971153846153846 0.9375 0.17307692307692307 0.12139423076923077
1 0.5516826923076923 0.8930288461538461 0.13581730769230768 0.10096153846153846
1 0.4050480769230769 0.9615384615384616 0.10096153846153846 0.07211538461538461
0 0.12740384615384615 0.9278846153846154 0.14903846153846154 0.13822115384615385
0 0.6310096153846154 0.9591346153846154 0.10336538461538461 0.07692307692307693
0 0.5204326923076923 0.9495192307692307 0.11899038461538461 0.09615384615384616