1 0.7620192307692307 0.21153846153846154 0.054086538461538464 0.07451923076923077
0 0.6346153846153846 0.23557692307692307 0.026442307692307692 0.0625
3 0.65625 0.20793269230769232 0.038461538461538464 0.051682692307692304
0 0.8822115384615384 0.15264423076923078 0.028846153846153848 0.051682692307692304
0 0.9639423076923077 0.21995192307692307 0.04326923076923077 0.06610576923076923
0 0.7019230769230769 0.12379807692307693 0.027644230769230768 0.04326923076923077
0 0.7367788461538461 0.3485576923076923 0.037259615384615384 0.055288461538461536
0 0.953125 0.8473557692307693 0.055288461538461536 0.09254807692307693
0 0.5540865384615384 0.32572115384615385 0.028846153846153848 0.054086538461538464
0 0.671875 0.5192307692307693 0.03365384615384615 0.05889423076923077
0 0.07211538461538461 0.16346153846153846 0.03485576923076923 0.056490384615384616
3 0.36658653846153844 0.04447115384615385 0.06610576923076923 0.06009615384615385
1 0.6694711538461539 0.7944711538461539 0.140625 0.09975961538461539
1 0.4074519230769231 0.3713942307692308 0.08533653846153846 0.06009615384615385
1 0.5877403846153846 0.24879807692307693 0.05889423076923077 0.054086538461538464