2 0.22596153846153846 0.23317307692307693 0.04567307692307692 0.056490384615384616
2 0.22235576923076922 0.7283653846153846 0.04447115384615385 0.04927884615384615
2 0.32572115384615385 0.859375 0.04326923076923077 0.07932692307692307
0 0.25240384615384615 0.8870192307692307 0.17307692307692307 0.22235576923076922
0 0.4519230769230769 0.5408653846153846 0.054086538461538464 0.08413461538461539
0 0.765625 0.7620192307692307 0.051682692307692304 0.09134615384615384
0 0.6598557692307693 0.46634615384615385 0.06009615384615385 0.07451923076923077
0 0.49399038461538464 0.34975961538461536 0.042067307692307696 0.06610576923076923
0 0.4411057692307692 0.2764423076923077 0.03365384615384615 0.04927884615384615
0 0.4182692307692308 0.09134615384615384 0.036057692307692304 0.06370192307692307
0 0.3112980769230769 0.06971153846153846 0.042067307692307696 0.04927884615384615