0 0.6442307692307693 0.5588942307692307 0.027644230769230768 0.04447115384615385
0 0.44591346153846156 0.4735576923076923 0.027644230769230768 0.04807692307692308
0 0.4375 0.5540865384615384 0.018028846153846152 0.039663461538461536
0 0.25240384615384615 0.46634615384615385 0.03245192307692308 0.057692307692307696
0 0.8100961538461539 0.6923076923076923 0.027644230769230768 0.06971153846153846
0 0.8557692307692307 0.9567307692307693 0.040865384615384616 0.06009615384615385
0 0.6706730769230769 0.9170673076923077 0.03485576923076923 0.046875
0 0.5504807692307693 0.9711538461538461 0.051682692307692304 0.055288461538461536
0 0.3798076923076923 0.9411057692307693 0.06490384615384616 0.10336538461538461
0 0.037259615384615384 0.9603365384615384 0.0733173076923077 0.078125
0 0.04447115384615385 0.8966346153846154 0.055288461538461536 0.057692307692307696
0 0.2776442307692308 0.7067307692307693 0.038461538461538464 0.038461538461538464
0 0.328125 0.6682692307692307 0.030048076923076924 0.039663461538461536
0 0.4807692307692308 0.8185096153846154 0.039663461538461536 0.056490384615384616
0 0.6033653846153846 0.7860576923076923 0.026442307692307692 0.04326923076923077
0 0.6165865384615384 0.7415865384615384 0.03365384615384615 0.04927884615384615
0 0.6887019230769231 0.7439903846153846 0.027644230769230768 0.042067307692307696
0 0.6923076923076923 0.7091346153846154 0.03485576923076923 0.039663461538461536
0 0.6213942307692307 0.6959134615384616 0.039663461538461536 0.04567307692307692
0 0.5264423076923077 0.6237980769230769 0.03125 0.03365384615384615
0 0.47836538461538464 0.6057692307692307 0.03125 0.042067307692307696
0 0.4338942307692308 0.6814903846153846 0.025240384615384616 0.038461538461538464
0 0.3918269230769231 0.6213942307692307 0.038461538461538464 0.038461538461538464
0 0.27884615384615385 0.5564903846153846 0.027644230769230768 0.03245192307692308
0 0.078125 0.5480769230769231 0.03485576923076923 0.040865384615384616
0 0.03485576923076923 0.546875 0.030048076923076924 0.039663461538461536
1 0.5348557692307693 0.6610576923076923 0.07451923076923077 0.04567307692307692
3 0.21394230769230768 0.7475961538461539 0.056490384615384616 0.04927884615384615
3 0.4026442307692308 0.7740384615384616 0.06850961538461539 0.06009615384615385
3 0.5192307692307693 0.7536057692307693 0.056490384615384616 0.054086538461538464
3 0.33533653846153844 0.5408653846153846 0.039663461538461536 0.03485576923076923