0 0.49759615384615385 0.8822115384615384 0.08653846153846154 0.17067307692307693
0 0.6045673076923077 0.6298076923076923 0.07211538461538461 0.15264423076923078
0 0.27163461538461536 0.3581730769230769 0.07451923076923077 0.13822115384615385
2 0.36778846153846156 0.8509615384615384 0.040865384615384616 0.11658653846153846
2 0.3161057692307692 0.7560096153846154 0.04567307692307692 0.10817307692307693
2 0.15264423076923078 0.484375 0.03485576923076923 0.054086538461538464
0 0.2403846153846154 0.1622596153846154 0.06490384615384616 0.11057692307692307
0 0.3605769230769231 0.41586538461538464 0.07451923076923077 0.11658653846153846
0 0.3894230769230769 0.6442307692307693 0.08052884615384616 0.15745192307692307
2 0.4338942307692308 0.5024038461538461 0.04326923076923077 0.06610576923076923
2 0.5060096153846154 0.6899038461538461 0.027644230769230768 0.056490384615384616
2 0.5733173076923077 0.4723557692307692 0.038461538461538464 0.07692307692307693
3 0.1466346153846154 0.9435096153846154 0.078125 0.10817307692307693