2 0.49158653846153844 0.8557692307692307 0.055288461538461536 0.10336538461538461
2 0.5588942307692307 0.8185096153846154 0.06490384615384616 0.11057692307692307
1 0.30408653846153844 0.9447115384615384 0.1201923076923077 0.109375
1 0.8762019230769231 0.6875 0.09615384615384616 0.17668269230769232
0 0.7908653846153846 0.5252403846153846 0.06610576923076923 0.10336538461538461
0 0.5372596153846154 0.578125 0.06490384615384616 0.10216346153846154
0 0.42908653846153844 0.4963942307692308 0.03485576923076923 0.054086538461538464
0 0.24639423076923078 0.6021634615384616 0.056490384615384616 0.08653846153846154
0 0.09014423076923077 0.453125 0.03485576923076923 0.04807692307692308
3 0.3473557692307692 0.46274038461538464 0.05889423076923077 0.07211538461538461
3 0.9122596153846154 0.5384615384615384 0.13701923076923078 0.16706730769230768