3 0.4951923076923077 0.3605769230769231 0.039663461538461536 0.06490384615384616
3 0.16346153846153846 0.5528846153846154 0.08173076923076923 0.09254807692307693
1 0.44711538461538464 0.8870192307692307 0.15264423076923078 0.16706730769230768
1 0.0829326923076923 0.15865384615384615 0.0673076923076923 0.06610576923076923
1 0.46875 0.23798076923076922 0.08413461538461539 0.0673076923076923
0 0.47836538461538464 0.1466346153846154 0.037259615384615384 0.046875
0 0.7211538461538461 0.14903846153846154 0.03485576923076923 0.055288461538461536
0 0.65625 0.16105769230769232 0.027644230769230768 0.04326923076923077
0 0.7536057692307693 0.4639423076923077 0.05048076923076923 0.06971153846153846
0 0.9579326923076923 0.7379807692307693 0.07211538461538461 0.11778846153846154
0 0.7427884615384616 0.6237980769230769 0.037259615384615384 0.0733173076923077
0 0.1814903846153846 0.43149038461538464 0.03245192307692308 0.06610576923076923