0 0.3473557692307692 0.7379807692307693 0.08774038461538461 0.15865384615384615
0 0.7572115384615384 0.7259615384615384 0.07451923076923077 0.1502403846153846
3 0.8725961538461539 0.9338942307692307 0.0985576923076923 0.1310096153846154
3 0.7355769230769231 0.9290865384615384 0.11177884615384616 0.140625
3 0.828125 0.49038461538461536 0.05889423076923077 0.10697115384615384
3 0.7403846153846154 0.41466346153846156 0.0733173076923077 0.09495192307692307
3 0.5096153846153846 0.6346153846153846 0.08173076923076923 0.13221153846153846
3 0.42908653846153844 0.47115384615384615 0.08533653846153846 0.10576923076923077
3 0.5240384615384616 0.17908653846153846 0.05048076923076923 0.0889423076923077
3 0.46153846153846156 0.078125 0.06971153846153846 0.09495192307692307
3 0.31490384615384615 0.9290865384615384 0.11298076923076923 0.13942307692307693
3 0.06971153846153846 0.9435096153846154 0.0673076923076923 0.11057692307692307
3 0.2956730769230769 0.3701923076923077 0.07091346153846154 0.10817307692307693
3 0.234375 0.5264423076923077 0.05889423076923077 0.10576923076923077
3 0.21033653846153846 0.6430288461538461 0.05889423076923077 0.10096153846153846
3 0.15625 0.6838942307692307 0.046875 0.09495192307692307
3 0.14182692307692307 0.5745192307692307 0.09975961538461539 0.15504807692307693
3 0.19951923076923078 0.43990384615384615 0.07091346153846154 0.09134615384615384
3 0.14423076923076922 0.44711538461538464 0.057692307692307696 0.09254807692307693
3 0.06971153846153846 0.42788461538461536 0.046875 0.10697115384615384
0 0.6466346153846154 0.953125 0.06610576923076923 0.09014423076923077
0 0.4675480769230769 0.9411057692307693 0.05048076923076923 0.09495192307692307
0 0.47115384615384615 0.7764423076923077 0.07451923076923077 0.10697115384615384
0 0.3870192307692308 0.9507211538461539 0.06009615384615385 0.09615384615384616
0 0.21875 0.8629807692307693 0.06129807692307692 0.09975961538461539
0 0.17548076923076922 0.9663461538461539 0.07211538461538461 0.06610576923076923
0 0.140625 0.8894230769230769 0.06009615384615385 0.11177884615384616
0 0.39903846153846156 0.5841346153846154 0.038461538461538464 0.06370192307692307
0 0.9627403846153846 0.36899038461538464 0.06490384615384616 0.10336538461538461
0 0.5204326923076923 0.3389423076923077 0.052884615384615384 0.09495192307692307
0 0.34975961538461536 0.27283653846153844 0.09495192307692307 0.0985576923076923
0 0.36778846153846156 0.18389423076923078 0.04326923076923077 0.0625
0 0.16466346153846154 0.328125 0.0625 0.10697115384615384
0 0.1201923076923077 0.22355769230769232 0.0673076923076923 0.09014423076923077
0 0.1658653846153846 0.05048076923076923 0.05889423076923077 0.08653846153846154
3 0.3942307692307692 0.4098557692307692 0.05889423076923077 0.12740384615384615
3 0.7415865384615384 0.1310096153846154 0.0829326923076923 0.10336538461538461
2 0.9278846153846154 0.6935096153846154 0.036057692307692304 0.054086538461538464