0 0.6634615384615384 0.6286057692307693 0.03365384615384615 0.03485576923076923
0 0.7463942307692307 0.7668269230769231 0.027644230769230768 0.054086538461538464
0 0.515625 0.6105769230769231 0.027644230769230768 0.04326923076923077
0 0.9375 0.9543269230769231 0.05048076923076923 0.08173076923076923
0 0.15504807692307693 0.39783653846153844 0.03125 0.06490384615384616
0 0.38822115384615385 0.7151442307692307 0.038461538461538464 0.0625
0 0.2932692307692308 0.7788461538461539 0.036057692307692304 0.046875
0 0.29086538461538464 0.7175480769230769 0.028846153846153848 0.039663461538461536
0 0.39663461538461536 0.9567307692307693 0.046875 0.056490384615384616
0 0.546875 0.9314903846153846 0.0673076923076923 0.11057692307692307
0 0.6370192307692307 0.8209134615384616 0.04567307692307692 0.0625
3 0.1141826923076923 0.4495192307692308 0.054086538461538464 0.052884615384615384