0 0.7355769230769231 0.7668269230769231 0.02403846153846154 0.030048076923076924
0 0.8149038461538461 0.8293269230769231 0.028846153846153848 0.051682692307692304
0 0.4735576923076923 0.3473557692307692 0.02283653846153846 0.039663461538461536
0 0.47716346153846156 0.4074519230769231 0.021634615384615384 0.051682692307692304
0 0.4182692307692308 0.5228365384615384 0.030048076923076924 0.04447115384615385
0 0.37740384615384615 0.5516826923076923 0.03245192307692308 0.06971153846153846
0 0.3016826923076923 0.578125 0.027644230769230768 0.042067307692307696
0 0.2980769230769231 0.625 0.03125 0.040865384615384616
0 0.0889423076923077 0.34134615384615385 0.02403846153846154 0.042067307692307696
0 0.1310096153846154 0.4651442307692308 0.04807692307692308 0.057692307692307696
0 0.057692307692307696 0.7860576923076923 0.046875 0.056490384615384616
0 0.2536057692307692 0.7824519230769231 0.05048076923076923 0.07451923076923077
3 0.5288461538461539 0.9651442307692307 0.051682692307692304 0.06610576923076923
3 0.15865384615384615 0.6875 0.051682692307692304 0.07451923076923077
3 0.22115384615384615 0.6826923076923077 0.0625 0.08173076923076923