0 0.5889423076923077 0.421875 0.02283653846153846 0.03125
1 0.7824519230769231 0.9086538461538461 0.14783653846153846 0.07211538461538461
3 0.41346153846153844 0.4951923076923077 0.055288461538461536 0.046875
3 0.9411057692307693 0.8990384615384616 0.06009615384615385 0.0673076923076923
0 0.38100961538461536 0.3713942307692308 0.026442307692307692 0.030048076923076924
0 0.36899038461538464 0.40865384615384615 0.026442307692307692 0.03125
0 0.4206730769230769 0.4230769230769231 0.026442307692307692 0.042067307692307696
0 0.06971153846153846 0.5012019230769231 0.04326923076923077 0.05048076923076923
0 0.025240384615384616 0.6370192307692307 0.03485576923076923 0.042067307692307696
0 0.12740384615384615 0.7223557692307693 0.03485576923076923 0.04927884615384615
0 0.11658653846153846 0.8004807692307693 0.042067307692307696 0.05889423076923077
0 0.21995192307692307 0.7668269230769231 0.038461538461538464 0.0625
0 0.3125 0.8112980769230769 0.03485576923076923 0.057692307692307696
0 0.28365384615384615 0.6189903846153846 0.03485576923076923 0.04927884615384615
0 0.328125 0.5697115384615384 0.02403846153846154 0.03485576923076923
0 0.3786057692307692 0.6286057692307693 0.03245192307692308 0.042067307692307696
0 0.4338942307692308 0.5997596153846154 0.03125 0.038461538461538464
0 0.5072115384615384 0.6442307692307693 0.03485576923076923 0.04927884615384615
0 0.5697115384615384 0.7355769230769231 0.03365384615384615 0.054086538461538464
0 0.8990384615384616 0.671875 0.05048076923076923 0.05889423076923077
0 0.8365384615384616 0.7463942307692307 0.04447115384615385 0.06009615384615385
0 0.8725961538461539 0.7896634615384616 0.03485576923076923 0.05048076923076923
0 0.75 0.7199519230769231 0.037259615384615384 0.046875
0 0.7127403846153846 0.8209134615384616 0.05048076923076923 0.05889423076923077
0 0.6502403846153846 0.9723557692307693 0.056490384615384616 0.054086538461538464