2 0.4375 0.9567307692307693 0.04927884615384615 0.06850961538461539
2 0.42788461538461536 0.6694711538461539 0.08413461538461539 0.11177884615384616
1 0.453125 0.5637019230769231 0.12379807692307693 0.23197115384615385
1 0.6286057692307693 0.5769230769230769 0.056490384615384616 0.171875
0 0.2980769230769231 0.8810096153846154 0.057692307692307696 0.08533653846153846
0 0.5432692307692307 0.6466346153846154 0.03485576923076923 0.08173076923076923
0 0.8064903846153846 0.4326923076923077 0.039663461538461536 0.0625
0 0.9002403846153846 0.3245192307692308 0.039663461538461536 0.05889423076923077
0 0.9122596153846154 0.2536057692307692 0.0625 0.09735576923076923
0 0.8461538461538461 0.265625 0.04447115384615385 0.06129807692307692
0 0.6069711538461539 0.31009615384615385 0.042067307692307696 0.07091346153846154
0 0.5600961538461539 0.23798076923076922 0.028846153846153848 0.05048076923076923
0 0.3401442307692308 0.33774038461538464 0.03485576923076923 0.055288461538461536
0 0.07451923076923077 0.7788461538461539 0.042067307692307696 0.07692307692307693