1 0.27884615384615385 0.27524038461538464 0.06009615384615385 0.16466346153846154
0 0.05048076923076923 0.14903846153846154 0.03485576923076923 0.0673076923076923
0 0.4387019230769231 0.31009615384615385 0.03485576923076923 0.07692307692307693
0 0.5120192307692307 0.8954326923076923 0.07091346153846154 0.11177884615384616
3 0.46634615384615385 0.4206730769230769 0.046875 0.06490384615384616
3 0.4026442307692308 0.609375 0.05889423076923077 0.078125
2 0.35336538461538464 0.23798076923076922 0.03245192307692308 0.04927884615384615
2 0.609375 0.6670673076923077 0.042067307692307696 0.06850961538461539
2 0.5060096153846154 0.7487980769230769 0.042067307692307696 0.07091346153846154
2 0.4254807692307692 0.7175480769230769 0.039663461538461536 0.06009615384615385
2 0.1971153846153846 0.45072115384615385 0.037259615384615384 0.052884615384615384