0 0.11899038461538461 0.11057692307692307 0.0625 0.08413461538461539
1 0.9278846153846154 0.5132211538461539 0.11658653846153846 0.33533653846153844
1 0.9074519230769231 0.28125 0.09014423076923077 0.10817307692307693
2 0.9627403846153846 0.3317307692307692 0.07211538461538461 0.17067307692307693
2 0.9627403846153846 0.4795673076923077 0.07091346153846154 0.1875
0 0.7223557692307693 0.09735576923076923 0.08413461538461539 0.11057692307692307
0 0.7079326923076923 0.16105769230769232 0.07932692307692307 0.09375
0 0.9170673076923077 0.19591346153846154 0.13942307692307693 0.13581730769230768
0 0.7848557692307693 0.1971153846153846 0.1045673076923077 0.12379807692307693
1 0.7067307692307693 0.22956730769230768 0.1346153846153846 0.14302884615384615
0 0.8185096153846154 0.36177884615384615 0.11298076923076923 0.19471153846153846
0 0.7019230769230769 0.31971153846153844 0.0985576923076923 0.18509615384615385
1 0.6081730769230769 0.2620192307692308 0.09735576923076923 0.15264423076923078
1 0.6478365384615384 0.33533653846153844 0.08413461538461539 0.19230769230769232
0 0.4326923076923077 0.09134615384615384 0.08413461538461539 0.14302884615384615
0 0.36778846153846156 0.15745192307692307 0.0733173076923077 0.0985576923076923
0 0.2127403846153846 0.10336538461538461 0.08173076923076923 0.10336538461538461
0 0.05889423076923077 0.22716346153846154 0.08653846153846154 0.13822115384615385
2 0.40024038461538464 0.2283653846153846 0.09134615384615384 0.14543269230769232
2 0.4230769230769231 0.3473557692307692 0.10096153846153846 0.1658653846153846
2 0.31971153846153844 0.33774038461538464 0.09975961538461539 0.12379807692307693
0 0.23076923076923078 0.26802884615384615 0.10817307692307693 0.18028846153846154
0 0.125 0.3954326923076923 0.12259615384615384 0.16826923076923078
1 0.7992788461538461 0.5733173076923077 0.11538461538461539 0.35096153846153844
1 0.7211538461538461 0.4951923076923077 0.2824519230769231 0.19951923076923078
0 0.45913461538461536 0.5384615384615384 0.13701923076923078 0.20793269230769232
2 0.5889423076923077 0.7776442307692307 0.18870192307692307 0.28125
1 0.6526442307692307 0.7067307692307693 0.22235576923076922 0.32091346153846156
1 0.7752403846153846 0.9050480769230769 0.36538461538461536 0.18509615384615385
1 0.31971153846153844 0.41947115384615385 0.12620192307692307 0.13822115384615385
1 0.16706730769230768 0.46274038461538464 0.17067307692307693 0.21995192307692307
1 0.10096153846153846 0.7091346153846154 0.12740384615384615 0.19230769230769232
1 0.19471153846153846 0.8665865384615384 0.18990384615384615 0.24158653846153846
1 0.3737980769230769 0.7728365384615384 0.12379807692307693 0.44471153846153844
1 0.30288461538461536 0.8209134615384616 0.17548076923076922 0.35336538461538464
0 0.13701923076923078 0.9350961538461539 0.17067307692307693 0.12620192307692307
2 0.3016826923076923 0.24759615384615385 0.06971153846153846 0.08173076923076923
2 0.12139423076923077 0.19471153846153846 0.06971153846153846 0.13341346153846154