1 0.8112980769230769 0.8677884615384616 0.06370192307692307 0.1346153846153846
0 0.9519230769230769 0.7536057692307693 0.06971153846153846 0.08533653846153846
0 0.8689903846153846 0.5528846153846154 0.037259615384615384 0.0625
0 0.8954326923076923 0.5360576923076923 0.036057692307692304 0.04927884615384615
0 0.9134615384615384 0.3942307692307692 0.027644230769230768 0.06370192307692307
0 0.7331730769230769 0.640625 0.030048076923076924 0.04927884615384615
0 0.9711538461538461 0.20072115384615385 0.039663461538461536 0.040865384615384616
0 0.875 0.2091346153846154 0.02403846153846154 0.042067307692307696
0 0.9338942307692307 0.24759615384615385 0.021634615384615384 0.03485576923076923
0 0.7067307692307693 0.5096153846153846 0.025240384615384616 0.04326923076923077
0 0.6057692307692307 0.515625 0.021634615384615384 0.042067307692307696
0 0.4807692307692308 0.6346153846153846 0.027644230769230768 0.038461538461538464
0 0.44350961538461536 0.7908653846153846 0.03365384615384615 0.055288461538461536
0 0.49759615384615385 0.8894230769230769 0.02403846153846154 0.05048076923076923
3 0.7692307692307693 0.7944711538461539 0.051682692307692304 0.06009615384615385