3 0.5997596153846154 0.8269230769230769 0.10576923076923077 0.203125
3 0.7536057692307693 0.9194711538461539 0.07451923076923077 0.15985576923076922
3 0.859375 0.8966346153846154 0.09254807692307693 0.1310096153846154
3 0.8942307692307693 0.7247596153846154 0.046875 0.13341346153846154
3 0.9266826923076923 0.5745192307692307 0.14543269230769232 0.15625
3 0.8677884615384616 0.44711538461538464 0.11298076923076923 0.18629807692307693
3 0.7764423076923077 0.5612980769230769 0.109375 0.18629807692307693
3 0.7680288461538461 0.38100961538461536 0.08653846153846154 0.14783653846153846
3 0.8209134615384616 0.21875 0.06850961538461539 0.1502403846153846
3 0.7295673076923077 0.25961538461538464 0.09014423076923077 0.14302884615384615
3 0.46033653846153844 0.8725961538461539 0.09375 0.18509615384615385
3 0.5072115384615384 0.7403846153846154 0.08653846153846154 0.14423076923076922
3 0.4831730769230769 0.625 0.08413461538461539 0.13701923076923078
3 0.3629807692307692 0.5360576923076923 0.09134615384615384 0.13581730769230768
3 0.3137019230769231 0.6225961538461539 0.05889423076923077 0.078125
3 0.22115384615384615 0.875 0.08653846153846154 0.15985576923076922
3 0.17307692307692307 0.5625 0.0889423076923077 0.11177884615384616
3 0.21634615384615385 0.390625 0.06490384615384616 0.1346153846153846
3 0.4375 0.359375 0.08533653846153846 0.11778846153846154
3 0.5144230769230769 0.3401442307692308 0.08774038461538461 0.10697115384615384
3 0.6237980769230769 0.18870192307692307 0.046875 0.06370192307692307
3 0.06610576923076923 0.296875 0.05889423076923077 0.10697115384615384
3 0.6394230769230769 0.5829326923076923 0.0625 0.109375
3 0.6658653846153846 0.34134615384615385 0.06490384615384616 0.1310096153846154
1 0.9194711538461539 0.25600961538461536 0.12980769230769232 0.12860576923076922
0 0.36778846153846156 0.9182692307692307 0.056490384615384616 0.13942307692307693
0 0.35336538461538464 0.7692307692307693 0.057692307692307696 0.0985576923076923
0 0.29086538461538464 0.7079326923076923 0.046875 0.07091346153846154
0 0.21153846153846154 0.6706730769230769 0.05889423076923077 0.10697115384615384
0 0.6081730769230769 0.5120192307692307 0.08173076923076923 0.11538461538461539
0 0.6850961538461539 0.453125 0.07572115384615384 0.14783653846153846
0 0.5973557692307693 0.3870192307692308 0.0625 0.11177884615384616
0 0.546875 0.08653846153846154 0.07451923076923077 0.09975961538461539
0 0.49278846153846156 0.17427884615384615 0.057692307692307696 0.09615384615384616
0 0.41947115384615385 0.25721153846153844 0.06971153846153846 0.12740384615384615
0 0.3701923076923077 0.11177884615384616 0.0625 0.125
0 0.3125 0.24759615384615385 0.06850961538461539 0.11658653846153846
0 0.25600961538461536 0.12860576923076922 0.08173076923076923 0.140625
3 0.47716346153846156 0.08413461538461539 0.06850961538461539 0.078125
3 0.036057692307692304 0.49759615384615385 0.05889423076923077 0.10336538461538461
3 0.11899038461538461 0.34375 0.05048076923076923 0.12620192307692307
3 0.18509615384615385 0.21995192307692307 0.051682692307692304 0.1310096153846154
3 0.10697115384615384 0.7980769230769231 0.09375 0.10336538461538461
3 0.43149038461538464 0.71875 0.06009615384615385 0.12620192307692307