3 0.18990384615384615 0.375 0.0673076923076923 0.06129807692307692
0 0.028846153846153848 0.3798076923076923 0.027644230769230768 0.06009615384615385
0 0.22235576923076922 0.15384615384615385 0.03125 0.0625
0 0.35096153846153844 0.22956730769230768 0.042067307692307696 0.0625
0 0.359375 0.34375 0.03485576923076923 0.06370192307692307
0 0.4387019230769231 0.3449519230769231 0.03365384615384615 0.0889423076923077
0 0.6033653846153846 0.2091346153846154 0.026442307692307692 0.05889423076923077
0 0.7211538461538461 0.49399038461538464 0.03125 0.040865384615384616
0 0.6213942307692307 0.6658653846153846 0.04326923076923077 0.07091346153846154
0 0.49158653846153844 0.6634615384615384 0.054086538461538464 0.08052884615384616
1 0.5012019230769231 0.484375 0.09254807692307693 0.0829326923076923
1 0.7728365384615384 0.7596153846153846 0.1141826923076923 0.21153846153846154