3 0.46634615384615385 0.15264423076923078 0.052884615384615384 0.078125
1 0.6502403846153846 0.23557692307692307 0.08653846153846154 0.08413461538461539
0 0.14903846153846154 0.6959134615384616 0.04807692307692308 0.06850961538461539
0 0.265625 0.48197115384615385 0.03485576923076923 0.055288461538461536
0 0.29447115384615385 0.5516826923076923 0.037259615384615384 0.0625
0 0.5480769230769231 0.1778846153846154 0.042067307692307696 0.057692307692307696
0 0.7560096153846154 0.078125 0.03125 0.054086538461538464
0 0.9014423076923077 0.0985576923076923 0.039663461538461536 0.04567307692307692
0 0.5180288461538461 0.7079326923076923 0.038461538461538464 0.07211538461538461
0 0.6838942307692307 0.5132211538461539 0.038461538461538464 0.06490384615384616
0 0.6971153846153846 0.6177884615384616 0.0625 0.109375
0 0.9026442307692307 0.5168269230769231 0.05048076923076923 0.078125
0 0.7235576923076923 0.7644230769230769 0.052884615384615384 0.07932692307692307
3 0.6706730769230769 0.7728365384615384 0.09014423076923077 0.11177884615384616