0 0.19110576923076922 0.4375 0.16947115384615385 0.23197115384615385
1 0.4567307692307692 0.09254807692307693 0.109375 0.09615384615384616
1 0.3425480769230769 0.1935096153846154 0.14543269230769232 0.2247596153846154
1 0.3605769230769231 0.26322115384615385 0.14423076923076922 0.21033653846153846
1 0.5709134615384616 0.18870192307692307 0.13341346153846154 0.17067307692307693
1 0.5889423076923077 0.10336538461538461 0.06610576923076923 0.12379807692307693
1 0.5192307692307693 0.24639423076923078 0.15384615384615385 0.09375
1 0.5132211538461539 0.31009615384615385 0.16826923076923078 0.18028846153846154
0 0.43990384615384615 0.4375 0.16826923076923078 0.22235576923076922
0 0.75 0.2860576923076923 0.18389423076923078 0.25721153846153844
0 0.8473557692307693 0.39783653846153844 0.13942307692307693 0.2127403846153846
0 0.796875 0.5324519230769231 0.18509615384615385 0.28846153846153844
1 0.7007211538461539 0.0829326923076923 0.11538461538461539 0.12139423076923077
2 0.8713942307692307 0.13341346153846154 0.1141826923076923 0.10336538461538461
0 0.9723557692307693 0.16706730769230768 0.052884615384615384 0.18990384615384615
1 0.9543269230769231 0.44711538461538464 0.0889423076923077 0.21754807692307693
1 0.32091346153846156 0.5697115384615384 0.2692307692307692 0.20552884615384615
1 0.3641826923076923 0.7235576923076923 0.3329326923076923 0.22235576923076922
1 0.1502403846153846 0.5552884615384616 0.11538461538461539 0.19230769230769232
1 0.09134615384615384 0.6201923076923077 0.09735576923076923 0.27163461538461536
1 0.4567307692307692 0.9483173076923077 0.12259615384615384 0.0985576923076923