0 0.9579326923076923 0.8713942307692307 0.055288461538461536 0.078125
0 0.8497596153846154 0.8161057692307693 0.06129807692307692 0.07932692307692307
0 0.7752403846153846 0.8040865384615384 0.05048076923076923 0.09254807692307693
0 0.7475961538461539 0.7331730769230769 0.05048076923076923 0.06490384615384616
0 0.6838942307692307 0.6610576923076923 0.04807692307692308 0.07451923076923077
0 0.6634615384615384 0.7704326923076923 0.05889423076923077 0.06610576923076923
0 0.6394230769230769 0.8425480769230769 0.05889423076923077 0.0673076923076923
0 0.5733173076923077 0.8786057692307693 0.05889423076923077 0.08413461538461539
0 0.6045673076923077 0.7800480769230769 0.052884615384615384 0.09014423076923077
0 0.5709134615384616 0.7548076923076923 0.040865384615384616 0.08533653846153846
0 0.5144230769230769 0.6694711538461539 0.03125 0.04447115384615385
0 0.9302884615384616 0.33653846153846156 0.037259615384615384 0.051682692307692304
0 0.5132211538461539 0.5168269230769231 0.025240384615384616 0.038461538461538464
0 0.18028846153846154 0.8028846153846154 0.03245192307692308 0.04567307692307692
0 0.5564903846153846 0.27163461538461536 0.03125 0.038461538461538464
0 0.7788461538461539 0.1875 0.03125 0.05048076923076923
0 0.65625 0.13581730769230768 0.028846153846153848 0.039663461538461536
0 0.6262019230769231 0.16826923076923078 0.03125 0.026442307692307692
0 0.6141826923076923 0.21033653846153846 0.02283653846153846 0.036057692307692304