2 0.38100961538461536 0.7355769230769231 0.04567307692307692 0.054086538461538464
0 0.6862980769230769 0.20793269230769232 0.08413461538461539 0.0985576923076923
0 0.5661057692307693 0.07692307692307693 0.0625 0.10817307692307693
0 0.4254807692307692 0.46274038461538464 0.09254807692307693 0.1502403846153846
0 0.5793269230769231 0.8557692307692307 0.06850961538461539 0.1310096153846154
0 0.24759615384615385 0.5925480769230769 0.09254807692307693 0.12860576923076922
0 0.18028846153846154 0.4411057692307692 0.056490384615384616 0.09134615384615384
0 0.17307692307692307 0.23677884615384615 0.04447115384615385 0.0889423076923077
0 0.25721153846153844 0.33533653846153844 0.05889423076923077 0.07932692307692307
0 0.5913461538461539 0.6358173076923077 0.11778846153846154 0.19471153846153846
0 0.7596153846153846 0.71875 0.09014423076923077 0.16346153846153846