3 0.6814903846153846 0.6694711538461539 0.0733173076923077 0.13341346153846154
1 0.5973557692307693 0.6057692307692307 0.11538461538461539 0.1310096153846154
0 0.8870192307692307 0.9170673076923077 0.08173076923076923 0.1310096153846154
0 0.5072115384615384 0.6574519230769231 0.07211538461538461 0.11658653846153846
0 0.8581730769230769 0.5769230769230769 0.055288461538461536 0.08173076923076923
0 0.6766826923076923 0.5673076923076923 0.03485576923076923 0.06370192307692307
0 0.609375 0.33774038461538464 0.04447115384615385 0.07932692307692307
0 0.5697115384615384 0.38822115384615385 0.046875 0.07932692307692307
0 0.44591346153846156 0.39903846153846156 0.04447115384615385 0.08173076923076923
0 0.47475961538461536 0.3329326923076923 0.055288461538461536 0.0889423076923077
0 0.37259615384615385 0.3004807692307692 0.030048076923076924 0.042067307692307696
0 0.3112980769230769 0.3137019230769231 0.03485576923076923 0.06971153846153846
0 0.2283653846153846 0.32572115384615385 0.03365384615384615 0.07451923076923077
0 0.15504807692307693 0.4495192307692308 0.07211538461538461 0.11899038461538461
2 0.3641826923076923 0.9639423076923077 0.038461538461538464 0.06610576923076923
2 0.49399038461538464 0.8100961538461539 0.10336538461538461 0.08413461538461539
2 0.35096153846153844 0.7415865384615384 0.06610576923076923 0.08173076923076923
2 0.4170673076923077 0.8064903846153846 0.042067307692307696 0.06129807692307692
2 0.21875 0.6442307692307693 0.051682692307692304 0.05889423076923077