0 0.4254807692307692 0.12740384615384615 0.0889423076923077 0.12139423076923077
2 0.8473557692307693 0.27524038461538464 0.14423076923076922 0.19471153846153846
2 0.9447115384615384 0.43028846153846156 0.10697115384615384 0.21995192307692307
2 0.8149038461538461 0.46274038461538464 0.14903846153846154 0.15504807692307693
2 0.7427884615384616 0.34615384615384615 0.07451923076923077 0.13341346153846154
0 0.7055288461538461 0.08173076923076923 0.09495192307692307 0.14302884615384615
0 0.7740384615384616 0.11177884615384616 0.109375 0.1658653846153846
0 0.7139423076923077 0.22596153846153846 0.08653846153846154 0.09134615384615384
0 0.6045673076923077 0.21153846153846154 0.09254807692307693 0.10576923076923077
0 0.5673076923076923 0.11538461538461539 0.08173076923076923 0.13581730769230768
0 0.49399038461538464 0.20793269230769232 0.10697115384615384 0.14783653846153846
0 0.6778846153846154 0.41947115384615385 0.1875 0.296875
0 0.6225961538461539 0.6177884615384616 0.17307692307692307 0.2764423076923077
0 0.3449519230769231 0.2512019230769231 0.08413461538461539 0.11057692307692307
0 0.20793269230769232 0.22956730769230768 0.07692307692307693 0.09375
0 0.23557692307692307 0.328125 0.08774038461538461 0.14783653846153846
2 0.2439903846153846 0.25600961538461536 0.08173076923076923 0.07211538461538461
2 0.41346153846153844 0.2127403846153846 0.07451923076923077 0.11298076923076923
2 0.3942307692307692 0.35336538461538464 0.09254807692307693 0.16826923076923078
0 0.3317307692307692 0.40865384615384615 0.09735576923076923 0.18990384615384615
0 0.18028846153846154 0.46153846153846156 0.12139423076923077 0.14302884615384615
0 0.22596153846153846 0.7307692307692307 0.16346153846153846 0.2764423076923077
0 0.22115384615384615 0.8990384615384616 0.16706730769230768 0.1971153846153846
1 0.5204326923076923 0.28725961538461536 0.11538461538461539 0.16105769230769232
1 0.4675480769230769 0.4026442307692308 0.07091346153846154 0.15745192307692307
1 0.2668269230769231 0.4182692307692308 0.0733173076923077 0.18990384615384615
1 0.2091346153846154 0.5733173076923077 0.06490384615384616 0.1778846153846154
1 0.2956730769230769 0.6105769230769231 0.10576923076923077 0.12620192307692307
2 0.11778846153846154 0.6286057692307693 0.1141826923076923 0.20552884615384615
2 0.4098557692307692 0.7463942307692307 0.13221153846153846 0.21033653846153846
1 0.3269230769230769 0.8485576923076923 0.10576923076923077 0.29927884615384615
1 0.46274038461538464 0.6129807692307693 0.1875 0.13581730769230768
1 0.7512019230769231 0.6610576923076923 0.20192307692307693 0.33774038461538464
1 0.9074519230769231 0.6334134615384616 0.17668269230769232 0.2692307692307692
1 0.4891826923076923 0.8365384615384616 0.1310096153846154 0.32091346153846156
1 0.8004807692307693 0.9002403846153846 0.33052884615384615 0.19471153846153846
1 0.5829326923076923 0.8798076923076923 0.10576923076923077 0.234375