2 0.5853365384615384 0.5432692307692307 0.04447115384615385 0.07451923076923077
2 0.9134615384615384 0.5324519230769231 0.06971153846153846 0.11658653846153846
2 0.6802884615384616 0.41346153846153844 0.04807692307692308 0.06610576923076923
2 0.71875 0.41586538461538464 0.040865384615384616 0.0673076923076923
2 0.7223557692307693 0.48677884615384615 0.057692307692307696 0.07692307692307693
2 0.484375 0.5276442307692307 0.04447115384615385 0.07091346153846154
2 0.4699519230769231 0.6286057692307693 0.05048076923076923 0.08413461538461539
2 0.41466346153846156 0.7247596153846154 0.042067307692307696 0.07451923076923077
2 0.4963942307692308 0.6947115384615384 0.04927884615384615 0.08774038461538461
2 0.5420673076923077 0.6153846153846154 0.06009615384615385 0.0829326923076923
2 0.9254807692307693 0.8629807692307693 0.10817307692307693 0.12860576923076922
2 0.8641826923076923 0.7596153846153846 0.08774038461538461 0.11899038461538461
2 0.6201923076923077 0.8701923076923077 0.052884615384615384 0.10576923076923077
2 0.5552884615384616 0.8774038461538461 0.06971153846153846 0.0985576923076923
2 0.3389423076923077 0.6850961538461539 0.055288461538461536 0.09615384615384616
2 0.38221153846153844 0.8269230769230769 0.056490384615384616 0.09014423076923077
2 0.7908653846153846 0.35336538461538464 0.046875 0.07211538461538461