3 0.6358173076923077 0.6201923076923077 0.056490384615384616 0.08413461538461539
0 0.7091346153846154 0.5805288461538461 0.06490384615384616 0.10336538461538461
0 0.9747596153846154 0.6442307692307693 0.04807692307692308 0.06971153846153846
0 0.8028846153846154 0.5949519230769231 0.06009615384615385 0.0985576923076923
0 0.7644230769230769 0.5264423076923077 0.04567307692307692 0.08413461538461539
0 0.4855769230769231 0.21875 0.055288461538461536 0.10576923076923077
0 0.5108173076923077 0.1622596153846154 0.040865384615384616 0.07211538461538461
0 0.5012019230769231 0.35697115384615385 0.04807692307692308 0.10096153846153846
0 0.3954326923076923 0.25600961538461536 0.038461538461538464 0.07692307692307693
0 0.25721153846153844 0.6478365384615384 0.056490384615384616 0.12139423076923077
0 0.25240384615384615 0.546875 0.04807692307692308 0.10576923076923077
0 0.2800480769230769 0.43028846153846156 0.0625 0.10576923076923077
0 0.2091346153846154 0.21153846153846154 0.046875 0.10096153846153846
0 0.13581730769230768 0.16466346153846154 0.052884615384615384 0.09134615384615384
3 0.5192307692307693 0.5901442307692307 0.04807692307692308 0.0889423076923077
3 0.6526442307692307 0.8076923076923077 0.06490384615384616 0.12379807692307693
3 0.3737980769230769 0.7752403846153846 0.0985576923076923 0.14302884615384615
1 0.45913461538461536 0.7980769230769231 0.08052884615384616 0.14302884615384615