1 0.35216346153846156 0.16466346153846154 0.06850961538461539 0.07692307692307693
0 0.5108173076923077 0.7536057692307693 0.06971153846153846 0.13822115384615385
0 0.5024038461538461 0.5132211538461539 0.09615384615384616 0.14302884615384615
0 0.5204326923076923 0.25841346153846156 0.04807692307692308 0.09134615384615384
0 0.6730769230769231 0.30649038461538464 0.04567307692307692 0.07451923076923077
0 0.6454326923076923 0.2512019230769231 0.04326923076923077 0.06610576923076923
0 0.5144230769230769 0.09615384615384616 0.03485576923076923 0.06971153846153846
0 0.4735576923076923 0.09375 0.038461538461538464 0.06971153846153846
0 0.43509615384615385 0.13221153846153846 0.030048076923076924 0.056490384615384616
0 0.29086538461538464 0.06009615384615385 0.046875 0.07692307692307693
0 0.19591346153846154 0.2536057692307692 0.06129807692307692 0.09134615384615384