0 0.47596153846153844 0.53125 0.03365384615384615 0.06971153846153846
3 0.9158653846153846 0.8112980769230769 0.0733173076923077 0.12620192307692307
3 0.8425480769230769 0.8040865384615384 0.07211538461538461 0.12139423076923077
3 0.5913461538461539 0.9170673076923077 0.06370192307692307 0.10096153846153846
0 0.12740384615384615 0.7331730769230769 0.056490384615384616 0.054086538461538464
0 0.19471153846153846 0.7439903846153846 0.04567307692307692 0.07211538461538461
0 0.8233173076923077 0.4699519230769231 0.051682692307692304 0.08653846153846154
0 0.9086538461538461 0.31850961538461536 0.07932692307692307 0.11298076923076923
0 0.9519230769230769 0.47115384615384615 0.09495192307692307 0.1971153846153846
0 0.7295673076923077 0.8894230769230769 0.08052884615384616 0.15745192307692307
0 0.5685096153846154 0.8028846153846154 0.056490384615384616 0.09375
0 0.3870192307692308 0.7536057692307693 0.054086538461538464 0.09375
0 0.328125 0.9735576923076923 0.04326923076923077 0.046875