0 0.40865384615384615 0.140625 0.038461538461538464 0.05889423076923077
1 0.6778846153846154 0.45913461538461536 0.06490384615384616 0.09375
3 0.12139423076923077 0.8605769230769231 0.07091346153846154 0.11057692307692307
0 0.3737980769230769 0.5 0.054086538461538464 0.11057692307692307
0 0.6153846153846154 0.7776442307692307 0.06971153846153846 0.14783653846153846
0 0.6165865384615384 0.9399038461538461 0.06370192307692307 0.11658653846153846
0 0.9242788461538461 0.7079326923076923 0.1045673076923077 0.13581730769230768
3 0.18870192307692307 0.5733173076923077 0.07211538461538461 0.11899038461538461
0 0.5901442307692307 0.18629807692307693 0.042067307692307696 0.07211538461538461
0 0.3605769230769231 0.3245192307692308 0.040865384615384616 0.07692307692307693
2 0.33774038461538464 0.6478365384615384 0.026442307692307692 0.037259615384615384
3 0.31009615384615385 0.4375 0.05889423076923077 0.08413461538461539
1 0.5600961538461539 0.7007211538461539 0.036057692307692304 0.0985576923076923
3 0.5576923076923077 0.8521634615384616 0.051682692307692304 0.10817307692307693
1 0.17548076923076922 0.7620192307692307 0.10096153846153846 0.09134615384615384
1 0.13221153846153846 0.9399038461538461 0.046875 0.10576923076923077