3 0.6574519230769231 0.875 0.0829326923076923 0.13581730769230768
3 0.7295673076923077 0.8786057692307693 0.07932692307692307 0.15745192307692307
3 0.6730769230769231 0.7596153846153846 0.054086538461538464 0.09615384615384616
3 0.7175480769230769 0.7127403846153846 0.0625 0.11658653846153846
0 0.6021634615384616 0.6021634615384616 0.07091346153846154 0.12379807692307693
0 0.27524038461538464 0.29447115384615385 0.06370192307692307 0.09615384615384616
0 0.3125 0.14423076923076922 0.05889423076923077 0.09134615384615384
0 0.34615384615384615 0.25600961538461536 0.051682692307692304 0.09615384615384616
0 0.7644230769230769 0.4795673076923077 0.038461538461538464 0.09375
0 0.671875 0.6658653846153846 0.04567307692307692 0.09134615384615384
1 0.4699519230769231 0.5793269230769231 0.09134615384615384 0.08173076923076923
1 0.4807692307692308 0.7944711538461539 0.09134615384615384 0.0985576923076923