0 0.43990384615384615 0.11538461538461539 0.04567307692307692 0.06610576923076923
1 0.055288461538461536 0.4579326923076923 0.10697115384615384 0.16105769230769232
2 0.15504807692307693 0.5012019230769231 0.09254807692307693 0.0985576923076923
2 0.10817307692307693 0.45072115384615385 0.0625 0.07211538461538461
2 0.1141826923076923 0.3737980769230769 0.07692307692307693 0.09134615384615384
1 0.06850961538461539 0.36658653846153844 0.06971153846153846 0.11057692307692307
0 0.08533653846153846 0.30528846153846156 0.07692307692307693 0.1310096153846154
0 0.15745192307692307 0.3317307692307692 0.07211538461538461 0.1310096153846154
0 0.2091346153846154 0.3329326923076923 0.051682692307692304 0.08413461538461539
1 0.2704326923076923 0.4326923076923077 0.109375 0.13822115384615385
0 0.28846153846153844 0.34615384615384615 0.056490384615384616 0.07932692307692307
1 0.3245192307692308 0.6947115384615384 0.09134615384615384 0.10096153846153846
0 0.328125 0.578125 0.07451923076923077 0.10336538461538461
0 0.3629807692307692 0.49399038461538464 0.06610576923076923 0.10336538461538461
0 0.4026442307692308 0.5576923076923077 0.06610576923076923 0.11298076923076923
0 0.4014423076923077 0.41947115384615385 0.042067307692307696 0.08413461538461539
2 0.46634615384615385 0.5841346153846154 0.04447115384615385 0.08173076923076923
1 0.4987980769230769 0.6466346153846154 0.05889423076923077 0.1971153846153846
1 0.5120192307692307 0.5372596153846154 0.1310096153846154 0.06610576923076923
1 0.6322115384615384 0.6201923076923077 0.11778846153846154 0.11298076923076923
0 0.4170673076923077 0.45913461538461536 0.04567307692307692 0.0889423076923077
2 0.40625 0.3713942307692308 0.051682692307692304 0.07211538461538461
0 0.45913461538461536 0.4266826923076923 0.06009615384615385 0.11298076923076923
2 0.4519230769230769 0.2824519230769231 0.04567307692307692 0.07211538461538461
1 0.4963942307692308 0.39903846153846156 0.038461538461538464 0.06129807692307692
2 0.47596153846153844 0.4483173076923077 0.036057692307692304 0.08173076923076923
2 0.515625 0.46153846153846156 0.06009615384615385 0.06370192307692307
0 0.5180288461538461 0.27163461538461536 0.036057692307692304 0.0889423076923077
0 0.5588942307692307 0.38341346153846156 0.04326923076923077 0.07692307692307693
0 0.5612980769230769 0.47475961538461536 0.05048076923076923 0.08653846153846154
0 0.5841346153846154 0.42908653846153844 0.054086538461538464 0.10336538461538461
1 0.6189903846153846 0.43990384615384615 0.04567307692307692 0.12860576923076922
2 0.5709134615384616 0.27884615384615385 0.046875 0.04927884615384615
1 0.7211538461538461 0.5360576923076923 0.0625 0.07451923076923077
2 0.6887019230769231 0.4483173076923077 0.055288461538461536 0.06610576923076923
2 0.7055288461538461 0.40384615384615385 0.04447115384615385 0.06610576923076923
2 0.7307692307692307 0.4543269230769231 0.04326923076923077 0.0889423076923077
0 0.7584134615384616 0.38461538461538464 0.06129807692307692 0.11899038461538461
1 0.8052884615384616 0.3786057692307692 0.06850961538461539 0.11658653846153846
0 0.8149038461538461 0.31490384615384615 0.056490384615384616 0.09134615384615384
0 0.8533653846153846 0.4254807692307692 0.06850961538461539 0.10576923076923077
0 0.8918269230769231 0.34375 0.055288461538461536 0.0889423076923077
1 0.8641826923076923 0.49278846153846156 0.09495192307692307 0.09134615384615384
1 0.9170673076923077 0.765625 0.12379807692307693 0.17307692307692307