3 0.9723557692307693 0.7608173076923077 0.052884615384615384 0.10336538461538461
0 0.05048076923076923 0.21033653846153846 0.07091346153846154 0.0985576923076923
0 0.5144230769230769 0.3112980769230769 0.09134615384615384 0.14302884615384615
0 0.6213942307692307 0.5925480769230769 0.056490384615384616 0.12860576923076922
0 0.35336538461538464 0.7596153846153846 0.06850961538461539 0.12620192307692307
0 0.18629807692307693 0.71875 0.09254807692307693 0.13822115384615385
3 0.5600961538461539 0.26322115384615385 0.06490384615384616 0.09615384615384616
3 0.390625 0.19471153846153846 0.06490384615384616 0.08413461538461539
3 0.40865384615384615 0.2824519230769231 0.06610576923076923 0.10576923076923077
3 0.11658653846153846 0.3137019230769231 0.06370192307692307 0.0889423076923077
3 0.3245192307692308 0.9567307692307693 0.06370192307692307 0.08173076923076923
3 0.8317307692307693 0.6346153846153846 0.0829326923076923 0.11298076923076923
3 0.7608173076923077 0.8569711538461539 0.07091346153846154 0.11298076923076923
1 0.6875 0.796875 0.09134615384615384 0.21033653846153846