0 0.7896634615384616 0.11177884615384616 0.037259615384615384 0.06610576923076923
0 0.6826923076923077 0.0733173076923077 0.040865384615384616 0.07211538461538461
0 0.6790865384615384 0.453125 0.04447115384615385 0.07692307692307693
0 0.8858173076923077 0.39663461538461536 0.04807692307692308 0.07211538461538461
0 0.7800480769230769 0.5432692307692307 0.05048076923076923 0.07932692307692307
0 0.8137019230769231 0.7127403846153846 0.06129807692307692 0.09134615384615384
0 0.7115384615384616 0.7199519230769231 0.037259615384615384 0.07211538461538461
0 0.5841346153846154 0.5673076923076923 0.03485576923076923 0.07451923076923077
0 0.5144230769230769 0.4675480769230769 0.04326923076923077 0.056490384615384616
0 0.47716346153846156 0.5072115384615384 0.04326923076923077 0.06129807692307692
0 0.5192307692307693 0.6466346153846154 0.04447115384615385 0.07932692307692307
0 0.14543269230769232 0.4879807692307692 0.08173076923076923 0.09615384615384616
3 0.9747596153846154 0.6045673076923077 0.046875 0.0889423076923077
3 0.7439903846153846 0.8521634615384616 0.04447115384615385 0.08413461538461539
3 0.609375 0.9555288461538461 0.06490384615384616 0.08413461538461539