3 0.06610576923076923 0.8161057692307693 0.06129807692307692 0.07692307692307693
3 0.8677884615384616 0.7103365384615384 0.06490384615384616 0.11057692307692307
3 0.8028846153846154 0.7175480769230769 0.06490384615384616 0.10576923076923077
3 0.5889423076923077 0.8617788461538461 0.055288461538461536 0.07932692307692307
0 0.21394230769230768 0.7211538461538461 0.038461538461538464 0.05889423076923077
0 0.1466346153846154 0.7127403846153846 0.05889423076923077 0.046875
0 0.5637019230769231 0.7560096153846154 0.06370192307692307 0.07932692307692307
0 0.3954326923076923 0.71875 0.06129807692307692 0.08413461538461539
0 0.3425480769230769 0.9543269230769231 0.046875 0.08653846153846154
0 0.0733173076923077 0.9411057692307693 0.09134615384615384 0.10817307692307693
0 0.8689903846153846 0.2668269230769231 0.052884615384615384 0.0985576923076923
0 0.9050480769230769 0.40384615384615385 0.08774038461538461 0.16105769230769232
0 0.7127403846153846 0.8028846153846154 0.078125 0.14783653846153846