1 0.7463942307692307 0.11538461538461539 0.18990384615384615 0.17067307692307693
1 0.6899038461538461 0.18028846153846154 0.19110576923076922 0.1778846153846154
2 0.7175480769230769 0.36899038461538464 0.21514423076923078 0.21995192307692307
0 0.6045673076923077 0.5588942307692307 0.36899038461538464 0.5504807692307693
2 0.16346153846153846 0.38221153846153844 0.2704326923076923 0.43509615384615385
2 0.3449519230769231 0.29086538461538464 0.20192307692307693 0.41466346153846156
1 0.48677884615384615 0.24639423076923078 0.14302884615384615 0.44471153846153844
2 0.5685096153846154 0.19591346153846154 0.10576923076923077 0.23918269230769232
1 0.2620192307692308 0.09735576923076923 0.16105769230769232 0.11057692307692307
0 0.8846153846153846 0.5997596153846154 0.2283653846153846 0.42908653846153844
0 0.8221153846153846 0.765625 0.30288461538461536 0.4639423076923077