1 0.11899038461538461 0.3629807692307692 0.15745192307692307 0.08413461538461539
3 0.7788461538461539 0.16947115384615385 0.052884615384615384 0.07692307692307693
3 0.8161057692307693 0.21033653846153846 0.04447115384615385 0.06971153846153846
0 0.84375 0.08052884615384616 0.04567307692307692 0.07211538461538461
0 0.5600961538461539 0.109375 0.054086538461538464 0.09615384615384616
0 0.8221153846153846 0.15264423076923078 0.040865384615384616 0.05889423076923077
0 0.8786057692307693 0.18990384615384615 0.05048076923076923 0.06971153846153846
0 0.8677884615384616 0.2692307692307692 0.051682692307692304 0.07932692307692307
0 0.9663461538461539 0.4182692307692308 0.06370192307692307 0.11658653846153846
0 0.359375 0.22716346153846154 0.09615384615384616 0.1778846153846154
0 0.2800480769230769 0.29927884615384615 0.07091346153846154 0.11899038461538461
0 0.2668269230769231 0.4230769230769231 0.0829326923076923 0.13581730769230768
3 0.5793269230769231 0.34615384615384615 0.1045673076923077 0.16826923076923078
2 0.20192307692307693 0.5324519230769231 0.06129807692307692 0.08173076923076923
3 0.2824519230769231 0.6033653846153846 0.09254807692307693 0.1658653846153846