0 0.14182692307692307 0.6033653846153846 0.14182692307692307 0.2247596153846154
2 0.9663461538461539 0.31009615384615385 0.06490384615384616 0.140625
2 0.9591346153846154 0.43990384615384615 0.078125 0.11899038461538461
2 0.9459134615384616 0.14182692307692307 0.078125 0.10096153846153846
1 0.9206730769230769 0.2512019230769231 0.14302884615384615 0.10576923076923077
1 0.8617788461538461 0.11899038461538461 0.1045673076923077 0.14783653846153846
2 0.8485576923076923 0.2091346153846154 0.04447115384615385 0.12620192307692307
2 0.8185096153846154 0.2668269230769231 0.052884615384615384 0.10817307692307693
1 0.9002403846153846 0.4014423076923077 0.06971153846153846 0.15504807692307693
1 0.9242788461538461 0.6057692307692307 0.14543269230769232 0.22956730769230768
2 0.6526442307692307 0.09975961538461539 0.08052884615384616 0.12139423076923077
1 0.7223557692307693 0.27163461538461536 0.13221153846153846 0.13822115384615385
2 0.7560096153846154 0.35697115384615385 0.09615384615384616 0.07692307692307693
2 0.6430288461538461 0.28725961538461536 0.06971153846153846 0.1310096153846154
2 0.578125 0.3762019230769231 0.09975961538461539 0.12620192307692307
0 0.6358173076923077 0.203125 0.06490384615384616 0.06610576923076923
0 0.5673076923076923 0.13822115384615385 0.08413461538461539 0.13822115384615385
2 0.27524038461538464 0.19951923076923078 0.09975961538461539 0.13341346153846154
0 0.8221153846153846 0.45072115384615385 0.09254807692307693 0.19471153846153846
0 0.7283653846153846 0.4795673076923077 0.09975961538461539 0.18269230769230768
0 0.6778846153846154 0.40865384615384615 0.08052884615384616 0.1310096153846154
1 0.7439903846153846 0.6105769230769231 0.06129807692307692 0.12139423076923077
0 0.7872596153846154 0.7319711538461539 0.13701923076923078 0.234375
2 0.6790865384615384 0.7860576923076923 0.12740384615384615 0.234375
1 0.6141826923076923 0.5865384615384616 0.04807692307692308 0.15504807692307693
2 0.6370192307692307 0.5432692307692307 0.11658653846153846 0.16346153846153846
2 0.5408653846153846 0.5625 0.09495192307692307 0.15264423076923078
2 0.5997596153846154 0.7283653846153846 0.056490384615384616 0.23197115384615385
2 0.49759615384615385 0.46033653846153844 0.0985576923076923 0.14543269230769232
2 0.41586538461538464 0.5276442307692307 0.10576923076923077 0.17548076923076922
2 0.3581730769230769 0.6370192307692307 0.11538461538461539 0.15745192307692307
0 0.5372596153846154 0.7139423076923077 0.11899038461538461 0.24158653846153846
0 0.44350961538461536 0.8245192307692307 0.13221153846153846 0.24158653846153846
0 0.39903846153846156 0.9639423076923077 0.12139423076923077 0.06610576923076923
2 0.35096153846153844 0.8737980769230769 0.10336538461538461 0.24639423076923078
2 0.28846153846153844 0.7932692307692307 0.13581730769230768 0.25961538461538464
2 0.18870192307692307 0.6189903846153846 0.06490384615384616 0.21033653846153846
1 0.12740384615384615 0.4807692307692308 0.14302884615384615 0.08653846153846154
1 0.17548076923076922 0.8557692307692307 0.0985576923076923 0.28365384615384615
1 0.09975961538461539 0.8834134615384616 0.09134615384615384 0.22716346153846154