0 0.5108173076923077 0.20793269230769232 0.06610576923076923 0.10817307692307693
0 0.34615384615384615 0.06971153846153846 0.052884615384615384 0.0889423076923077
0 0.421875 0.9110576923076923 0.09014423076923077 0.17307692307692307
0 0.21514423076923078 0.34975961538461536 0.051682692307692304 0.10096153846153846
0 0.13221153846153846 0.37259615384615385 0.0625 0.11298076923076923
0 0.10697115384615384 0.1971153846153846 0.07451923076923077 0.0985576923076923
3 0.04447115384615385 0.15745192307692307 0.07451923076923077 0.0985576923076923
1 0.18870192307692307 0.19591346153846154 0.0733173076923077 0.12620192307692307
1 0.22716346153846154 0.5204326923076923 0.09014423076923077 0.11298076923076923
1 0.44350961538461536 0.734375 0.052884615384615384 0.14543269230769232
3 0.7355769230769231 0.6490384615384616 0.09014423076923077 0.13341346153846154
3 0.5757211538461539 0.8052884615384616 0.07932692307692307 0.17307692307692307
1 0.5348557692307693 0.9278846153846154 0.0985576923076923 0.11899038461538461