1 0.8413461538461539 0.8461538461538461 0.24879807692307693 0.30408653846153844
1 0.7115384615384616 0.7415865384615384 0.15144230769230768 0.24879807692307693
1 0.7211538461538461 0.5552884615384616 0.1778846153846154 0.23197115384615385
1 0.12620192307692307 0.5769230769230769 0.09975961538461539 0.14543269230769232
2 0.13221153846153846 0.6430288461538461 0.07932692307692307 0.18509615384615385
1 0.07572115384615384 0.8233173076923077 0.07091346153846154 0.25961538461538464
0 0.13581730769230768 0.8569711538461539 0.078125 0.12379807692307693
0 0.234375 0.7668269230769231 0.08774038461538461 0.2247596153846154
1 0.23197115384615385 0.9447115384615384 0.09735576923076923 0.10576923076923077
1 0.32091346153846156 0.9459134615384616 0.09495192307692307 0.10336538461538461
1 0.17427884615384615 0.734375 0.10096153846153846 0.1502403846153846
1 0.1814903846153846 0.6237980769230769 0.05889423076923077 0.18990384615384615
1 0.3161057692307692 0.8485576923076923 0.14903846153846154 0.13581730769230768
1 0.28725961538461536 0.7079326923076923 0.052884615384615384 0.21514423076923078
1 0.44711538461538464 0.7103365384615384 0.13942307692307693 0.3581730769230769
1 0.5324519230769231 0.6670673076923077 0.16346153846153846 0.28125
0 0.3641826923076923 0.7115384615384616 0.09014423076923077 0.1778846153846154
2 0.41346153846153844 0.6117788461538461 0.0733173076923077 0.10336538461538461
1 0.3329326923076923 0.6370192307692307 0.07932692307692307 0.2127403846153846
1 0.43149038461538464 0.5240384615384616 0.17067307692307693 0.16346153846153846
0 0.23076923076923078 0.5697115384615384 0.09134615384615384 0.14543269230769232
0 0.32211538461538464 0.5432692307692307 0.09735576923076923 0.14302884615384615
1 0.2536057692307692 0.4723557692307692 0.0889423076923077 0.10576923076923077
0 0.27163461538461536 0.4074519230769231 0.11057692307692307 0.12860576923076922
1 0.33774038461538464 0.4423076923076923 0.09014423076923077 0.11899038461538461
2 0.16706730769230768 0.19591346153846154 0.0625 0.08653846153846154
1 0.17067307692307693 0.36538461538461536 0.078125 0.17307692307692307
1 0.265625 0.22596153846153846 0.09254807692307693 0.15504807692307693
1 0.3137019230769231 0.18870192307692307 0.1045673076923077 0.16105769230769232
2 0.36538461538461536 0.06129807692307692 0.07211538461538461 0.06370192307692307
1 0.30528846153846156 0.09375 0.078125 0.07932692307692307
0 0.35096153846153844 0.3701923076923077 0.07692307692307693 0.14302884615384615
0 0.4050480769230769 0.4230769230769231 0.10096153846153846 0.13581730769230768
0 0.4411057692307692 0.31009615384615385 0.14543269230769232 0.14543269230769232
1 0.5144230769230769 0.4375 0.109375 0.15745192307692307
2 0.5600961538461539 0.4483173076923077 0.08413461538461539 0.1502403846153846
1 0.6274038461538461 0.37740384615384615 0.08413461538461539 0.19230769230769232
0 0.4675480769230769 0.20552884615384615 0.09254807692307693 0.13822115384615385
2 0.5288461538461539 0.1778846153846154 0.07692307692307693 0.16346153846153846
2 0.5036057692307693 0.10216346153846154 0.07451923076923077 0.07692307692307693
0 0.5745192307692307 0.31490384615384615 0.11298076923076923 0.1658653846153846
1 0.9014423076923077 0.4411057692307692 0.19471153846153846 0.1310096153846154
1 0.8413461538461539 0.3076923076923077 0.18629807692307693 0.14543269230769232
1 0.6177884615384616 0.2764423076923077 0.1971153846153846 0.12860576923076922
0 0.5913461538461539 0.16466346153846154 0.09134615384615384 0.14543269230769232
0 0.6754807692307693 0.140625 0.07692307692307693 0.13341346153846154
1 0.5649038461538461 0.0985576923076923 0.07692307692307693 0.08413461538461539
1 0.7824519230769231 0.1310096153846154 0.1778846153846154 0.23197115384615385
1 0.7788461538461539 0.16826923076923078 0.12620192307692307 0.1875
1 0.7235576923076923 0.08533653846153846 0.046875 0.07211538461538461