0 0.41346153846153844 0.8954326923076923 0.11658653846153846 0.20552884615384615
2 0.24158653846153846 0.8137019230769231 0.125 0.1658653846153846
1 0.1502403846153846 0.8641826923076923 0.125 0.24158653846153846
1 0.23557692307692307 0.6911057692307693 0.15504807692307693 0.16826923076923078
1 0.3245192307692308 0.6766826923076923 0.20673076923076922 0.15745192307692307
2 0.109375 0.46634615384615385 0.078125 0.12860576923076922
2 0.21153846153846154 0.3798076923076923 0.07932692307692307 0.11899038461538461
2 0.33774038461538464 0.3125 0.0829326923076923 0.09615384615384616
1 0.35216346153846156 0.3918269230769231 0.12379807692307693 0.10096153846153846
1 0.39663461538461536 0.4182692307692308 0.10697115384615384 0.08653846153846154
1 0.47596153846153844 0.28725961538461536 0.109375 0.10576923076923077
2 0.47596153846153844 0.3581730769230769 0.07692307692307693 0.0889423076923077
2 0.38221153846153844 0.18629807692307693 0.06850961538461539 0.10096153846153846
2 0.4495192307692308 0.171875 0.06370192307692307 0.08653846153846154
2 0.49278846153846156 0.10576923076923077 0.06370192307692307 0.08413461538461539
1 0.5288461538461539 0.14182692307692307 0.07091346153846154 0.08173076923076923
2 0.5456730769230769 0.18629807692307693 0.07091346153846154 0.07692307692307693
1 0.4014423076923077 0.5480769230769231 0.11658653846153846 0.12379807692307693
1 0.47115384615384615 0.6730769230769231 0.09134615384615384 0.24879807692307693
0 0.43028846153846156 0.5024038461538461 0.06850961538461539 0.06610576923076923
0 0.4951923076923077 0.4411057692307692 0.07932692307692307 0.1502403846153846
2 0.5228365384615384 0.6959134615384616 0.07932692307692307 0.19230769230769232
2 0.5793269230769231 0.5889423076923077 0.10096153846153846 0.1502403846153846
2 0.6959134615384616 0.027644230769230768 0.078125 0.04927884615384615
1 0.5829326923076923 0.9399038461538461 0.13581730769230768 0.11658653846153846
1 0.7115384615384616 0.8762019230769231 0.25721153846153844 0.24158653846153846
0 0.5733173076923077 0.25841346153846156 0.07211538461538461 0.12139423076923077
2 0.5817307692307693 0.4543269230769231 0.0829326923076923 0.10817307692307693
1 0.5853365384615384 0.375 0.08173076923076923 0.09375
2 0.6526442307692307 0.42908653846153844 0.1045673076923077 0.10817307692307693
2 0.6538461538461539 0.25240384615384615 0.07932692307692307 0.0985576923076923
2 0.7199519230769231 0.3449519230769231 0.11057692307692307 0.19471153846153846
2 0.7716346153846154 0.41466346153846156 0.07211538461538461 0.13822115384615385
0 0.6598557692307693 0.5264423076923077 0.09254807692307693 0.13822115384615385
0 0.6935096153846154 0.6201923076923077 0.10576923076923077 0.1778846153846154
0 0.7908653846153846 0.6875 0.11057692307692307 0.21514423076923078
3 0.8629807692307693 0.390625 0.15745192307692307 0.1971153846153846
1 0.7992788461538461 0.5144230769230769 0.109375 0.11057692307692307
3 0.9026442307692307 0.8834134615384616 0.1935096153846154 0.22716346153846154
2 0.8569711538461539 0.6706730769230769 0.06129807692307692 0.18990384615384615
2 0.8990384615384616 0.6262019230769231 0.0985576923076923 0.15504807692307693
2 0.9483173076923077 0.7307692307692307 0.10096153846153846 0.17307692307692307
2 0.9507211538461539 0.5372596153846154 0.0733173076923077 0.14543269230769232
2 0.9783653846153846 0.5288461538461539 0.040865384615384616 0.15264423076923078
0 0.9591346153846154 0.40384615384615385 0.07932692307692307 0.11658653846153846