0 0.5733173076923077 0.39783653846153844 0.046875 0.07451923076923077
3 0.7487980769230769 0.26802884615384615 0.052884615384615384 0.09134615384615384
3 0.9098557692307693 0.8509615384615384 0.10096153846153846 0.16105769230769232
3 0.5949519230769231 0.4795673076923077 0.052884615384615384 0.07932692307692307
3 0.36658653846153844 0.6754807692307693 0.042067307692307696 0.056490384615384616
3 0.31009615384615385 0.8689903846153846 0.056490384615384616 0.09375
3 0.2247596153846154 0.8100961538461539 0.06129807692307692 0.0889423076923077
0 0.27283653846153844 0.46153846153846156 0.04326923076923077 0.054086538461538464
0 0.12379807692307693 0.45913461538461536 0.056490384615384616 0.054086538461538464
0 0.19591346153846154 0.6009615384615384 0.05889423076923077 0.08173076923076923
0 0.6790865384615384 0.3641826923076923 0.05048076923076923 0.10096153846153846
0 0.4230769230769231 0.41466346153846156 0.04567307692307692 0.06370192307692307
0 0.40024038461538464 0.6057692307692307 0.037259615384615384 0.07211538461538461
0 0.4026442307692308 0.6814903846153846 0.036057692307692304 0.06971153846153846
0 0.546875 0.7620192307692307 0.07211538461538461 0.12139423076923077
0 0.4891826923076923 0.875 0.06009615384615385 0.09615384615384616
0 0.3125 0.9507211538461539 0.09495192307692307 0.09375