2 0.9495192307692307 0.1814903846153846 0.0985576923076923 0.18028846153846154
0 0.921875 0.39903846153846156 0.15264423076923078 0.4026442307692308
1 0.8389423076923077 0.4855769230769231 0.21394230769230768 0.5853365384615384
0 0.7788461538461539 0.8617788461538461 0.20793269230769232 0.27163461538461536
1 0.6706730769230769 0.6983173076923077 0.28365384615384615 0.2127403846153846
0 0.6887019230769231 0.4699519230769231 0.1045673076923077 0.30408653846153844
2 0.6875 0.19110576923076922 0.1310096153846154 0.3088942307692308
0 0.5685096153846154 0.29086538461538464 0.15985576923076922 0.32091346153846156
0 0.45072115384615385 0.1778846153846154 0.15144230769230768 0.2620192307692308
2 0.5372596153846154 0.5673076923076923 0.16706730769230768 0.23197115384615385
2 0.46634615384615385 0.4387019230769231 0.06971153846153846 0.2644230769230769
0 0.38100961538461536 0.36899038461538464 0.1658653846153846 0.27884615384615385
0 0.18028846153846154 0.26802884615384615 0.14903846153846154 0.2644230769230769
0 0.41466346153846156 0.6875 0.140625 0.2439903846153846
0 0.5288461538461539 0.8389423076923077 0.18870192307692307 0.2668269230769231
1 0.1814903846153846 0.8137019230769231 0.11057692307692307 0.36778846153846156
1 0.2932692307692308 0.7391826923076923 0.1466346153846154 0.44711538461538464
2 0.17668269230769232 0.9423076923076923 0.10576923076923077 0.11057692307692307
2 0.12860576923076922 0.7632211538461539 0.08052884615384616 0.25721153846153844
1 0.10576923076923077 0.5925480769230769 0.15865384615384615 0.30649038461538464