3 0.7932692307692307 0.06490384615384616 0.06610576923076923 0.09134615384615384
3 0.9723557692307693 0.8810096153846154 0.052884615384615384 0.12860576923076922
3 0.49759615384615385 0.5757211538461539 0.04567307692307692 0.08413461538461539
3 0.27524038461538464 0.3329326923076923 0.052884615384615384 0.06370192307692307
3 0.19831730769230768 0.6274038461538461 0.06370192307692307 0.07451923076923077
3 0.09254807692307693 0.6201923076923077 0.042067307692307696 0.04927884615384615
0 0.5240384615384616 0.7271634615384616 0.051682692307692304 0.09134615384615384
0 0.44350961538461536 0.6021634615384616 0.054086538461538464 0.0889423076923077
0 0.3545673076923077 0.5060096153846154 0.054086538461538464 0.09375
0 0.9627403846153846 0.23677884615384615 0.07091346153846154 0.16346153846153846
0 0.6478365384615384 0.49759615384615385 0.07091346153846154 0.1310096153846154
1 0.7019230769230769 0.4807692307692308 0.054086538461538464 0.1310096153846154
1 0.7608173076923077 0.39903846153846156 0.07211538461538461 0.18509615384615385
1 0.578125 0.5709134615384616 0.0733173076923077 0.09375