0 0.5552884615384616 0.23197115384615385 0.027644230769230768 0.05889423076923077
0 0.515625 0.29927884615384615 0.03245192307692308 0.054086538461538464
0 0.5252403846153846 0.33774038461538464 0.038461538461538464 0.04447115384615385
0 0.25 0.11899038461538461 0.042067307692307696 0.054086538461538464
0 0.23918269230769232 0.20793269230769232 0.040865384615384616 0.06370192307692307
0 0.2764423076923077 0.18028846153846154 0.04447115384615385 0.07451923076923077
0 0.8401442307692307 0.4735576923076923 0.046875 0.06971153846153846
0 0.46634615384615385 0.265625 0.04326923076923077 0.07211538461538461
3 0.06610576923076923 0.671875 0.10697115384615384 0.11298076923076923
0 0.052884615384615384 0.5300480769230769 0.09254807692307693 0.14543269230769232
0 0.38461538461538464 0.43028846153846156 0.10336538461538461 0.1658653846153846
3 0.28966346153846156 0.6105769230769231 0.07091346153846154 0.10096153846153846
0 0.40384615384615385 0.90625 0.11538461538461539 0.18269230769230768
0 0.16947115384615385 0.6766826923076923 0.1141826923076923 0.16346153846153846
1 0.7103365384615384 0.4699519230769231 0.06850961538461539 0.10576923076923077
1 0.9314903846153846 0.9639423076923077 0.1346153846153846 0.06610576923076923
1 0.9507211538461539 0.7752403846153846 0.09615384615384616 0.18269230769230768
0 0.34615384615384615 0.5745192307692307 0.1141826923076923 0.18990384615384615