2 0.6754807692307693 0.9206730769230769 0.046875 0.07932692307692307
0 0.5396634615384616 0.9050480769230769 0.04807692307692308 0.10096153846153846
0 0.8990384615384616 0.9543269230769231 0.09134615384615384 0.08653846153846154
0 0.671875 0.45913461538461536 0.05889423076923077 0.07932692307692307
0 0.6165865384615384 0.35216346153846156 0.038461538461538464 0.07211538461538461
0 0.5733173076923077 0.33533653846153844 0.038461538461538464 0.07451923076923077
0 0.46274038461538464 0.7331730769230769 0.042067307692307696 0.06370192307692307
0 0.38100961538461536 0.7259615384615384 0.04326923076923077 0.07451923076923077
0 0.3858173076923077 0.6153846153846154 0.04807692307692308 0.08413461538461539
0 0.2980769230769231 0.5877403846153846 0.04567307692307692 0.07451923076923077
0 0.15985576923076922 0.875 0.04447115384615385 0.07211538461538461
3 0.3713942307692308 0.921875 0.052884615384615384 0.11057692307692307
3 0.5300480769230769 0.6694711538461539 0.10096153846153846 0.16826923076923078