3 0.5348557692307693 0.06971153846153846 0.07091346153846154 0.09375
3 0.6610576923076923 0.22956730769230768 0.06370192307692307 0.10336538461538461
3 0.890625 0.40024038461538464 0.05048076923076923 0.07451923076923077
3 0.9182692307692307 0.6057692307692307 0.0625 0.10576923076923077
3 0.9819711538461539 0.7932692307692307 0.03365384615384615 0.12620192307692307
0 0.4675480769230769 0.25961538461538464 0.07932692307692307 0.13341346153846154
0 0.7163461538461539 0.32091346153846156 0.056490384615384616 0.0985576923076923
0 0.9435096153846154 0.9627403846153846 0.11057692307692307 0.06971153846153846
0 0.6153846153846154 0.140625 0.038461538461538464 0.08413461538461539
3 0.7355769230769231 0.7536057692307693 0.052884615384615384 0.09375
3 0.6730769230769231 0.41466346153846156 0.054086538461538464 0.07932692307692307
3 0.6442307692307693 0.47475961538461536 0.046875 0.07692307692307693