0 0.4387019230769231 0.1622596153846154 0.040865384615384616 0.07692307692307693
0 0.43509615384615385 0.3173076923076923 0.03365384615384615 0.06610576923076923
0 0.4579326923076923 0.26322115384615385 0.019230769230769232 0.042067307692307696
0 0.4807692307692308 0.25841346153846156 0.02403846153846154 0.042067307692307696
0 0.40024038461538464 0.31490384615384615 0.04567307692307692 0.07692307692307693
0 0.20673076923076922 0.1658653846153846 0.06490384615384616 0.06971153846153846
0 0.14903846153846154 0.15264423076923078 0.05048076923076923 0.07932692307692307
0 0.06009615384615385 0.28365384615384615 0.08052884615384616 0.09375
0 0.4795673076923077 0.5360576923076923 0.026442307692307692 0.06971153846153846
0 0.5036057692307693 0.5697115384615384 0.037259615384615384 0.06610576923076923
0 0.546875 0.6153846153846154 0.046875 0.06971153846153846
0 0.17548076923076922 0.5300480769230769 0.0733173076923077 0.12620192307692307
0 0.2932692307692308 0.6502403846153846 0.05889423076923077 0.11658653846153846
0 0.3605769230769231 0.7271634615384616 0.051682692307692304 0.08653846153846154