1 0.4266826923076923 0.7572115384615384 0.11658653846153846 0.12139423076923077
1 0.3713942307692308 0.49278846153846156 0.11778846153846154 0.12139423076923077
1 0.12620192307692307 0.11177884615384616 0.1141826923076923 0.12139423076923077
1 0.35697115384615385 0.2668269230769231 0.05889423076923077 0.06971153846153846
3 0.6598557692307693 0.625 0.056490384615384616 0.13341346153846154
3 0.609375 0.6899038461538461 0.05048076923076923 0.11057692307692307
3 0.6766826923076923 0.8209134615384616 0.07211538461538461 0.16105769230769232
3 0.6009615384615384 0.8245192307692307 0.07932692307692307 0.15745192307692307
0 0.7115384615384616 0.33774038461538464 0.04447115384615385 0.09375
0 0.6225961538461539 0.5733173076923077 0.06009615384615385 0.10336538461538461
0 0.5408653846153846 0.5060096153846154 0.09014423076923077 0.18269230769230768
3 0.6514423076923077 0.125 0.046875 0.11658653846153846