0 0.6526442307692307 0.3581730769230769 0.04447115384615385 0.0985576923076923
0 0.6009615384615384 0.32211538461538464 0.05048076923076923 0.09134615384615384
3 0.8509615384615384 0.10817307692307693 0.054086538461538464 0.08413461538461539
3 0.9399038461538461 0.08413461538461539 0.08173076923076923 0.11899038461538461
3 0.7223557692307693 0.3112980769230769 0.054086538461538464 0.10817307692307693
3 0.8016826923076923 0.3954326923076923 0.08413461538461539 0.13822115384615385
3 0.7463942307692307 0.6165865384615384 0.046875 0.08653846153846154
3 0.6911057692307693 0.8161057692307693 0.06009615384615385 0.12139423076923077
3 0.6237980769230769 0.8930288461538461 0.04567307692307692 0.10096153846153846
3 0.41947115384615385 0.7548076923076923 0.06971153846153846 0.12139423076923077
0 0.1935096153846154 0.3870192307692308 0.05889423076923077 0.09134615384615384
0 0.08533653846153846 0.7884615384615384 0.10697115384615384 0.15504807692307693
3 0.13221153846153846 0.9002403846153846 0.11057692307692307 0.15504807692307693