0 0.4879807692307692 0.2439903846153846 0.030048076923076924 0.05889423076923077
0 0.53125 0.30408653846153844 0.037259615384615384 0.06971153846153846
0 0.19591346153846154 0.24519230769230768 0.052884615384615384 0.09134615384615384
0 0.3076923076923077 0.2824519230769231 0.040865384615384616 0.07211538461538461
0 0.7079326923076923 0.7475961538461539 0.052884615384615384 0.07932692307692307
0 0.7163461538461539 0.8569711538461539 0.04567307692307692 0.06971153846153846
0 0.640625 0.9278846153846154 0.051682692307692304 0.0889423076923077
0 0.40024038461538464 0.8641826923076923 0.046875 0.0985576923076923
0 0.18870192307692307 0.9134615384615384 0.05889423076923077 0.0985576923076923
0 0.21514423076923078 0.7572115384615384 0.07211538461538461 0.1310096153846154
0 0.09615384615384616 0.625 0.0889423076923077 0.13822115384615385