0 0.6538461538461539 0.11658653846153846 0.038461538461538464 0.05889423076923077
1 0.515625 0.24759615384615385 0.1045673076923077 0.08173076923076923
1 0.6141826923076923 0.4543269230769231 0.10336538461538461 0.09375
0 0.7800480769230769 0.9519230769230769 0.11298076923076923 0.09134615384615384
0 0.3545673076923077 0.9326923076923077 0.08774038461538461 0.1310096153846154
0 0.8377403846153846 0.2704326923076923 0.06129807692307692 0.10576923076923077
0 0.6394230769230769 0.27403846153846156 0.056490384615384616 0.07932692307692307
0 0.6754807692307693 0.33774038461538464 0.06009615384615385 0.07932692307692307
0 0.4411057692307692 0.18509615384615385 0.04447115384615385 0.05889423076923077
0 0.04927884615384615 0.3076923076923077 0.06490384615384616 0.11658653846153846
0 0.056490384615384616 0.4098557692307692 0.052884615384615384 0.06971153846153846
0 0.2091346153846154 0.5649038461538461 0.11778846153846154 0.19230769230769232
0 0.15985576923076922 0.9411057692307693 0.12740384615384615 0.11298076923076923
3 0.12740384615384615 0.9074519230769231 0.08173076923076923 0.1310096153846154