1 0.6550480769230769 0.5913461538461539 0.046875 0.12620192307692307
1 0.5889423076923077 0.8052884615384616 0.06610576923076923 0.11899038461538461
2 0.6875 0.8521634615384616 0.030048076923076924 0.039663461538461536
3 0.6899038461538461 0.7752403846153846 0.06971153846153846 0.0985576923076923
3 0.7824519230769231 0.6105769230769231 0.0829326923076923 0.09134615384615384
0 0.4026442307692308 0.34975961538461536 0.03485576923076923 0.046875
0 0.0625 0.2439903846153846 0.055288461538461536 0.04447115384615385
0 0.25841346153846156 0.9362980769230769 0.078125 0.09375
0 0.3954326923076923 0.9350961538461539 0.078125 0.10576923076923077
0 0.4831730769230769 0.7992788461538461 0.07211538461538461 0.12139423076923077
0 0.3076923076923077 0.3485576923076923 0.04567307692307692 0.07451923076923077
0 0.5036057692307693 0.3629807692307692 0.055288461538461536 0.054086538461538464
0 0.5516826923076923 0.40865384615384615 0.056490384615384616 0.07211538461538461
0 0.5144230769230769 0.44350961538461536 0.052884615384615384 0.08173076923076923
0 0.6009615384615384 0.47596153846153844 0.06850961538461539 0.11298076923076923
0 0.19471153846153846 0.6069711538461539 0.09134615384615384 0.15745192307692307