3 0.8990384615384616 0.5925480769230769 0.07091346153846154 0.07932692307692307
3 0.6598557692307693 0.84375 0.06610576923076923 0.08653846153846154
3 0.5252403846153846 0.9579326923076923 0.0733173076923077 0.07932692307692307
0 0.7211538461538461 0.06129807692307692 0.04326923076923077 0.07932692307692307
0 0.8076923076923077 0.36538461538461536 0.056490384615384616 0.06971153846153846
0 0.06009615384615385 0.20552884615384615 0.056490384615384616 0.0889423076923077
0 0.38822115384615385 0.4795673076923077 0.040865384615384616 0.06370192307692307
0 0.4362980769230769 0.4326923076923077 0.04326923076923077 0.05889423076923077
0 0.5036057692307693 0.5420673076923077 0.038461538461538464 0.08653846153846154
0 0.43509615384615385 0.6394230769230769 0.05048076923076923 0.09375
0 0.6057692307692307 0.41466346153846156 0.04447115384615385 0.08413461538461539
0 0.7043269230769231 0.5180288461538461 0.051682692307692304 0.0889423076923077
0 0.7379807692307693 0.7091346153846154 0.056490384615384616 0.09375