1 0.7115384615384616 0.8245192307692307 0.052884615384615384 0.23197115384615385
1 0.6814903846153846 0.5697115384615384 0.0829326923076923 0.12139423076923077
0 0.45552884615384615 0.19110576923076922 0.042067307692307696 0.07692307692307693
0 0.4807692307692308 0.06971153846153846 0.04326923076923077 0.07932692307692307
0 0.21153846153846154 0.26322115384615385 0.037259615384615384 0.08173076923076923
0 0.11899038461538461 0.3401442307692308 0.042067307692307696 0.07932692307692307
0 0.32091346153846156 0.10096153846153846 0.04447115384615385 0.07451923076923077
0 0.28125 0.052884615384615384 0.04326923076923077 0.07692307692307693
0 0.3858173076923077 0.234375 0.04447115384615385 0.07932692307692307
0 0.11778846153846154 0.6790865384615384 0.06610576923076923 0.11899038461538461
0 0.45913461538461536 0.40625 0.06009615384615385 0.09615384615384616
0 0.765625 0.6466346153846154 0.07451923076923077 0.12379807692307693