3 0.40024038461538464 0.6622596153846154 0.038461538461538464 0.05889423076923077
0 0.09134615384615384 0.9435096153846154 0.06370192307692307 0.10817307692307693
0 0.9651442307692307 0.6442307692307693 0.06850961538461539 0.10336538461538461
0 0.765625 0.6514423076923077 0.051682692307692304 0.0889423076923077
0 0.7608173076923077 0.48677884615384615 0.04807692307692308 0.06370192307692307
0 0.6694711538461539 0.6418269230769231 0.042067307692307696 0.06971153846153846
0 0.6802884615384616 0.5564903846153846 0.040865384615384616 0.06129807692307692
0 0.7451923076923077 0.5612980769230769 0.040865384615384616 0.06129807692307692
3 0.765625 0.7199519230769231 0.046875 0.07692307692307693
3 0.8341346153846154 0.8389423076923077 0.06610576923076923 0.0985576923076923
0 0.08653846153846154 0.5901442307692307 0.06009615384615385 0.06370192307692307
3 0.8485576923076923 0.5865384615384616 0.055288461538461536 0.06129807692307692
0 0.6670673076923077 0.1971153846153846 0.036057692307692304 0.054086538461538464
0 0.8677884615384616 0.27283653846153844 0.037259615384615384 0.06610576923076923