1 0.9699519230769231 0.8990384615384616 0.05889423076923077 0.1971153846153846
1 0.8882211538461539 0.6790865384615384 0.054086538461538464 0.17307692307692307
3 0.484375 0.42427884615384615 0.078125 0.09375
3 0.16706730769230768 0.41225961538461536 0.09735576923076923 0.12860576923076922
3 0.34615384615384615 0.5384615384615384 0.05889423076923077 0.07932692307692307
0 0.828125 0.5144230769230769 0.07211538461538461 0.140625
0 0.49759615384615385 0.28846153846153844 0.056490384615384616 0.0985576923076923
0 0.21514423076923078 0.2247596153846154 0.07211538461538461 0.11899038461538461
0 0.13221153846153846 0.19831730769230768 0.07211538461538461 0.09615384615384616
0 0.06370192307692307 0.28725961538461536 0.08413461538461539 0.11658653846153846
1 0.4879807692307692 0.7427884615384616 0.06009615384615385 0.20793269230769232
1 0.4675480769230769 0.8942307692307693 0.1045673076923077 0.20793269230769232