1 0.8293269230769231 0.8521634615384616 0.07692307692307693 0.10336538461538461
1 0.6971153846153846 0.8689903846153846 0.07211538461538461 0.2127403846153846
3 0.39903846153846156 0.9663461538461539 0.052884615384615384 0.06129807692307692
0 0.31850961538461536 0.16947115384615385 0.036057692307692304 0.046875
0 0.26322115384615385 0.2247596153846154 0.02403846153846154 0.04927884615384615
0 0.18629807692307693 0.203125 0.042067307692307696 0.06129807692307692
0 0.1141826923076923 0.24519230769230768 0.06850961538461539 0.09615384615384616
0 0.6262019230769231 0.22956730769230768 0.06971153846153846 0.12379807692307693
0 0.9134615384615384 0.7608173076923077 0.10336538461538461 0.14302884615384615
0 0.9026442307692307 0.5432692307692307 0.12860576923076922 0.16826923076923078
0 0.5733173076923077 0.9387019230769231 0.07211538461538461 0.11899038461538461
0 0.21995192307692307 0.9242788461538461 0.06490384615384616 0.14543269230769232
3 0.7403846153846154 0.5456730769230769 0.0625 0.09375
3 0.15985576923076922 0.6418269230769231 0.06610576923076923 0.07932692307692307