1 0.9663461538461539 0.5564903846153846 0.06490384615384616 0.09134615384615384
0 0.3317307692307692 0.5661057692307693 0.04326923076923077 0.07692307692307693
0 0.28725961538461536 0.44350961538461536 0.042067307692307696 0.06610576923076923
0 0.2920673076923077 0.38341346153846156 0.038461538461538464 0.06129807692307692
0 0.34975961538461536 0.22115384615384615 0.036057692307692304 0.07211538461538461
0 0.5324519230769231 0.08413461538461539 0.04807692307692308 0.07932692307692307
3 0.6213942307692307 0.06971153846153846 0.056490384615384616 0.0889423076923077
0 0.6730769230769231 0.1201923076923077 0.046875 0.08653846153846154
0 0.8834134615384616 0.5528846153846154 0.078125 0.10817307692307693
0 0.5685096153846154 0.6153846153846154 0.06009615384615385 0.12379807692307693
0 0.4519230769230769 0.9495192307692307 0.06009615384615385 0.09615384615384616
0 0.7836538461538461 0.8918269230769231 0.08774038461538461 0.17307692307692307
3 0.6045673076923077 0.5384615384615384 0.04807692307692308 0.07932692307692307
3 0.640625 0.5204326923076923 0.04567307692307692 0.07451923076923077
0 0.3233173076923077 0.796875 0.06490384615384616 0.10096153846153846
0 0.2512019230769231 0.9122596153846154 0.07692307692307693 0.1310096153846154
0 0.7740384615384616 0.38341346153846156 0.046875 0.07692307692307693
3 0.8064903846153846 0.21514423076923078 0.05048076923076923 0.11899038461538461