0 0.2800480769230769 0.08653846153846154 0.03245192307692308 0.06370192307692307
0 0.06370192307692307 0.18269230769230768 0.046875 0.0889423076923077
1 0.53125 0.39783653846153844 0.06850961538461539 0.07451923076923077
1 0.5745192307692307 0.5240384615384616 0.078125 0.06971153846153846
3 0.34615384615384615 0.3389423076923077 0.04567307692307692 0.08173076923076923
3 0.34615384615384615 0.21754807692307693 0.04326923076923077 0.06971153846153846
3 0.3870192307692308 0.28365384615384615 0.046875 0.07932692307692307
3 0.7548076923076923 0.18269230769230768 0.037259615384615384 0.06971153846153846
3 0.6370192307692307 0.3473557692307692 0.05889423076923077 0.10096153846153846
3 0.7079326923076923 0.36538461538461536 0.038461538461538464 0.07932692307692307
3 0.7307692307692307 0.5060096153846154 0.07451923076923077 0.07451923076923077
3 0.7824519230769231 0.47115384615384615 0.07211538461538461 0.0889423076923077
3 0.7283653846153846 0.4254807692307692 0.06370192307692307 0.06610576923076923
3 0.7572115384615384 0.38100961538461536 0.06850961538461539 0.06610576923076923
0 0.7475961538461539 0.6454326923076923 0.09495192307692307 0.11057692307692307
3 0.12620192307692307 0.9507211538461539 0.08052884615384616 0.09375