1 0.671875 0.6754807692307693 0.09134615384615384 0.10096153846153846
1 0.5961538461538461 0.9266826923076923 0.16105769230769232 0.12620192307692307
1 0.41225961538461536 0.9471153846153846 0.10576923076923077 0.10096153846153846
0 0.17307692307692307 0.6875 0.13942307692307693 0.2439903846153846
0 0.2403846153846154 0.48197115384615385 0.08653846153846154 0.15264423076923078
0 0.18870192307692307 0.2620192307692308 0.078125 0.11298076923076923
0 0.5504807692307693 0.19471153846153846 0.051682692307692304 0.07451923076923077
0 0.6959134615384616 0.3088942307692308 0.042067307692307696 0.09375
0 0.9543269230769231 0.4519230769230769 0.08774038461538461 0.14302884615384615
0 0.41586538461538464 0.7668269230769231 0.09975961538461539 0.234375
0 0.4206730769230769 0.46634615384615385 0.06129807692307692 0.12379807692307693