3 0.4230769230769231 0.5901442307692307 0.04567307692307692 0.08413461538461539
1 0.890625 0.18629807692307693 0.10817307692307693 0.21995192307692307
1 0.8209134615384616 0.18269230769230768 0.11057692307692307 0.07451923076923077
1 0.7091346153846154 0.109375 0.038461538461538464 0.18028846153846154
3 0.43028846153846156 0.8978365384615384 0.06129807692307692 0.08653846153846154
0 0.5540865384615384 0.7752403846153846 0.10576923076923077 0.22716346153846154
0 0.47475961538461536 0.5168269230769231 0.06009615384615385 0.18509615384615385
0 0.25 0.4495192307692308 0.10817307692307693 0.15264423076923078
0 0.203125 0.26802884615384615 0.06610576923076923 0.10096153846153846
0 0.09134615384615384 0.12740384615384615 0.09254807692307693 0.06610576923076923
2 0.390625 0.2776442307692308 0.020432692307692308 0.056490384615384616