0 0.5216346153846154 0.4266826923076923 0.04326923076923077 0.10336538461538461
0 0.6418269230769231 0.13581730769230768 0.054086538461538464 0.11899038461538461
0 0.7788461538461539 0.29086538461538464 0.07091346153846154 0.13341346153846154
0 0.19471153846153846 0.5576923076923077 0.07692307692307693 0.14302884615384615
3 0.039663461538461536 0.23557692307692307 0.06009615384615385 0.07692307692307693
3 0.0889423076923077 0.4266826923076923 0.09134615384615384 0.14302884615384615
3 0.38100961538461536 0.22235576923076922 0.052884615384615384 0.10336538461538461
3 0.5649038461538461 0.2776442307692308 0.054086538461538464 0.10576923076923077
3 0.4338942307692308 0.5600961538461539 0.056490384615384616 0.09375
3 0.9699519230769231 0.7764423076923077 0.05889423076923077 0.10576923076923077
3 0.9459134615384616 0.9242788461538461 0.10576923076923077 0.14543269230769232
3 0.5829326923076923 0.8930288461538461 0.06490384615384616 0.140625
3 0.4879807692307692 0.8076923076923077 0.06490384615384616 0.11899038461538461
3 0.15384615384615385 0.7644230769230769 0.09975961538461539 0.15504807692307693
3 0.11899038461538461 0.9002403846153846 0.08052884615384616 0.12620192307692307