3 0.8365384615384616 0.39302884615384615 0.05048076923076923 0.09375
3 0.6454326923076923 0.8942307692307693 0.055288461538461536 0.08413461538461539
0 0.24879807692307693 0.5072115384615384 0.020432692307692308 0.03245192307692308
0 0.042067307692307696 0.6538461538461539 0.042067307692307696 0.054086538461538464
0 0.5084134615384616 0.6670673076923077 0.027644230769230768 0.054086538461538464
0 0.25841346153846156 0.9615384615384616 0.046875 0.07211538461538461
0 0.16826923076923078 0.7860576923076923 0.03245192307692308 0.056490384615384616
0 0.33533653846153844 0.5985576923076923 0.03485576923076923 0.06610576923076923
0 0.3329326923076923 0.46274038461538464 0.030048076923076924 0.046875
0 0.5625 0.6286057692307693 0.025240384615384616 0.046875
0 0.7704326923076923 0.6346153846153846 0.042067307692307696 0.05889423076923077
0 0.8509615384615384 0.24879807692307693 0.054086538461538464 0.09375
0 0.609375 0.33774038461538464 0.036057692307692304 0.04447115384615385
0 0.5588942307692307 0.23317307692307693 0.036057692307692304 0.06610576923076923