1 0.4567307692307692 0.5997596153846154 0.0625 0.15264423076923078
3 0.45913461538461536 0.49759615384615385 0.06009615384615385 0.09615384615384616
3 0.5949519230769231 0.41346153846153844 0.054086538461538464 0.08173076923076923
3 0.8918269230769231 0.15384615384615385 0.0733173076923077 0.1310096153846154
1 0.3125 0.6658653846153846 0.1310096153846154 0.18509615384615385
0 0.13221153846153846 0.8365384615384616 0.18870192307692307 0.32091346153846156
3 0.6995192307692307 0.7235576923076923 0.06009615384615385 0.09375
3 0.7055288461538461 0.6069711538461539 0.06370192307692307 0.11298076923076923
3 0.5733173076923077 0.6766826923076923 0.0733173076923077 0.12379807692307693
3 0.3137019230769231 0.25721153846153844 0.0733173076923077 0.0985576923076923
3 0.21995192307692307 0.16826923076923078 0.06370192307692307 0.08413461538461539
3 0.2668269230769231 0.18028846153846154 0.08413461538461539 0.0985576923076923
0 0.8605769230769231 0.5673076923076923 0.0889423076923077 0.15264423076923078
0 0.9795673076923077 0.2403846153846154 0.037259615384615384 0.12620192307692307
0 0.5661057692307693 0.3173076923076923 0.07091346153846154 0.12139423076923077
0 0.9495192307692307 0.7788461538461539 0.08052884615384616 0.1310096153846154
0 0.3701923076923077 0.9603365384615384 0.09014423076923077 0.07451923076923077