3 0.19110576923076922 0.8834134615384616 0.08653846153846154 0.10817307692307693
0 0.3233173076923077 0.328125 0.07091346153846154 0.09375
0 0.4735576923076923 0.5120192307692307 0.06971153846153846 0.12139423076923077
0 0.47836538461538464 0.6838942307692307 0.06971153846153846 0.13341346153846154
0 0.5456730769230769 0.640625 0.06370192307692307 0.11057692307692307
0 0.6911057692307693 0.7620192307692307 0.09134615384615384 0.1658653846153846
0 0.4519230769230769 0.8798076923076923 0.10096153846153846 0.15504807692307693
0 0.359375 0.9483173076923077 0.0985576923076923 0.0985576923076923
0 0.3485576923076923 0.8329326923076923 0.08653846153846154 0.140625
0 0.25600961538461536 0.8004807692307693 0.0889423076923077 0.16346153846153846
0 0.140625 0.7295673076923077 0.10576923076923077 0.1658653846153846