1 0.2980769230769231 0.7211538461538461 0.0625 0.2620192307692308
0 0.3329326923076923 0.7115384615384616 0.09134615384615384 0.16346153846153846
1 0.34975961538461536 0.8365384615384616 0.07932692307692307 0.32091346153846156
1 0.41225961538461536 0.7283653846153846 0.0889423076923077 0.11298076923076923
1 0.43028846153846156 0.8653846153846154 0.06850961538461539 0.2644230769230769
0 0.5036057692307693 0.7992788461538461 0.09975961538461539 0.21995192307692307
1 0.4795673076923077 0.609375 0.09134615384615384 0.12860576923076922
1 0.5829326923076923 0.5997596153846154 0.1622596153846154 0.19230769230769232
0 0.40625 0.5552884615384616 0.08774038461538461 0.16346153846153846
1 0.33413461538461536 0.4567307692307692 0.055288461538461536 0.22235576923076922
1 0.31490384615384615 0.328125 0.04807692307692308 0.1875
1 0.3870192307692308 0.11899038461538461 0.07932692307692307 0.16826923076923078
1 0.4519230769230769 0.4362980769230769 0.08052884615384616 0.11658653846153846
1 0.5084134615384616 0.43028846153846156 0.1141826923076923 0.21514423076923078
1 0.4182692307692308 0.30408653846153844 0.10817307692307693 0.1778846153846154
1 0.4387019230769231 0.21033653846153846 0.06129807692307692 0.1971153846153846
1 0.6129807692307693 0.43028846153846156 0.12620192307692307 0.27403846153846156
0 0.5829326923076923 0.4074519230769231 0.078125 0.13822115384615385
0 0.5108173076923077 0.3245192307692308 0.08413461538461539 0.140625
1 0.5420673076923077 0.11899038461538461 0.12860576923076922 0.19230769230769232
0 0.5841346153846154 0.265625 0.08774038461538461 0.14543269230769232
0 0.6418269230769231 0.125 0.07692307692307693 0.1658653846153846
0 0.5300480769230769 0.08173076923076923 0.07091346153846154 0.10336538461538461
1 0.6274038461538461 0.8377403846153846 0.19591346153846154 0.31850961538461536
1 0.5432692307692307 0.9086538461538461 0.10697115384615384 0.1778846153846154
1 0.6153846153846154 0.9483173076923077 0.09735576923076923 0.0985576923076923
1 0.7427884615384616 0.796875 0.11658653846153846 0.37740384615384615
0 0.6766826923076923 0.7596153846153846 0.10697115384615384 0.19471153846153846
0 0.6947115384615384 0.5913461538461539 0.0985576923076923 0.17067307692307693
0 0.7403846153846154 0.10576923076923077 0.10336538461538461 0.17307692307692307
0 0.7475961538461539 0.25600961538461536 0.11658653846153846 0.15504807692307693
0 0.7704326923076923 0.4951923076923077 0.11057692307692307 0.1658653846153846
1 0.7463942307692307 0.3762019230769231 0.17908653846153846 0.17067307692307693
1 0.8305288461538461 0.17668269230769232 0.1502403846153846 0.17067307692307693
1 0.8413461538461539 0.0733173076923077 0.11057692307692307 0.11658653846153846