0 0.6899038461538461 0.2668269230769231 0.046875 0.07932692307692307
0 0.5180288461538461 0.13701923076923078 0.046875 0.08653846153846154
0 0.9711538461538461 0.4110576923076923 0.055288461538461536 0.11658653846153846
0 0.9651442307692307 0.8713942307692307 0.06850961538461539 0.11899038461538461
0 0.6995192307692307 0.6382211538461539 0.10697115384615384 0.17067307692307693
0 0.4074519230769231 0.5949519230769231 0.08653846153846154 0.15264423076923078
0 0.11057692307692307 0.6237980769230769 0.08173076923076923 0.09134615384615384
3 0.5661057692307693 0.5552884615384616 0.05889423076923077 0.07451923076923077
3 0.6141826923076923 0.65625 0.07091346153846154 0.09375
3 0.7632211538461539 0.8581730769230769 0.109375 0.14543269230769232
3 0.5480769230769231 0.7548076923076923 0.08774038461538461 0.08653846153846154