0 0.8545673076923077 0.4891826923076923 0.05889423076923077 0.06971153846153846
0 0.9074519230769231 0.41947115384615385 0.052884615384615384 0.06971153846153846
0 0.6141826923076923 0.4651442307692308 0.042067307692307696 0.06129807692307692
0 0.22235576923076922 0.7908653846153846 0.056490384615384616 0.07692307692307693
0 0.28365384615384615 0.7271634615384616 0.046875 0.06610576923076923
0 0.3329326923076923 0.6790865384615384 0.04447115384615385 0.054086538461538464
3 0.5300480769230769 0.5721153846153846 0.054086538461538464 0.06129807692307692
3 0.5697115384615384 0.6201923076923077 0.036057692307692304 0.054086538461538464
3 0.8557692307692307 0.6153846153846154 0.042067307692307696 0.04447115384615385
3 0.9134615384615384 0.7379807692307693 0.04326923076923077 0.06370192307692307
3 0.7199519230769231 0.8269230769230769 0.052884615384615384 0.09375
3 0.5949519230769231 0.6875 0.05889423076923077 0.08653846153846154
0 0.4651442307692308 0.9711538461538461 0.0985576923076923 0.051682692307692304
0 0.40865384615384615 0.8930288461538461 0.07451923076923077 0.140625
0 0.3269230769230769 0.9290865384615384 0.08173076923076923 0.13581730769230768