0 0.8725961538461539 0.109375 0.05889423076923077 0.09134615384615384
1 0.8149038461538461 0.19230769230769232 0.07211538461538461 0.07451923076923077
1 0.7788461538461539 0.08653846153846154 0.06129807692307692 0.06370192307692307
1 0.30528846153846156 0.23076923076923078 0.09495192307692307 0.09134615384615384
0 0.109375 0.2800480769230769 0.09975961538461539 0.16105769230769232
0 0.15384615384615385 0.5012019230769231 0.10697115384615384 0.22235576923076922
0 0.8064903846153846 0.34975961538461536 0.09975961538461539 0.12139423076923077
0 0.8713942307692307 0.265625 0.0889423076923077 0.14543269230769232
0 0.9699519230769231 0.2848557692307692 0.056490384615384616 0.17548076923076922
0 0.9206730769230769 0.5264423076923077 0.15504807692307693 0.3161057692307692
0 0.4855769230769231 0.29447115384615385 0.06610576923076923 0.11057692307692307
0 0.6237980769230769 0.5288461538461539 0.109375 0.23677884615384615
3 0.5432692307692307 0.515625 0.09134615384615384 0.14783653846153846
2 0.7223557692307693 0.6045673076923077 0.0625 0.07932692307692307
3 0.6947115384615384 0.49038461538461536 0.08052884615384616 0.11658653846153846