3 0.4206730769230769 0.08774038461538461 0.06610576923076923 0.08173076923076923
3 0.6310096153846154 0.47596153846153844 0.08413461538461539 0.15264423076923078
3 0.421875 0.4831730769230769 0.08653846153846154 0.18028846153846154
0 0.44471153846153844 0.203125 0.07211538461538461 0.140625
0 0.5168269230769231 0.5180288461538461 0.09495192307692307 0.23197115384615385
2 0.6286057692307693 0.609375 0.055288461538461536 0.0889423076923077
0 0.7716346153846154 0.7175480769230769 0.19831730769230768 0.34375
0 0.9086538461538461 0.6021634615384616 0.17908653846153846 0.3016826923076923
0 0.8221153846153846 0.3798076923076923 0.07692307692307693 0.12379807692307693
0 0.7524038461538461 0.4026442307692308 0.0985576923076923 0.11298076923076923
1 0.8353365384615384 0.21153846153846154 0.07932692307692307 0.10096153846153846
1 0.8293269230769231 0.08413461538461539 0.06850961538461539 0.07451923076923077
0 0.9711538461538461 0.23677884615384615 0.054086538461538464 0.07451923076923077
0 0.921875 0.1466346153846154 0.06129807692307692 0.09134615384615384