3 0.953125 0.22596153846153846 0.09014423076923077 0.14543269230769232
2 0.9254807692307693 0.8725961538461539 0.14543269230769232 0.24879807692307693
1 0.9314903846153846 0.5540865384615384 0.11899038461538461 0.18509615384615385
0 0.8641826923076923 0.265625 0.0889423076923077 0.10576923076923077
2 0.9038461538461539 0.3737980769230769 0.12620192307692307 0.16105769230769232
2 0.8485576923076923 0.5444711538461539 0.12259615384615384 0.18028846153846154
2 0.7872596153846154 0.453125 0.09014423076923077 0.13581730769230768
2 0.7439903846153846 0.4963942307692308 0.06129807692307692 0.14783653846153846
1 0.6887019230769231 0.3870192307692308 0.12740384615384615 0.13581730769230768
3 0.765625 0.2692307692307692 0.12379807692307693 0.15264423076923078
2 0.6887019230769231 0.2860576923076923 0.07091346153846154 0.10817307692307693
2 0.6418269230769231 0.22355769230769232 0.10336538461538461 0.1658653846153846
2 0.5805288461538461 0.16105769230769232 0.055288461538461536 0.0889423076923077
0 0.6862980769230769 0.5084134615384616 0.1045673076923077 0.17307692307692307
0 0.6081730769230769 0.4567307692307692 0.09134615384615384 0.17307692307692307
0 0.5769230769230769 0.38461538461538464 0.078125 0.12379807692307693
2 0.5745192307692307 0.29927884615384615 0.07091346153846154 0.0889423076923077
1 0.5216346153846154 0.2644230769230769 0.07211538461538461 0.06971153846153846
2 0.515625 0.3449519230769231 0.06971153846153846 0.10096153846153846
2 0.5108173076923077 0.453125 0.08774038461538461 0.13581730769230768
2 0.4639423076923077 0.5408653846153846 0.06610576923076923 0.1778846153846154
3 0.8028846153846154 0.703125 0.22115384615384615 0.3016826923076923
1 0.6790865384615384 0.7487980769230769 0.21634615384615385 0.3088942307692308
1 0.578125 0.6923076923076923 0.1346153846153846 0.2247596153846154
1 0.5288461538461539 0.78125 0.1658653846153846 0.17548076923076922
2 0.6334134615384616 0.9038461538461539 0.10576923076923077 0.1875
0 0.5384615384615384 0.8918269230769231 0.09975961538461539 0.2127403846153846
0 0.3701923076923077 0.7007211538461539 0.0985576923076923 0.17307692307692307
1 0.23076923076923078 0.8569711538461539 0.16346153846153846 0.19230769230769232
1 0.1971153846153846 0.5829326923076923 0.12620192307692307 0.20793269230769232
1 0.13942307692307693 0.6995192307692307 0.09735576923076923 0.18509615384615385
2 0.21754807692307693 0.6598557692307693 0.10697115384615384 0.13341346153846154
1 0.27283653846153844 0.5360576923076923 0.1875 0.13341346153846154
1 0.4230769230769231 0.49399038461538464 0.09615384615384616 0.22716346153846154
1 0.35336538461538464 0.4230769230769231 0.1141826923076923 0.10096153846153846
1 0.35096153846153844 0.3173076923076923 0.07932692307692307 0.07692307692307693
0 0.4423076923076923 0.32572115384615385 0.08173076923076923 0.11899038461538461
0 0.5168269230769231 0.1658653846153846 0.06971153846153846 0.11298076923076923
2 0.49399038461538464 0.10336538461538461 0.0625 0.06370192307692307
1 0.47836538461538464 0.0673076923076923 0.06009615384615385 0.07692307692307693
2 0.4098557692307692 0.10576923076923077 0.0625 0.08413461538461539
2 0.34975961538461536 0.1201923076923077 0.06129807692307692 0.11057692307692307
1 0.42788461538461536 0.20793269230769232 0.0985576923076923 0.11298076923076923
2 0.31009615384615385 0.234375 0.07211538461538461 0.07451923076923077
1 0.25961538461538464 0.20072115384615385 0.09735576923076923 0.08173076923076923
1 0.27524038461538464 0.2980769230769231 0.07091346153846154 0.09615384615384616
1 0.2403846153846154 0.3329326923076923 0.042067307692307696 0.16346153846153846
2 0.19471153846153846 0.2980769230769231 0.09254807692307693 0.12620192307692307