0 0.49158653846153844 0.10817307692307693 0.038461538461538464 0.06971153846153846
0 0.4050480769230769 0.125 0.03365384615384615 0.06610576923076923
0 0.41586538461538464 0.9158653846153846 0.03485576923076923 0.06971153846153846
3 0.3954326923076923 0.4639423076923077 0.04567307692307692 0.08413461538461539
0 0.3942307692307692 0.6826923076923077 0.054086538461538464 0.11057692307692307
0 0.5336538461538461 0.7007211538461539 0.06129807692307692 0.10336538461538461
0 0.6009615384615384 0.22596153846153846 0.052884615384615384 0.10096153846153846
0 0.7776442307692307 0.08533653846153846 0.06370192307692307 0.12620192307692307
3 0.4951923076923077 0.5108173076923077 0.051682692307692304 0.0985576923076923
3 0.8425480769230769 0.5925480769230769 0.056490384615384616 0.09375
3 0.6899038461538461 0.4651442307692308 0.06129807692307692 0.10096153846153846
3 0.43509615384615385 0.7091346153846154 0.04807692307692308 0.0889423076923077
3 0.30408653846153844 0.7247596153846154 0.05889423076923077 0.12139423076923077
3 0.2668269230769231 0.9026442307692307 0.09495192307692307 0.18509615384615385