2 0.8161057692307693 0.234375 0.16346153846153846 0.23677884615384615
2 0.9230769230769231 0.3786057692307692 0.1502403846153846 0.21995192307692307
2 0.9783653846153846 0.5420673076923077 0.040865384615384616 0.2692307692307692
0 0.9699519230769231 0.5360576923076923 0.056490384615384616 0.28125
0 0.9278846153846154 0.7848557692307693 0.14182692307692307 0.42427884615384615
2 0.8497596153846154 0.8533653846153846 0.296875 0.28846153846153844
2 0.7163461538461539 0.38822115384615385 0.16105769230769232 0.24158653846153846
2 0.6646634615384616 0.5540865384615384 0.17668269230769232 0.234375
1 0.4855769230769231 0.2512019230769231 0.23798076923076922 0.14543269230769232
1 0.515625 0.8677884615384616 0.140625 0.25961538461538464
2 0.6177884615384616 0.8040865384615384 0.2512019230769231 0.38822115384615385
2 0.4074519230769231 0.9158653846153846 0.12259615384615384 0.16346153846153846
2 0.359375 0.5588942307692307 0.14903846153846154 0.19951923076923078
0 0.3786057692307692 0.6478365384615384 0.23076923076923078 0.44711538461538464
0 0.24278846153846154 0.9423076923076923 0.21394230769230768 0.11057692307692307
2 0.3088942307692308 0.8341346153846154 0.042067307692307696 0.2127403846153846
1 0.2403846153846154 0.6983173076923077 0.14182692307692307 0.4735576923076923
0 0.14783653846153846 0.7572115384615384 0.16826923076923078 0.31850961538461536