3 0.8786057692307693 0.25961538461538464 0.03125 0.04326923076923077
0 0.4567307692307692 0.37259615384615385 0.026442307692307692 0.039663461538461536
0 0.44711538461538464 0.6875 0.030048076923076924 0.052884615384615384
0 0.5300480769230769 0.7920673076923077 0.036057692307692304 0.0625
3 0.33052884615384615 0.8834134615384616 0.03485576923076923 0.04326923076923077
0 0.0985576923076923 0.9819711538461539 0.057692307692307696 0.03125
0 0.296875 0.8545673076923077 0.03125 0.05048076923076923
0 0.29927884615384615 0.6935096153846154 0.03245192307692308 0.05889423076923077
0 0.6550480769230769 0.5072115384615384 0.04807692307692308 0.07091346153846154
0 0.6382211538461539 0.44350961538461536 0.042067307692307696 0.0625
0 0.6009615384615384 0.4254807692307692 0.03365384615384615 0.051682692307692304
0 0.8737980769230769 0.4338942307692308 0.06009615384615385 0.07572115384615384
0 0.8846153846153846 0.5252403846153846 0.07572115384615384 0.09375
3 0.578125 0.7319711538461539 0.04447115384615385 0.09254807692307693