1 0.17548076923076922 0.84375 0.13221153846153846 0.2548076923076923
1 0.13942307692307693 0.6153846153846154 0.109375 0.10817307692307693
0 0.6225961538461539 0.9242788461538461 0.10336538461538461 0.14543269230769232
0 0.9759615384615384 0.5552884615384616 0.04567307692307692 0.13822115384615385
0 0.9122596153846154 0.5853365384615384 0.08774038461538461 0.12379807692307693
0 0.9278846153846154 0.30649038461538464 0.08173076923076923 0.14302884615384615
0 0.8341346153846154 0.1346153846153846 0.055288461538461536 0.10096153846153846
0 0.7560096153846154 0.27163461538461536 0.05889423076923077 0.10336538461538461
0 0.4831730769230769 0.18629807692307693 0.056490384615384616 0.10576923076923077
0 0.453125 0.12259615384615384 0.046875 0.09134615384615384
3 0.37259615384615385 0.5192307692307693 0.09254807692307693 0.18990384615384615
3 0.0625 0.3629807692307692 0.10817307692307693 0.15745192307692307