1 0.10817307692307693 0.9002403846153846 0.13581730769230768 0.1502403846153846
0 0.2091346153846154 0.7992788461538461 0.13701923076923078 0.21514423076923078
0 0.12379807692307693 0.7211538461538461 0.13341346153846154 0.25240384615384615
0 0.21634615384615385 0.6009615384615384 0.07091346153846154 0.13581730769230768
0 0.2920673076923077 0.6490384615384616 0.06490384615384616 0.12860576923076922
2 0.33413461538461536 0.8737980769230769 0.1310096153846154 0.24158653846153846
0 0.4639423076923077 0.8689903846153846 0.10336538461538461 0.25721153846153844
0 0.5709134615384616 0.8052884615384616 0.15865384615384615 0.2764423076923077
1 0.5132211538461539 0.5012019230769231 0.1658653846153846 0.5528846153846154
0 0.36177884615384615 0.7151442307692307 0.11538461538461539 0.18509615384615385
0 0.375 0.5817307692307693 0.1141826923076923 0.1658653846153846
0 0.46033653846153844 0.6334134615384616 0.11298076923076923 0.18509615384615385
2 0.2403846153846154 0.48677884615384615 0.07211538461538461 0.12860576923076922
2 0.3401442307692308 0.4651442307692308 0.09615384615384616 0.14543269230769232
0 0.47836538461538464 0.39903846153846156 0.08173076923076923 0.14543269230769232
0 0.39783653846153844 0.3449519230769231 0.08774038461538461 0.12620192307692307
1 0.4230769230769231 0.2608173076923077 0.0985576923076923 0.15504807692307693
1 0.36177884615384615 0.29086538461538464 0.0733173076923077 0.22235576923076922
1 0.265625 0.19110576923076922 0.15865384615384615 0.21033653846153846
1 0.36778846153846156 0.13701923076923078 0.0625 0.22956730769230768
1 0.17548076923076922 0.34975961538461536 0.12259615384615384 0.16105769230769232
1 0.24519230769230768 0.14783653846153846 0.0985576923076923 0.2127403846153846
0 0.44471153846153844 0.10576923076923077 0.078125 0.12379807692307693
0 0.6442307692307693 0.5132211538461539 0.12740384615384615 0.23677884615384615
0 0.6033653846153846 0.2860576923076923 0.1141826923076923 0.20192307692307693
1 0.8233173076923077 0.3317307692307692 0.18870192307692307 0.36778846153846156
1 0.8317307692307693 0.20793269230769232 0.20793269230769232 0.3161057692307692
1 0.9747596153846154 0.2548076923076923 0.046875 0.13341346153846154
2 0.7560096153846154 0.19110576923076922 0.11538461538461539 0.2247596153846154