1 0.14903846153846154 0.7980769230769231 0.12259615384615384 0.27163461538461536
0 0.38461538461538464 0.8149038461538461 0.1045673076923077 0.17307692307692307
0 0.9110576923076923 0.8701923076923077 0.125 0.234375
0 0.8185096153846154 0.5048076923076923 0.07692307692307693 0.14543269230769232
0 0.9435096153846154 0.24639423076923078 0.06490384615384616 0.11899038461538461
0 0.7944711538461539 0.11538461538461539 0.05889423076923077 0.11057692307692307
0 0.6490384615384616 0.5348557692307693 0.08653846153846154 0.11658653846153846
3 0.6586538461538461 0.4411057692307692 0.06971153846153846 0.07211538461538461
0 0.28365384615384615 0.3629807692307692 0.08052884615384616 0.10817307692307693
0 0.30408653846153844 0.09495192307692307 0.036057692307692304 0.08173076923076923
0 0.2824519230769231 0.1935096153846154 0.054086538461538464 0.06610576923076923
0 0.23076923076923078 0.19951923076923078 0.05048076923076923 0.05889423076923077
0 0.6081730769230769 0.3425480769230769 0.04807692307692308 0.09615384615384616
0 0.5673076923076923 0.27283653846153844 0.06009615384615385 0.08653846153846154
0 0.5144230769230769 0.21153846153846154 0.056490384615384616 0.06610576923076923