0 0.6923076923076923 0.2920673076923077 0.037259615384615384 0.07211538461538461
0 0.6454326923076923 0.23918269230769232 0.03485576923076923 0.054086538461538464
0 0.12620192307692307 0.7524038461538461 0.07451923076923077 0.10096153846153846
0 0.1658653846153846 0.6358173076923077 0.05048076923076923 0.06610576923076923
0 0.421875 0.9230769230769231 0.05889423076923077 0.08413461538461539
0 0.6490384615384616 0.9110576923076923 0.06971153846153846 0.0985576923076923
0 0.9086538461538461 0.7764423076923077 0.052884615384615384 0.08653846153846154
0 0.8149038461538461 0.6346153846153846 0.051682692307692304 0.06971153846153846
0 0.8918269230769231 0.453125 0.046875 0.07211538461538461
0 0.765625 0.18990384615384615 0.027644230769230768 0.06370192307692307
0 0.9543269230769231 0.23677884615384615 0.03245192307692308 0.06370192307692307
0 0.44711538461538464 0.24639423076923078 0.030048076923076924 0.04447115384615385
0 0.5036057692307693 0.32091346153846156 0.021634615384615384 0.03485576923076923
3 0.484375 0.7608173076923077 0.04326923076923077 0.07932692307692307
3 0.9314903846153846 0.6694711538461539 0.055288461538461536 0.08413461538461539
3 0.8822115384615384 0.7007211538461539 0.037259615384615384 0.05889423076923077