3 0.11177884615384616 0.9387019230769231 0.1045673076923077 0.11899038461538461
0 0.5949519230769231 0.0985576923076923 0.05889423076923077 0.12379807692307693
0 0.6105769230769231 0.21153846153846154 0.06370192307692307 0.12620192307692307
0 0.7596153846153846 0.36538461538461536 0.07692307692307693 0.14783653846153846
0 0.7584134615384616 0.10216346153846154 0.09735576923076923 0.17067307692307693
0 0.15745192307692307 0.7235576923076923 0.10096153846153846 0.16826923076923078
3 0.9759615384615384 0.8581730769230769 0.04447115384615385 0.10096153846153846
3 0.8665865384615384 0.09134615384615384 0.05889423076923077 0.09375
3 0.34615384615384615 0.3329326923076923 0.055288461538461536 0.0985576923076923
3 0.5372596153846154 0.36778846153846156 0.05048076923076923 0.10817307692307693
3 0.41346153846153844 0.6899038461538461 0.06129807692307692 0.11658653846153846
3 0.4795673076923077 0.9447115384615384 0.07091346153846154 0.10576923076923077