0 0.8245192307692307 0.6826923076923077 0.04447115384615385 0.07692307692307693
0 0.8293269230769231 0.7776442307692307 0.04567307692307692 0.0889423076923077
0 0.9146634615384616 0.7223557692307693 0.04326923076923077 0.06610576923076923
0 0.6838942307692307 0.5721153846153846 0.04326923076923077 0.06129807692307692
0 0.5769230769230769 0.3473557692307692 0.026442307692307692 0.056490384615384616
0 0.49759615384615385 0.44471153846153844 0.04447115384615385 0.06971153846153846
0 0.34975961538461536 0.27163461538461536 0.03245192307692308 0.05889423076923077
0 0.36538461538461536 0.33413461538461536 0.042067307692307696 0.06610576923076923
0 0.1971153846153846 0.5625 0.07091346153846154 0.07932692307692307
0 0.3485576923076923 0.5048076923076923 0.052884615384615384 0.08653846153846154
0 0.4423076923076923 0.7548076923076923 0.06490384615384616 0.11057692307692307
3 0.734375 0.9290865384615384 0.05889423076923077 0.09134615384615384
3 0.6033653846153846 0.9326923076923077 0.07692307692307693 0.12139423076923077
0 0.5432692307692307 0.9266826923076923 0.06850961538461539 0.11057692307692307
0 0.16826923076923078 0.9699519230769231 0.07091346153846154 0.054086538461538464