0 0.5324519230769231 0.8725961538461539 0.0829326923076923 0.11658653846153846
0 0.4675480769230769 0.8161057692307693 0.07932692307692307 0.140625
0 0.4387019230769231 0.9699519230769231 0.11778846153846154 0.054086538461538464
0 0.3942307692307692 0.8798076923076923 0.10336538461538461 0.17067307692307693
0 0.20432692307692307 0.6358173076923077 0.14182692307692307 0.2247596153846154
1 0.5276442307692307 0.953125 0.078125 0.0889423076923077
1 0.4266826923076923 0.6935096153846154 0.0985576923076923 0.0889423076923077
0 0.4362980769230769 0.6526442307692307 0.06490384615384616 0.09615384615384616
0 0.3473557692307692 0.5276442307692307 0.052884615384615384 0.09134615384615384
0 0.234375 0.4254807692307692 0.056490384615384616 0.09615384615384616
0 0.040865384615384616 0.29447115384615385 0.06971153846153846 0.09134615384615384
0 0.10336538461538461 0.46875 0.09014423076923077 0.14783653846153846