0 0.6634615384615384 0.5625 0.042067307692307696 0.06971153846153846
0 0.41466346153846156 0.6370192307692307 0.040865384615384616 0.05889423076923077
0 0.6262019230769231 0.44471153846153844 0.03485576923076923 0.05889423076923077
0 0.6322115384615384 0.5180288461538461 0.030048076923076924 0.06370192307692307
0 0.6358173076923077 0.30408653846153844 0.036057692307692304 0.05889423076923077
0 0.49158653846153844 0.19951923076923078 0.03365384615384615 0.05889423076923077
0 0.42908653846153844 0.2848557692307692 0.030048076923076924 0.056490384615384616
0 0.40024038461538464 0.3088942307692308 0.030048076923076924 0.054086538461538464
0 0.39663461538461536 0.2620192307692308 0.028846153846153848 0.054086538461538464
0 0.37259615384615385 0.21995192307692307 0.030048076923076924 0.06370192307692307
0 0.3233173076923077 0.18990384615384615 0.036057692307692304 0.05889423076923077
0 0.46274038461538464 0.36899038461538464 0.03485576923076923 0.06610576923076923
0 0.38221153846153844 0.5084134615384616 0.04447115384615385 0.07932692307692307
3 0.4579326923076923 0.8725961538461539 0.05048076923076923 0.09615384615384616
3 0.5901442307692307 0.8353365384615384 0.05048076923076923 0.12139423076923077
3 0.35336538461538464 0.46634615384615385 0.04807692307692308 0.10336538461538461
3 0.4050480769230769 0.36899038461538464 0.037259615384615384 0.056490384615384616
0 0.21875 0.6057692307692307 0.054086538461538464 0.09134615384615384
0 0.17548076923076922 0.5961538461538461 0.05889423076923077 0.10096153846153846
3 0.15384615384615385 0.5444711538461539 0.07451923076923077 0.07211538461538461
3 0.20072115384615385 0.40865384615384615 0.04326923076923077 0.06129807692307692
3 0.1310096153846154 0.7463942307692307 0.054086538461538464 0.11057692307692307
3 0.09495192307692307 0.7824519230769231 0.05889423076923077 0.0985576923076923
3 0.08413461538461539 0.6394230769230769 0.08173076923076923 0.12379807692307693