0 0.7391826923076923 0.2920673076923077 0.046875 0.07211538461538461
0 0.5408653846153846 0.33774038461538464 0.046875 0.09375
0 0.4362980769230769 0.46875 0.042067307692307696 0.08413461538461539
0 0.3173076923076923 0.40384615384615385 0.04807692307692308 0.07211538461538461
0 0.3629807692307692 0.35336538461538464 0.04447115384615385 0.06370192307692307
0 0.36538461538461536 0.5733173076923077 0.055288461538461536 0.11298076923076923
0 0.640625 0.44711538461538464 0.051682692307692304 0.09375
0 0.6778846153846154 0.6370192307692307 0.06490384615384616 0.10817307692307693
0 0.9771634615384616 0.6875 0.04326923076923077 0.09134615384615384
3 0.5384615384615384 0.9639423076923077 0.07211538461538461 0.06610576923076923
3 0.46875 0.9206730769230769 0.07932692307692307 0.12860576923076922
3 0.6033653846153846 0.7704326923076923 0.054086538461538464 0.0889423076923077
3 0.8317307692307693 0.5132211538461539 0.0625 0.0889423076923077
3 0.78125 0.45072115384615385 0.056490384615384616 0.08173076923076923