0 0.6850961538461539 0.10096153846153846 0.03245192307692308 0.054086538461538464
0 0.8088942307692307 0.171875 0.040865384615384616 0.07211538461538461
0 0.6394230769230769 0.1502403846153846 0.046875 0.07932692307692307
0 0.2536057692307692 0.40384615384615385 0.055288461538461536 0.08653846153846154
0 0.30408653846153844 0.5120192307692307 0.06971153846153846 0.08173076923076923
0 0.16706730769230768 0.6706730769230769 0.08774038461538461 0.11057692307692307
0 0.31009615384615385 0.921875 0.08413461538461539 0.12620192307692307
0 0.6899038461538461 0.6706730769230769 0.06009615384615385 0.08173076923076923
0 0.6454326923076923 0.34615384615384615 0.04326923076923077 0.07932692307692307
2 0.171875 0.3581730769230769 0.020432692307692308 0.030048076923076924
2 0.19110576923076922 0.4014423076923077 0.020432692307692308 0.03245192307692308
0 0.7560096153846154 0.19951923076923078 0.03485576923076923 0.06370192307692307
3 0.484375 0.140625 0.037259615384615384 0.07451923076923077