1 0.6274038461538461 0.45552884615384615 0.21634615384615385 0.4026442307692308
1 0.06490384615384616 0.5072115384615384 0.1045673076923077 0.2932692307692308
1 0.0985576923076923 0.6887019230769231 0.19471153846153846 0.33533653846153844
0 0.09615384615384616 0.8221153846153846 0.16826923076923078 0.27163461538461536
1 0.2620192307692308 0.8569711538461539 0.25240384615384615 0.28125
2 0.2283653846153846 0.6754807692307693 0.09975961538461539 0.12620192307692307
1 0.38100961538461536 0.7403846153846154 0.20673076923076922 0.23677884615384615
1 0.3161057692307692 0.5372596153846154 0.2860576923076923 0.27403846153846156
1 0.43149038461538464 0.6466346153846154 0.11899038461538461 0.18269230769230768
0 0.16947115384615385 0.41346153846153844 0.125 0.21033653846153846
1 0.1778846153846154 0.27884615384615385 0.20793269230769232 0.1971153846153846
0 0.09134615384615384 0.18990384615384615 0.109375 0.16826923076923078
0 0.18028846153846154 0.17067307692307693 0.12620192307692307 0.2127403846153846
0 0.2860576923076923 0.41586538461538464 0.11057692307692307 0.15504807692307693
0 0.27163461538461536 0.21153846153846154 0.10697115384615384 0.17548076923076922
0 0.43509615384615385 0.28966346153846156 0.15504807692307693 0.3088942307692308
2 0.31490384615384615 0.13701923076923078 0.11778846153846154 0.09134615384615384
1 0.41225961538461536 0.9098557692307693 0.2800480769230769 0.17548076923076922
1 0.5793269230769231 0.7752403846153846 0.12379807692307693 0.44471153846153844
1 0.7019230769230769 0.8918269230769231 0.13221153846153846 0.2127403846153846
2 0.5108173076923077 0.6165865384615384 0.09254807692307693 0.2644230769230769
0 0.5769230769230769 0.44471153846153844 0.16706730769230768 0.20192307692307693
0 0.6442307692307693 0.19831730769230768 0.13221153846153846 0.2247596153846154
2 0.5913461538461539 0.15745192307692307 0.08653846153846154 0.1778846153846154
2 0.703125 0.09254807692307693 0.09735576923076923 0.15504807692307693
0 0.7980769230769231 0.28966346153846156 0.12139423076923077 0.1658653846153846
1 0.8557692307692307 0.16947115384615385 0.1658653846153846 0.140625
1 0.8786057692307693 0.3485576923076923 0.11538461538461539 0.3112980769230769
1 0.9110576923076923 0.4567307692307692 0.17548076923076922 0.3112980769230769
1 0.953125 0.640625 0.09014423076923077 0.28365384615384615
1 0.9026442307692307 0.8197115384615384 0.19110576923076922 0.24158653846153846
1 0.9567307692307693 0.1971153846153846 0.0829326923076923 0.3798076923076923