1 0.140625 0.6117788461538461 0.05048076923076923 0.25240384615384615
1 0.20432692307692307 0.3737980769230769 0.06610576923076923 0.1658653846153846
0 0.4855769230769231 0.2644230769230769 0.12740384615384615 0.13822115384615385
1 0.7199519230769231 0.8978365384615384 0.1346153846153846 0.19951923076923078
1 0.8629807692307693 0.9399038461538461 0.09014423076923077 0.11658653846153846
3 0.4699519230769231 0.4098557692307692 0.11778846153846154 0.1778846153846154
3 0.7451923076923077 0.5240384615384616 0.06850961538461539 0.13341346153846154
3 0.6141826923076923 0.18509615384615385 0.07091346153846154 0.08413461538461539
3 0.7355769230769231 0.07451923076923077 0.08173076923076923 0.06370192307692307
0 0.6177884615384616 0.3233173076923077 0.09134615384615384 0.14302884615384615
0 0.35697115384615385 0.5324519230769231 0.06370192307692307 0.12139423076923077
0 0.23918269230769232 0.8365384615384616 0.08774038461538461 0.1971153846153846