0 0.08653846153846154 0.056490384615384616 0.052884615384615384 0.07451923076923077
0 0.0625 0.32211538461538464 0.06610576923076923 0.10096153846153846
0 0.12259615384615384 0.578125 0.07692307692307693 0.10817307692307693
0 0.038461538461538464 0.5949519230769231 0.054086538461538464 0.08413461538461539
0 0.12379807692307693 0.8016826923076923 0.09014423076923077 0.13581730769230768
0 0.07692307692307693 0.8942307692307693 0.08774038461538461 0.11899038461538461
0 0.21875 0.9026442307692307 0.051682692307692304 0.09615384615384616
0 0.19230769230769232 0.7295673076923077 0.04807692307692308 0.08653846153846154
0 0.27884615384615385 0.640625 0.052884615384615384 0.08653846153846154
0 0.34134615384615385 0.46033653846153844 0.03365384615384615 0.056490384615384616
0 0.4014423076923077 0.4375 0.025240384615384616 0.04447115384615385
0 0.4254807692307692 0.4266826923076923 0.021634615384615384 0.03485576923076923
0 0.46274038461538464 0.4543269230769231 0.020432692307692308 0.03485576923076923
0 0.48197115384615385 0.4963942307692308 0.027644230769230768 0.04447115384615385
0 0.44711538461538464 0.6165865384615384 0.046875 0.09615384615384616
0 0.47596153846153844 0.6862980769230769 0.04447115384615385 0.09375
0 0.6550480769230769 0.6634615384615384 0.03485576923076923 0.07692307692307693
0 0.6742788461538461 0.6262019230769231 0.03485576923076923 0.07211538461538461
0 0.7560096153846154 0.9435096153846154 0.04326923076923077 0.08413461538461539