1 0.6117788461538461 0.7680288461538461 0.08774038461538461 0.08413461538461539
1 0.6370192307692307 0.5949519230769231 0.11899038461538461 0.11298076923076923
1 0.7608173076923077 0.5793269230769231 0.09254807692307693 0.07692307692307693
1 0.8401442307692307 0.7307692307692307 0.09014423076923077 0.10336538461538461
1 0.5528846153846154 0.546875 0.11298076923076923 0.12620192307692307
0 0.109375 0.4543269230769231 0.06370192307692307 0.07451923076923077
0 0.24158653846153846 0.34615384615384615 0.05048076923076923 0.09375
0 0.6862980769230769 0.2800480769230769 0.07451923076923077 0.1310096153846154
0 0.47475961538461536 0.3269230769230769 0.06370192307692307 0.11658653846153846
0 0.4879807692307692 0.12379807692307693 0.040865384615384616 0.07932692307692307
0 0.38822115384615385 0.13942307692307693 0.04807692307692308 0.08173076923076923
0 0.27283653846153844 0.1875 0.06009615384615385 0.07932692307692307
0 0.3737980769230769 0.046875 0.046875 0.08413461538461539
0 0.9435096153846154 0.6394230769230769 0.11057692307692307 0.17307692307692307