0 0.0733173076923077 0.828125 0.14423076923076922 0.23918269230769232
0 0.21033653846153846 0.8581730769230769 0.1658653846153846 0.27403846153846156
0 0.21754807692307693 0.6346153846153846 0.1622596153846154 0.25240384615384615
0 0.18870192307692307 0.4326923076923077 0.1346153846153846 0.23197115384615385
2 0.484375 0.6105769230769231 0.15985576923076922 0.25961538461538464
0 0.3016826923076923 0.41346153846153844 0.125 0.20552884615384615
0 0.359375 0.5420673076923077 0.1658653846153846 0.29927884615384615
0 0.3641826923076923 0.8040865384615384 0.1814903846153846 0.38221153846153844
0 0.49278846153846156 0.8882211538461539 0.23317307692307693 0.21995192307692307
0 0.31850961538461536 0.23677884615384615 0.11658653846153846 0.18269230769230768
0 0.3870192307692308 0.2668269230769231 0.12259615384615384 0.15264423076923078
0 0.4387019230769231 0.3798076923076923 0.12740384615384615 0.22235576923076922
0 0.43509615384615385 0.11538461538461539 0.13221153846153846 0.18990384615384615
0 0.5108173076923077 0.19831730769230768 0.1141826923076923 0.20552884615384615
0 0.5661057692307693 0.3762019230769231 0.1622596153846154 0.2439903846153846
0 0.6105769230769231 0.234375 0.1310096153846154 0.2127403846153846
0 0.6358173076923077 0.6045673076923077 0.1778846153846154 0.3112980769230769
0 0.7247596153846154 0.8521634615384616 0.21153846153846154 0.29086538461538464
0 0.8052884615384616 0.6286057692307693 0.19951923076923078 0.3329326923076923
0 0.7548076923076923 0.4026442307692308 0.14903846153846154 0.22716346153846154
0 0.7572115384615384 0.23317307692307693 0.14903846153846154 0.19471153846153846
0 0.7259615384615384 0.09975961538461539 0.12740384615384615 0.18509615384615385
0 0.9098557692307693 0.41586538461538464 0.17668269230769232 0.31850961538461536