1 0.4254807692307692 0.7355769230769231 0.11538461538461539 0.05889423076923077
0 0.3545673076923077 0.6334134615384616 0.05048076923076923 0.07692307692307693
0 0.38221153846153844 0.4675480769230769 0.03245192307692308 0.051682692307692304
0 0.3545673076923077 0.07932692307692307 0.036057692307692304 0.04927884615384615
0 0.11538461538461539 0.6430288461538461 0.07451923076923077 0.08653846153846154
0 0.18389423076923078 0.5084134615384616 0.05048076923076923 0.07451923076923077
0 0.2403846153846154 0.4014423076923077 0.03485576923076923 0.07211538461538461
0 0.5144230769230769 0.8641826923076923 0.06490384615384616 0.11298076923076923
0 0.8269230769230769 0.5733173076923077 0.07091346153846154 0.11899038461538461
0 0.6598557692307693 0.15745192307692307 0.02403846153846154 0.039663461538461536
3 0.296875 0.7668269230769231 0.09254807692307693 0.10576923076923077
3 0.38461538461538464 0.6826923076923077 0.056490384615384616 0.07211538461538461
3 0.5456730769230769 0.21033653846153846 0.06610576923076923 0.0889423076923077
3 0.625 0.41466346153846156 0.036057692307692304 0.07451923076923077
3 0.16826923076923078 0.3713942307692308 0.04567307692307692 0.056490384615384616
3 0.28966346153846156 0.2764423076923077 0.04567307692307692 0.0889423076923077
0 0.8774038461538461 0.4579326923076923 0.05048076923076923 0.07692307692307693
1 0.7848557692307693 0.7932692307692307 0.0625 0.13581730769230768