3 0.48197115384615385 0.35336538461538464 0.06971153846153846 0.07451923076923077
0 0.5649038461538461 0.828125 0.0829326923076923 0.234375
3 0.4879807692307692 0.8040865384615384 0.08052884615384616 0.19951923076923078
3 0.6790865384615384 0.7704326923076923 0.078125 0.13822115384615385
3 0.109375 0.12139423076923077 0.08413461538461539 0.0985576923076923
0 0.18870192307692307 0.22956730769230768 0.0829326923076923 0.13822115384615385
0 0.14543269230769232 0.5324519230769231 0.10697115384615384 0.20552884615384615
0 0.5060096153846154 0.4831730769230769 0.06129807692307692 0.13581730769230768
0 0.9627403846153846 0.9278846153846154 0.07091346153846154 0.13822115384615385
0 0.8677884615384616 0.953125 0.13221153846153846 0.0889423076923077
0 0.8762019230769231 0.7247596153846154 0.09975961538461539 0.1502403846153846
0 0.8112980769230769 0.7283653846153846 0.06370192307692307 0.11298076923076923
0 0.7704326923076923 0.15264423076923078 0.04447115384615385 0.08413461538461539
0 0.7572115384615384 0.07692307692307693 0.051682692307692304 0.08413461538461539
0 0.7199519230769231 0.1658653846153846 0.046875 0.08413461538461539
0 0.9771634615384616 0.453125 0.04326923076923077 0.11057692307692307