0 0.5192307692307693 0.27403846153846156 0.051682692307692304 0.09375
0 0.5552884615384616 0.2608173076923077 0.040865384615384616 0.06129807692307692
3 0.9603365384615384 0.2608173076923077 0.0625 0.140625
0 0.6262019230769231 0.18870192307692307 0.05048076923076923 0.08173076923076923
0 0.6670673076923077 0.15745192307692307 0.04447115384615385 0.054086538461538464
0 0.7307692307692307 0.17668269230769232 0.056490384615384616 0.07692307692307693
0 0.7740384615384616 0.24879807692307693 0.05048076923076923 0.0985576923076923
0 0.6237980769230769 0.6730769230769231 0.054086538461538464 0.19471153846153846
0 0.7223557692307693 0.5504807692307693 0.11899038461538461 0.20793269230769232
0 0.8137019230769231 0.7007211538461539 0.12259615384615384 0.1971153846153846
0 0.38461538461538464 0.703125 0.13341346153846154 0.23677884615384615
0 0.18028846153846154 0.9579326923076923 0.1346153846153846 0.07932692307692307