0 0.1346153846153846 0.5793269230769231 0.04567307692307692 0.08173076923076923
3 0.0673076923076923 0.625 0.06490384615384616 0.06370192307692307
0 0.1466346153846154 0.38461538461538464 0.056490384615384616 0.07932692307692307
0 0.27163461538461536 0.6658653846153846 0.06850961538461539 0.10576923076923077
3 0.3918269230769231 0.19471153846153846 0.04807692307692308 0.06971153846153846
0 0.35096153846153844 0.28725961538461536 0.046875 0.08653846153846154
3 0.6057692307692307 0.203125 0.06009615384615385 0.10096153846153846
3 0.5192307692307693 0.6153846153846154 0.06129807692307692 0.09375
3 0.6394230769230769 0.8149038461538461 0.09014423076923077 0.10336538461538461
3 0.5745192307692307 0.9302884615384616 0.06129807692307692 0.09375
0 0.2932692307692308 0.3485576923076923 0.052884615384615384 0.06370192307692307