0 0.39783653846153844 0.11177884615384616 0.04326923076923077 0.06610576923076923
0 0.4483173076923077 0.9230769230769231 0.051682692307692304 0.12379807692307693
0 0.5877403846153846 0.9254807692307693 0.06009615384615385 0.11298076923076923
0 0.8112980769230769 0.2644230769230769 0.06370192307692307 0.12379807692307693
0 0.6346153846153846 0.41346153846153844 0.05048076923076923 0.09134615384615384
0 0.5192307692307693 0.30408653846153844 0.036057692307692304 0.07451923076923077
0 0.4362980769230769 0.33413461538461536 0.030048076923076924 0.07211538461538461
0 0.1466346153846154 0.23317307692307693 0.04447115384615385 0.07692307692307693
3 0.4387019230769231 0.6850961538461539 0.046875 0.09134615384615384
3 0.640625 0.921875 0.04326923076923077 0.07211538461538461
3 0.9254807692307693 0.7860576923076923 0.07211538461538461 0.09134615384615384
3 0.7463942307692307 0.6610576923076923 0.06610576923076923 0.12139423076923077
3 0.5408653846153846 0.7223557692307693 0.052884615384615384 0.09134615384615384
3 0.35336538461538464 0.9675480769230769 0.051682692307692304 0.05889423076923077
3 0.48677884615384615 0.9375 0.040865384615384616 0.09615384615384616