1 0.6983173076923077 0.12980769230769232 0.038461538461538464 0.07211538461538461
1 0.6117788461538461 0.109375 0.04326923076923077 0.06129807692307692
1 0.5829326923076923 0.18870192307692307 0.03485576923076923 0.08653846153846154
1 0.9747596153846154 0.10576923076923077 0.04807692307692308 0.08413461538461539
3 0.8473557692307693 0.9507211538461539 0.06610576923076923 0.09375
3 0.7127403846153846 0.8293269230769231 0.10096153846153846 0.14783653846153846
3 0.7788461538461539 0.6947115384615384 0.06009615384615385 0.09134615384615384
3 0.7680288461538461 0.4014423076923077 0.05048076923076923 0.08173076923076923
3 0.6694711538461539 0.3798076923076923 0.05048076923076923 0.08413461538461539
0 0.7764423076923077 0.15264423076923078 0.04447115384615385 0.06971153846153846
0 0.3473557692307692 0.8449519230769231 0.08653846153846154 0.22716346153846154
0 0.4182692307692308 0.09134615384615384 0.04326923076923077 0.06971153846153846
0 0.30649038461538464 0.12620192307692307 0.046875 0.054086538461538464
1 0.42908653846153844 0.2620192307692308 0.08052884615384616 0.06370192307692307