0 0.8221153846153846 0.49038461538461536 0.037259615384615384 0.06129807692307692
0 0.13701923076923078 0.5408653846153846 0.046875 0.06971153846153846
0 0.21394230769230768 0.7067307692307693 0.05048076923076923 0.08413461538461539
0 0.43509615384615385 0.7403846153846154 0.052884615384615384 0.0889423076923077
0 0.7367788461538461 0.8305288461538461 0.051682692307692304 0.10096153846153846
0 0.7716346153846154 0.5336538461538461 0.04447115384615385 0.06971153846153846
0 0.5528846153846154 0.44350961538461536 0.040865384615384616 0.06610576923076923
0 0.5036057692307693 0.5564903846153846 0.036057692307692304 0.056490384615384616
3 0.4110576923076923 0.34375 0.055288461538461536 0.05889423076923077
3 0.8954326923076923 0.8533653846153846 0.0829326923076923 0.09615384615384616
0 0.5348557692307693 0.32572115384615385 0.03365384615384615 0.054086538461538464