0 0.9266826923076923 0.6911057692307693 0.05048076923076923 0.12379807692307693
0 0.7043269230769231 0.46875 0.054086538461538464 0.10817307692307693
0 0.6754807692307693 0.30408653846153844 0.05889423076923077 0.12379807692307693
3 0.9110576923076923 0.78125 0.06129807692307692 0.10576923076923077
3 0.4699519230769231 0.7175480769230769 0.08173076923076923 0.12620192307692307
3 0.06009615384615385 0.12139423076923077 0.11057692307692307 0.16346153846153846
0 0.5228365384615384 0.9399038461538461 0.12860576923076922 0.11658653846153846
0 0.8557692307692307 0.6009615384615384 0.06009615384615385 0.10096153846153846
0 0.7175480769230769 0.6826923076923077 0.051682692307692304 0.11057692307692307
0 0.6430288461538461 0.6274038461538461 0.06129807692307692 0.15745192307692307
0 0.10216346153846154 0.7836538461538461 0.19591346153846154 0.28365384615384615