0 0.2860576923076923 0.1045673076923077 0.052884615384615384 0.09615384615384616
0 0.30288461538461536 0.3918269230769231 0.06129807692307692 0.10576923076923077
0 0.25600961538461536 0.4375 0.04567307692307692 0.07932692307692307
0 0.2692307692307692 0.3076923076923077 0.06370192307692307 0.10576923076923077
0 0.28365384615384615 0.22956730769230768 0.055288461538461536 0.07932692307692307
0 0.17548076923076922 0.2920673076923077 0.06129807692307692 0.09134615384615384
0 0.09495192307692307 0.2668269230769231 0.06850961538461539 0.08413461538461539
0 0.10697115384615384 0.44711538461538464 0.0829326923076923 0.12379807692307693
0 0.328125 0.8137019230769231 0.06610576923076923 0.11658653846153846
0 0.5108173076923077 0.5252403846153846 0.0889423076923077 0.12620192307692307
0 0.6237980769230769 0.12620192307692307 0.036057692307692304 0.04927884615384615
0 0.9855769230769231 0.2848557692307692 0.025240384615384616 0.09134615384615384
0 0.8088942307692307 0.2692307692307692 0.04326923076923077 0.07932692307692307
0 0.5901442307692307 0.6766826923076923 0.07091346153846154 0.11899038461538461