1 0.9771634615384616 0.7151442307692307 0.04326923076923077 0.21514423076923078
3 0.48197115384615385 0.2692307692307692 0.06370192307692307 0.10817307692307693
0 0.3545673076923077 0.09615384615384616 0.04326923076923077 0.06971153846153846
0 0.3942307692307692 0.0625 0.04807692307692308 0.08653846153846154
0 0.6045673076923077 0.12860576923076922 0.046875 0.0889423076923077
0 0.6550480769230769 0.20552884615384615 0.055288461538461536 0.0889423076923077
0 0.6947115384615384 0.27283653846153844 0.04326923076923077 0.08653846153846154
0 0.8641826923076923 0.1310096153846154 0.04567307692307692 0.0889423076923077
0 0.9543269230769231 0.15384615384615385 0.04447115384615385 0.07692307692307693
0 0.8317307692307693 0.4519230769230769 0.040865384615384616 0.07451923076923077
0 0.7536057692307693 0.3713942307692308 0.03485576923076923 0.06610576923076923
0 0.7247596153846154 0.4182692307692308 0.054086538461538464 0.08173076923076923
0 0.3269230769230769 0.4423076923076923 0.05048076923076923 0.11298076923076923
0 0.34975961538461536 0.5384615384615384 0.05889423076923077 0.12379807692307693
0 0.16105769230769232 0.3293269230769231 0.05889423076923077 0.10096153846153846
0 0.036057692307692304 0.359375 0.06971153846153846 0.10576923076923077
3 0.3894230769230769 0.9290865384615384 0.0733173076923077 0.12620192307692307
3 0.40384615384615385 0.7716346153846154 0.06610576923076923 0.12139423076923077
1 0.11658653846153846 0.5901442307692307 0.08653846153846154 0.10336538461538461