0 0.43990384615384615 0.0733173076923077 0.027644230769230768 0.037259615384615384
3 0.22235576923076922 0.33052884615384615 0.13221153846153846 0.07932692307692307
3 0.5649038461538461 0.9507211538461539 0.09014423076923077 0.09375
0 0.7512019230769231 0.7620192307692307 0.046875 0.10096153846153846
0 0.7596153846153846 0.671875 0.036057692307692304 0.08413461538461539
0 0.6826923076923077 0.5913461538461539 0.06009615384615385 0.10576923076923077
0 0.7680288461538461 0.3713942307692308 0.046875 0.07692307692307693
0 0.5817307692307693 0.3545673076923077 0.055288461538461536 0.09134615384615384
0 0.5516826923076923 0.44711538461538464 0.056490384615384616 0.10817307692307693
0 0.5853365384615384 0.6069711538461539 0.0985576923076923 0.13822115384615385
0 0.49759615384615385 0.7608173076923077 0.09014423076923077 0.14302884615384615
0 0.40024038461538464 0.7271634615384616 0.10817307692307693 0.16105769230769232
0 0.3161057692307692 0.6454326923076923 0.12139423076923077 0.21514423076923078