0 0.06971153846153846 0.06129807692307692 0.06370192307692307 0.10336538461538461
0 0.34134615384615385 0.47475961538461536 0.08413461538461539 0.13581730769230768
1 0.12980769230769232 0.5036057692307693 0.11298076923076923 0.0985576923076923
1 0.12139423076923077 0.2512019230769231 0.10336538461538461 0.08173076923076923
1 0.12620192307692307 0.1875 0.08774038461538461 0.0889423076923077
1 0.33052884615384615 0.2824519230769231 0.08052884615384616 0.08173076923076923
1 0.5300480769230769 0.7728365384615384 0.11057692307692307 0.17307692307692307
1 0.6129807692307693 0.8545673076923077 0.0985576923076923 0.18269230769230768
1 0.546875 0.4362980769230769 0.06610576923076923 0.06129807692307692
0 0.25600961538461536 0.2439903846153846 0.052884615384615384 0.07451923076923077
0 0.3329326923076923 0.20192307692307693 0.054086538461538464 0.09375
0 0.40024038461538464 0.21754807692307693 0.04567307692307692 0.0889423076923077
0 0.5925480769230769 0.6165865384615384 0.07091346153846154 0.1310096153846154
0 0.5528846153846154 0.4855769230769231 0.04326923076923077 0.09134615384615384