1 0.6286057692307693 0.3088942307692308 0.054086538461538464 0.10817307692307693
1 0.6213942307692307 0.15264423076923078 0.05889423076923077 0.054086538461538464
1 0.7043269230769231 0.23918269230769232 0.03365384615384615 0.11899038461538461
2 0.47716346153846156 0.234375 0.06009615384615385 0.0985576923076923
1 0.38221153846153844 0.8713942307692307 0.09254807692307693 0.0889423076923077
2 0.4074519230769231 0.96875 0.05048076923076923 0.056490384615384616
2 0.46634615384615385 0.9639423076923077 0.037259615384615384 0.06610576923076923
2 0.5612980769230769 0.9759615384615384 0.037259615384615384 0.042067307692307696
1 0.5168269230769231 0.9302884615384616 0.04807692307692308 0.12379807692307693
2 0.4807692307692308 0.8653846153846154 0.046875 0.09134615384615384
2 0.5841346153846154 0.8990384615384616 0.06129807692307692 0.10817307692307693
0 0.5985576923076923 0.96875 0.04447115384615385 0.056490384615384616
0 0.6971153846153846 0.9483173076923077 0.0625 0.0985576923076923
3 0.7247596153846154 0.8930288461538461 0.0733173076923077 0.13581730769230768
2 0.6502403846153846 0.7692307692307693 0.056490384615384616 0.11057692307692307
2 0.5072115384615384 0.8100961538461539 0.046875 0.07451923076923077
0 0.44471153846153844 0.8064903846153846 0.046875 0.09615384615384616
0 0.5564903846153846 0.7908653846153846 0.05048076923076923 0.08653846153846154
0 0.6947115384615384 0.7620192307692307 0.05048076923076923 0.09615384615384616
3 0.7067307692307693 0.6862980769230769 0.08653846153846154 0.10336538461538461
2 0.6262019230769231 0.6658653846153846 0.04807692307692308 0.08173076923076923
2 0.5913461538461539 0.6995192307692307 0.046875 0.07211538461538461
2 0.47596153846153844 0.7608173076923077 0.04447115384615385 0.0889423076923077
2 0.5060096153846154 0.7175480769230769 0.046875 0.10096153846153846
3 0.5456730769230769 0.6682692307692307 0.06129807692307692 0.13581730769230768
1 0.421875 0.5913461538461539 0.055288461538461536 0.14543269230769232
1 0.4807692307692308 0.609375 0.07091346153846154 0.09375
2 0.5060096153846154 0.5372596153846154 0.05048076923076923 0.06610576923076923
0 0.5048076923076923 0.4855769230769231 0.040865384615384616 0.056490384615384616
0 0.5588942307692307 0.36899038461538464 0.040865384615384616 0.07211538461538461
0 0.6081730769230769 0.5757211538461539 0.05048076923076923 0.07451923076923077
0 0.6189903846153846 0.5132211538461539 0.05048076923076923 0.07451923076923077
2 0.765625 0.5276442307692307 0.056490384615384616 0.09134615384615384
2 0.6947115384615384 0.609375 0.04567307692307692 0.05889423076923077
2 0.7079326923076923 0.5612980769230769 0.056490384615384616 0.10576923076923077
2 0.6899038461538461 0.5120192307692307 0.06009615384615385 0.09615384615384616
1 0.6310096153846154 0.41947115384615385 0.04807692307692308 0.10336538461538461
0 0.6658653846153846 0.38822115384615385 0.054086538461538464 0.07932692307692307
0 0.7536057692307693 0.4266826923076923 0.03485576923076923 0.06370192307692307
2 0.7151442307692307 0.35697115384615385 0.040865384615384616 0.06610576923076923
2 0.7391826923076923 0.12139423076923077 0.037259615384615384 0.07932692307692307
2 0.8173076923076923 0.24519230769230768 0.056490384615384616 0.06610576923076923
2 0.8052884615384616 0.40625 0.04567307692307692 0.08653846153846154
2 0.7788461538461539 0.3269230769230769 0.05048076923076923 0.08173076923076923
2 0.8737980769230769 0.3449519230769231 0.06129807692307692 0.09615384615384616
2 0.7475961538461539 0.22956730769230768 0.05048076923076923 0.07932692307692307
2 0.037259615384615384 0.22355769230769232 0.056490384615384616 0.06610576923076923
2 0.953125 0.5829326923076923 0.06129807692307692 0.10336538461538461
2 0.9194711538461539 0.7259615384615384 0.07211538461538461 0.12379807692307693