0 0.6322115384615384 0.14182692307692307 0.051682692307692304 0.09134615384615384
0 0.6742788461538461 0.07692307692307693 0.028846153846153848 0.04447115384615385
3 0.390625 0.9230769230769231 0.037259615384615384 0.08413461538461539
0 0.8100961538461539 0.14903846153846154 0.030048076923076924 0.07211538461538461
0 0.7560096153846154 0.18028846153846154 0.036057692307692304 0.07932692307692307
0 0.6490384615384616 0.37740384615384615 0.040865384615384616 0.09375
0 0.039663461538461536 0.9471153846153846 0.0733173076923077 0.10096153846153846
0 0.7307692307692307 0.7872596153846154 0.07091346153846154 0.11298076923076923
0 0.23317307692307693 0.6802884615384616 0.09254807692307693 0.14543269230769232
0 0.17067307692307693 0.49399038461538464 0.07451923076923077 0.11298076923076923
3 0.04807692307692308 0.24879807692307693 0.0733173076923077 0.07451923076923077
3 0.17307692307692307 0.3233173076923077 0.05048076923076923 0.054086538461538464
3 0.4519230769230769 0.14543269230769232 0.05889423076923077 0.08413461538461539
3 0.5997596153846154 0.4338942307692308 0.037259615384615384 0.09134615384615384
2 0.6490384615384616 0.9447115384615384 0.052884615384615384 0.10576923076923077