0 0.7475961538461539 0.21033653846153846 0.036057692307692304 0.06971153846153846
0 0.29927884615384615 0.7920673076923077 0.03245192307692308 0.054086538461538464
0 0.3449519230769231 0.7776442307692307 0.03365384615384615 0.07451923076923077
0 0.4567307692307692 0.8786057692307693 0.0625 0.07451923076923077
0 0.6177884615384616 0.203125 0.040865384615384616 0.056490384615384616
0 0.71875 0.3713942307692308 0.04567307692307692 0.09615384615384616
0 0.6274038461538461 0.7463942307692307 0.05889423076923077 0.09134615384615384
3 0.5504807692307693 0.9615384615384616 0.06490384615384616 0.07211538461538461
3 0.3233173076923077 0.9074519230769231 0.038461538461538464 0.051682692307692304
3 0.7980769230769231 0.3894230769230769 0.040865384615384616 0.06129807692307692
1 0.8425480769230769 0.4074519230769231 0.03245192307692308 0.15745192307692307