2 0.7259615384615384 0.12379807692307693 0.02403846153846154 0.030048076923076924
1 0.8149038461538461 0.33774038461538464 0.06490384615384616 0.07932692307692307
0 0.3870192307692308 0.0829326923076923 0.06009615384615385 0.08173076923076923
0 0.7668269230769231 0.23197115384615385 0.06850961538461539 0.0889423076923077
0 0.27403846153846156 0.4831730769230769 0.040865384615384616 0.09615384615384616
0 0.3894230769230769 0.9362980769230769 0.09134615384615384 0.12379807692307693
3 0.5721153846153846 0.7740384615384616 0.109375 0.20552884615384615
3 0.5600961538461539 0.15985576923076922 0.08173076923076923 0.08173076923076923
1 0.6598557692307693 0.41947115384615385 0.09495192307692307 0.10336538461538461
1 0.6418269230769231 0.08052884615384616 0.027644230769230768 0.09615384615384616
1 0.09975961538461539 0.4879807692307692 0.027644230769230768 0.12139423076923077