1 0.29447115384615385 0.9206730769230769 0.036057692307692304 0.15264423076923078
1 0.24519230769230768 0.5649038461538461 0.054086538461538464 0.21754807692307693
1 0.5336538461538461 0.5108173076923077 0.06370192307692307 0.11899038461538461
1 0.44350961538461536 0.3737980769230769 0.04567307692307692 0.18509615384615385
3 0.41346153846153844 0.3389423076923077 0.05889423076923077 0.10096153846153846
3 0.9447115384615384 0.7524038461538461 0.10096153846153846 0.1502403846153846
3 0.6382211538461539 0.44350961538461536 0.056490384615384616 0.12139423076923077
3 0.5120192307692307 0.2800480769230769 0.04807692307692308 0.07211538461538461
0 0.9170673076923077 0.14903846153846154 0.1622596153846154 0.21514423076923078
0 0.5396634615384616 0.16346153846153846 0.09615384615384616 0.15264423076923078
0 0.36538461538461536 0.13341346153846154 0.04447115384615385 0.07451923076923077