1 0.9026442307692307 0.546875 0.09615384615384616 0.08653846153846154
0 0.49759615384615385 0.9038461538461539 0.12860576923076922 0.1875
0 0.6586538461538461 0.8713942307692307 0.12259615384615384 0.25240384615384615
0 0.8052884615384616 0.9278846153846154 0.11057692307692307 0.13822115384615385
0 0.9483173076923077 0.9603365384615384 0.09975961538461539 0.07451923076923077
0 0.9663461538461539 0.4567307692307692 0.06370192307692307 0.11899038461538461
0 0.7331730769230769 0.46634615384615385 0.0829326923076923 0.13341346153846154
0 0.8425480769230769 0.26322115384615385 0.07211538461538461 0.1310096153846154
0 0.7067307692307693 0.2764423076923077 0.06129807692307692 0.09375
0 0.5372596153846154 0.2644230769230769 0.08774038461538461 0.1875
0 0.33413461538461536 0.4891826923076923 0.11298076923076923 0.20793269230769232