1 0.4074519230769231 0.6959134615384616 0.078125 0.06971153846153846
1 0.4266826923076923 0.8533653846153846 0.07692307692307693 0.07692307692307693
0 0.35096153846153844 0.05889423076923077 0.042067307692307696 0.06370192307692307
0 0.23557692307692307 0.23677884615384615 0.040865384615384616 0.05889423076923077
0 0.23677884615384615 0.5216346153846154 0.04807692307692308 0.09134615384615384
0 0.2644230769230769 0.40024038461538464 0.04326923076923077 0.07451923076923077
0 0.29927884615384615 0.4807692307692308 0.04567307692307692 0.08173076923076923
0 0.515625 0.6911057692307693 0.06129807692307692 0.10817307692307693
0 0.6538461538461539 0.6033653846153846 0.037259615384615384 0.08653846153846154
0 0.5901442307692307 0.7560096153846154 0.046875 0.0889423076923077
3 0.5805288461538461 0.90625 0.07211538461538461 0.09375
3 0.6430288461538461 0.8966346153846154 0.055288461538461536 0.0985576923076923
3 0.5913461538461539 0.8293269230769231 0.04807692307692308 0.07451923076923077
3 0.6262019230769231 0.7872596153846154 0.052884615384615384 0.08413461538461539