3 0.21634615384615385 0.5456730769230769 0.06370192307692307 0.07932692307692307
0 0.21153846153846154 0.38822115384615385 0.07451923076923077 0.10336538461538461
0 0.140625 0.37740384615384615 0.09014423076923077 0.11899038461538461
0 0.10697115384615384 0.24519230769230768 0.052884615384615384 0.07692307692307693
0 0.38221153846153844 0.24158653846153846 0.04567307692307692 0.0985576923076923
0 0.3485576923076923 0.21514423076923078 0.046875 0.09375
0 0.609375 0.5637019230769231 0.06129807692307692 0.11658653846153846
0 0.8762019230769231 0.4326923076923077 0.06610576923076923 0.10817307692307693
0 0.5120192307692307 0.8942307692307693 0.10096153846153846 0.19230769230769232
1 0.6105769230769231 0.8581730769230769 0.08774038461538461 0.17548076923076922
1 0.33653846153846156 0.5709134615384616 0.07692307692307693 0.11899038461538461
0 0.4182692307692308 0.453125 0.046875 0.11658653846153846