0 0.2439903846153846 0.4567307692307692 0.09014423076923077 0.14302884615384615
0 0.36778846153846156 0.13701923076923078 0.06129807692307692 0.07692307692307693
0 0.4026442307692308 0.3449519230769231 0.06850961538461539 0.10576923076923077
0 0.5168269230769231 0.40024038461538464 0.04447115384615385 0.07932692307692307
0 0.6081730769230769 0.4098557692307692 0.046875 0.0985576923076923
0 0.5264423076923077 0.5264423076923077 0.06129807692307692 0.10336538461538461
0 0.6814903846153846 0.5588942307692307 0.052884615384615384 0.07692307692307693
0 0.7067307692307693 0.6274038461538461 0.05048076923076923 0.07451923076923077
0 0.9182692307692307 0.6802884615384616 0.0625 0.09615384615384616
0 0.8221153846153846 0.8425480769230769 0.07091346153846154 0.13341346153846154
0 0.6454326923076923 0.8954326923076923 0.07451923076923077 0.1502403846153846
0 0.5588942307692307 0.8401442307692307 0.07932692307692307 0.15504807692307693
0 0.46274038461538464 0.7776442307692307 0.08774038461538461 0.1875
0 0.3545673076923077 0.7872596153846154 0.08774038461538461 0.1875
0 0.328125 0.9399038461538461 0.12860576923076922 0.11658653846153846
1 0.7079326923076923 0.6959134615384616 0.038461538461538464 0.0985576923076923
1 0.5877403846153846 0.9471153846153846 0.07692307692307693 0.10096153846153846