3 0.6045673076923077 0.4639423076923077 0.046875 0.06971153846153846
3 0.4338942307692308 0.27283653846153844 0.08774038461538461 0.1310096153846154
3 0.49278846153846156 0.6165865384615384 0.09134615384615384 0.1502403846153846
3 0.5600961538461539 0.7127403846153846 0.07692307692307693 0.140625
3 0.09615384615384616 0.24278846153846154 0.0829326923076923 0.12620192307692307
0 0.5120192307692307 0.3762019230769231 0.07451923076923077 0.1310096153846154
0 0.6346153846153846 0.3473557692307692 0.056490384615384616 0.09134615384615384
1 0.6141826923076923 0.6959134615384616 0.06850961538461539 0.14783653846153846
1 0.32572115384615385 0.359375 0.08774038461538461 0.13581730769230768
0 0.34975961538461536 0.8353365384615384 0.13581730769230768 0.21033653846153846
0 0.5024038461538461 0.9747596153846154 0.07932692307692307 0.04447115384615385
0 0.7908653846153846 0.9615384615384616 0.12259615384615384 0.07211538461538461
1 0.8353365384615384 0.8894230769230769 0.06009615384615385 0.13822115384615385
0 0.9146634615384616 0.18870192307692307 0.16826923076923078 0.19471153846153846