1 0.8930288461538461 0.8125 0.05048076923076923 0.15264423076923078
1 0.84375 0.7487980769230769 0.04807692307692308 0.10576923076923077
2 0.5877403846153846 0.71875 0.03485576923076923 0.039663461538461536
1 0.47596153846153844 0.7487980769230769 0.04567307692307692 0.17067307692307693
1 0.42788461538461536 0.859375 0.09495192307692307 0.11899038461538461
0 0.3605769230769231 0.03365384615384615 0.036057692307692304 0.06129807692307692
3 0.43149038461538464 0.6418269230769231 0.06971153846153846 0.10817307692307693
0 0.6189903846153846 0.1201923076923077 0.030048076923076924 0.051682692307692304
0 0.8413461538461539 0.11778846153846154 0.04567307692307692 0.09615384615384616
0 0.9615384615384616 0.9050480769230769 0.06850961538461539 0.1310096153846154
0 0.6370192307692307 0.5649038461538461 0.06490384615384616 0.13822115384615385
3 0.5432692307692307 0.4735576923076923 0.055288461538461536 0.10336538461538461