0 0.09495192307692307 0.20552884615384615 0.08653846153846154 0.12379807692307693
0 0.4098557692307692 0.8870192307692307 0.08413461538461539 0.13822115384615385
0 0.2283653846153846 0.04326923076923077 0.09615384615384616 0.07692307692307693
0 0.6322115384615384 0.40865384615384615 0.038461538461538464 0.08653846153846154
0 0.5516826923076923 0.13341346153846154 0.040865384615384616 0.06971153846153846
0 0.6586538461538461 0.22115384615384615 0.026442307692307692 0.051682692307692304
0 0.5973557692307693 0.10096153846153846 0.027644230769230768 0.06971153846153846
0 0.6334134615384616 0.109375 0.021634615384615384 0.051682692307692304
3 0.40625 0.23076923076923078 0.07692307692307693 0.10096153846153846
3 0.6466346153846154 0.5829326923076923 0.06610576923076923 0.12860576923076922
1 0.6598557692307693 0.8978365384615384 0.051682692307692304 0.13581730769230768