2 0.8076923076923077 0.17668269230769232 0.026442307692307692 0.037259615384615384
3 0.5324519230769231 0.5721153846153846 0.051682692307692304 0.11658653846153846
3 0.6899038461538461 0.3894230769230769 0.09975961538461539 0.17067307692307693
3 0.7932692307692307 0.41586538461538464 0.09134615384615384 0.13581730769230768
3 0.7536057692307693 0.8004807692307693 0.09735576923076923 0.1875
1 0.18990384615384615 0.1310096153846154 0.07932692307692307 0.24639423076923078
1 0.6598557692307693 0.20192307692307693 0.078125 0.15745192307692307
1 0.4543269230769231 0.8149038461538461 0.13701923076923078 0.25721153846153844
1 0.6358173076923077 0.6826923076923077 0.12379807692307693 0.2932692307692308
0 0.5384615384615384 0.2536057692307692 0.07692307692307693 0.14543269230769232
0 0.11538461538461539 0.7620192307692307 0.08052884615384616 0.12139423076923077