0 0.7211538461538461 0.5733173076923077 0.025240384615384616 0.040865384615384616
0 0.6959134615384616 0.6021634615384616 0.038461538461538464 0.06490384615384616
0 0.6213942307692307 0.5432692307692307 0.03125 0.051682692307692304
0 0.9819711538461539 0.3161057692307692 0.03245192307692308 0.046875
0 0.65625 0.9603365384615384 0.07211538461538461 0.07451923076923077
0 0.5060096153846154 0.6670673076923077 0.028846153846153848 0.056490384615384616
0 0.4579326923076923 0.7079326923076923 0.03125 0.04567307692307692
0 0.46274038461538464 0.5685096153846154 0.02403846153846154 0.05048076923076923
0 0.4411057692307692 0.6117788461538461 0.025240384615384616 0.04447115384615385
0 0.4098557692307692 0.6382211538461539 0.026442307692307692 0.042067307692307696
0 0.4375 0.9627403846153846 0.04927884615384615 0.07211538461538461
0 0.4230769230769231 0.8521634615384616 0.036057692307692304 0.055288461538461536