0 0.3125 0.40865384615384615 0.07211538461538461 0.12139423076923077
0 0.5192307692307693 0.4074519230769231 0.0829326923076923 0.14783653846153846
0 0.5192307692307693 0.6634615384615384 0.08173076923076923 0.14543269230769232
0 0.6838942307692307 0.671875 0.09495192307692307 0.14783653846153846
0 0.31490384615384615 0.8149038461538461 0.0829326923076923 0.15264423076923078
0 0.7115384615384616 0.921875 0.109375 0.1502403846153846
0 0.44471153846153844 0.042067307692307696 0.08413461538461539 0.07932692307692307
0 0.6838942307692307 0.40865384615384615 0.07692307692307693 0.13581730769230768
0 0.6899038461538461 0.31850961538461536 0.07211538461538461 0.07451923076923077
0 0.7127403846153846 0.18629807692307693 0.0625 0.11658653846153846
0 0.7608173076923077 0.10096153846153846 0.078125 0.11899038461538461
3 0.8317307692307693 0.5805288461538461 0.15865384615384615 0.20793269230769232
3 0.8449519230769231 0.2283653846153846 0.11658653846153846 0.16105769230769232
3 0.5973557692307693 0.35697115384615385 0.08052884615384616 0.21995192307692307
3 0.21995192307692307 0.65625 0.09254807692307693 0.1778846153846154
3 0.3401442307692308 0.59375 0.0889423076923077 0.15504807692307693
3 0.4170673076923077 0.875 0.0733173076923077 0.17067307692307693
3 0.5036057692307693 0.8677884615384616 0.10817307692307693 0.21033653846153846
3 0.8497596153846154 0.9002403846153846 0.140625 0.19471153846153846
1 0.3954326923076923 0.6466346153846154 0.04567307692307692 0.22235576923076922
1 0.07211538461538461 0.8461538461538461 0.07451923076923077 0.17067307692307693
3 0.23076923076923078 0.8713942307692307 0.06490384615384616 0.15264423076923078
3 0.6045673076923077 0.9350961538461539 0.10576923076923077 0.12139423076923077
2 0.17307692307692307 0.7307692307692307 0.06009615384615385 0.11899038461538461
2 0.5204326923076923 0.09495192307692307 0.03485576923076923 0.051682692307692304
2 0.25240384615384615 0.3016826923076923 0.06490384615384616 0.06971153846153846