0 0.12740384615384615 0.140625 0.14903846153846154 0.20192307692307693
0 0.7692307692307693 0.44711538461538464 0.15985576923076922 0.33052884615384615
0 0.140625 0.39903846153846156 0.13341346153846154 0.17548076923076922
0 0.03365384615384615 0.3088942307692308 0.055288461538461536 0.0889423076923077
0 0.3112980769230769 0.578125 0.1875 0.22235576923076922
0 0.3233173076923077 0.9086538461538461 0.09254807692307693 0.14302884615384615
0 0.5552884615384616 0.8016826923076923 0.20793269230769232 0.17548076923076922
3 0.5625 0.5925480769230769 0.30528846153846156 0.4495192307692308
3 0.11899038461538461 0.6778846153846154 0.07451923076923077 0.13581730769230768
3 0.24278846153846154 0.765625 0.052884615384615384 0.11298076923076923
1 0.14903846153846154 0.9242788461538461 0.054086538461538464 0.14543269230769232
0 0.057692307692307696 0.9459134615384616 0.08413461538461539 0.10336538461538461
0 0.7175480769230769 0.9435096153846154 0.09134615384615384 0.10817307692307693