3 0.2439903846153846 0.5252403846153846 0.08413461538461539 0.09615384615384616
3 0.9435096153846154 0.7103365384615384 0.09735576923076923 0.1502403846153846
1 0.5697115384615384 0.6490384615384616 0.06490384615384616 0.1971153846153846
3 0.35096153846153844 0.38461538461538464 0.055288461538461536 0.05889423076923077
3 0.13701923076923078 0.6394230769230769 0.07091346153846154 0.08413461538461539
3 0.46634615384615385 0.8317307692307693 0.1141826923076923 0.14302884615384615
3 0.3401442307692308 0.8725961538461539 0.109375 0.17067307692307693
0 0.5024038461538461 0.9326923076923077 0.11538461538461539 0.1310096153846154
3 0.3786057692307692 0.6971153846153846 0.08774038461538461 0.140625
3 0.27524038461538464 0.40024038461538464 0.0625 0.08413461538461539
0 0.4675480769230769 0.19831730769230768 0.04567307692307692 0.10576923076923077
0 0.6358173076923077 0.07451923076923077 0.06009615384615385 0.06971153846153846
0 0.5817307692307693 0.13822115384615385 0.051682692307692304 0.06370192307692307
0 0.24639423076923078 0.13341346153846154 0.05889423076923077 0.0889423076923077
0 0.6225961538461539 0.328125 0.06971153846153846 0.09375
0 0.5252403846153846 0.31009615384615385 0.0733173076923077 0.11057692307692307
0 0.9314903846153846 0.8810096153846154 0.11658653846153846 0.1971153846153846
0 0.8197115384615384 0.65625 0.10576923076923077 0.15264423076923078
0 0.6153846153846154 0.44711538461538464 0.07451923076923077 0.11899038461538461
0 0.4338942307692308 0.49759615384615385 0.0733173076923077 0.10096153846153846
0 0.07932692307692307 0.5432692307692307 0.11899038461538461 0.14783653846153846
0 0.1778846153846154 0.2860576923076923 0.06850961538461539 0.06971153846153846
0 0.0829326923076923 0.38221153846153844 0.08653846153846154 0.11298076923076923