0 0.078125 0.3317307692307692 0.1310096153846154 0.19471153846153846
0 0.34615384615384615 0.6081730769230769 0.1310096153846154 0.21033653846153846
0 0.5685096153846154 0.44350961538461536 0.09014423076923077 0.15504807692307693
0 0.703125 0.41346153846153844 0.1045673076923077 0.18990384615384615
0 0.8425480769230769 0.34375 0.0889423076923077 0.15264423076923078
0 0.9603365384615384 0.41947115384615385 0.07692307692307693 0.16346153846153846
0 0.9110576923076923 0.8786057692307693 0.11899038461538461 0.19230769230769232
0 0.056490384615384616 0.8786057692307693 0.11057692307692307 0.23677884615384615
3 0.703125 0.5973557692307693 0.08774038461538461 0.13822115384615385
3 0.8112980769230769 0.5661057692307693 0.09735576923076923 0.18028846153846154
3 0.9110576923076923 0.5540865384615384 0.12259615384615384 0.16105769230769232
1 0.5072115384615384 0.6911057692307693 0.1658653846153846 0.18269230769230768
1 0.7427884615384616 0.7223557692307693 0.1875 0.13581730769230768
1 0.7331730769230769 0.28846153846153844 0.12139423076923077 0.28125
3 0.8774038461538461 0.140625 0.11658653846153846 0.13822115384615385