0 0.41586538461538464 0.484375 0.06370192307692307 0.12860576923076922
0 0.3137019230769231 0.06009615384615385 0.042067307692307696 0.07692307692307693
0 0.20072115384615385 0.2824519230769231 0.0625 0.10096153846153846
0 0.2848557692307692 0.3701923076923077 0.0829326923076923 0.10817307692307693
0 0.40024038461538464 0.31850961538461536 0.056490384615384616 0.0889423076923077
0 0.11057692307692307 0.3918269230769231 0.109375 0.1310096153846154
0 0.11899038461538461 0.5396634615384616 0.10697115384615384 0.17067307692307693
0 0.2608173076923077 0.5564903846153846 0.0829326923076923 0.1310096153846154
0 0.5300480769230769 0.4050480769230769 0.05889423076923077 0.0985576923076923
0 0.546875 0.16947115384615385 0.04567307692307692 0.09134615384615384
0 0.59375 0.18028846153846154 0.04326923076923077 0.08413461538461539
0 0.7199519230769231 0.29927884615384615 0.0625 0.08413461538461539
0 0.47115384615384615 0.5192307692307693 0.05048076923076923 0.11658653846153846
0 0.3629807692307692 0.7896634615384616 0.109375 0.17307692307692307
0 0.24158653846153846 0.9182692307692307 0.1310096153846154 0.15745192307692307
0 0.6069711538461539 0.4963942307692308 0.06610576923076923 0.10336538461538461
0 0.6814903846153846 0.46153846153846156 0.06971153846153846 0.10817307692307693
0 0.7307692307692307 0.4182692307692308 0.06129807692307692 0.10576923076923077
0 0.8185096153846154 0.4855769230769231 0.06370192307692307 0.09134615384615384
0 0.6911057692307693 0.5721153846153846 0.06850961538461539 0.12620192307692307
0 0.7716346153846154 0.7091346153846154 0.08653846153846154 0.13822115384615385
0 0.7788461538461539 0.5492788461538461 0.0985576923076923 0.18509615384615385
0 0.890625 0.9435096153846154 0.09975961538461539 0.10817307692307693
3 0.27163461538461536 0.7319711538461539 0.109375 0.1502403846153846
3 0.8605769230769231 0.6490384615384616 0.1045673076923077 0.18269230769230768
1 0.6105769230769231 0.65625 0.11298076923076923 0.28125