3 0.7668269230769231 0.9146634615384616 0.038461538461538464 0.051682692307692304
3 0.7019230769230769 0.8701923076923077 0.046875 0.09615384615384616
0 0.24158653846153846 0.3173076923076923 0.038461538461538464 0.07692307692307693
0 0.4230769230769231 0.07572115384615384 0.03485576923076923 0.06610576923076923
0 0.4110576923076923 0.14423076923076922 0.021634615384615384 0.051682692307692304
0 0.46634615384615385 0.18870192307692307 0.03245192307692308 0.051682692307692304
0 0.5829326923076923 0.11899038461538461 0.037259615384615384 0.054086538461538464
0 0.7704326923076923 0.25600961538461536 0.027644230769230768 0.056490384615384616
0 0.5829326923076923 0.5024038461538461 0.03245192307692308 0.07211538461538461
0 0.8798076923076923 0.3317307692307692 0.04567307692307692 0.07211538461538461
0 0.5865384615384616 0.9002403846153846 0.040865384615384616 0.08653846153846154
0 0.35096153846153844 0.6538461538461539 0.036057692307692304 0.05889423076923077