0 0.07211538461538461 0.4639423076923077 0.1346153846153846 0.1778846153846154
0 0.09735576923076923 0.7584134615384616 0.14903846153846154 0.15745192307692307
0 0.25841346153846156 0.7259615384615384 0.10336538461538461 0.14302884615384615
0 0.5733173076923077 0.4411057692307692 0.09495192307692307 0.13581730769230768
0 0.8100961538461539 0.37740384615384615 0.10576923076923077 0.16826923076923078
0 0.8774038461538461 0.09735576923076923 0.11658653846153846 0.17548076923076922
3 0.38100961538461536 0.8894230769230769 0.09495192307692307 0.1875
3 0.6105769230769231 0.703125 0.08052884615384616 0.10817307692307693
3 0.8233173076923077 0.578125 0.07932692307692307 0.13341346153846154
3 0.7788461538461539 0.7283653846153846 0.12860576923076922 0.1875
3 0.5973557692307693 0.23677884615384615 0.06490384615384616 0.12860576923076922
3 0.6634615384615384 0.38341346153846156 0.07211538461538461 0.16105769230769232
3 0.5072115384615384 0.3870192307692308 0.125 0.13581730769230768
3 0.7211538461538461 0.4987980769230769 0.10697115384615384 0.2127403846153846
3 0.8185096153846154 0.234375 0.07451923076923077 0.10336538461538461
1 0.9110576923076923 0.2800480769230769 0.08653846153846154 0.18990384615384615