0 0.28725961538461536 0.0673076923076923 0.056490384615384616 0.09615384615384616
0 0.3317307692307692 0.24158653846153846 0.056490384615384616 0.10817307692307693
0 0.40865384615384615 0.18870192307692307 0.04447115384615385 0.08653846153846154
0 0.46033653846153844 0.24278846153846154 0.04567307692307692 0.07692307692307693
0 0.515625 0.20673076923076922 0.042067307692307696 0.08653846153846154
0 0.6033653846153846 0.18028846153846154 0.042067307692307696 0.06370192307692307
0 0.5949519230769231 0.30288461538461536 0.046875 0.08173076923076923
0 0.4230769230769231 0.04326923076923077 0.04447115384615385 0.07692307692307693
0 0.34615384615384615 0.8401442307692307 0.09014423076923077 0.12139423076923077
0 0.46033653846153844 0.8052884615384616 0.06490384615384616 0.10817307692307693
0 0.5733173076923077 0.8305288461538461 0.055288461538461536 0.09134615384615384
0 0.6346153846153846 0.9543269230769231 0.0829326923076923 0.08653846153846154
0 0.9471153846153846 0.359375 0.042067307692307696 0.07692307692307693