0 0.4098557692307692 0.48197115384615385 0.06490384615384616 0.11899038461538461
0 0.1658653846153846 0.5673076923076923 0.055288461538461536 0.12860576923076922
0 0.49038461538461536 0.06009615384615385 0.06370192307692307 0.09615384615384616
0 0.7307692307692307 0.5216346153846154 0.08653846153846154 0.16105769230769232
0 0.48677884615384615 0.8954326923076923 0.08774038461538461 0.17548076923076922
0 0.7860576923076923 0.3269230769230769 0.055288461538461536 0.10096153846153846
0 0.06009615384615385 0.21634615384615385 0.046875 0.07692307692307693
0 0.11538461538461539 0.26322115384615385 0.036057692307692304 0.07692307692307693
0 0.17067307692307693 0.39663461538461536 0.03245192307692308 0.07211538461538461
3 0.09134615384615384 0.6766826923076923 0.0733173076923077 0.11899038461538461
3 0.3269230769230769 0.3233173076923077 0.04326923076923077 0.0889423076923077