3 0.31850961538461536 0.5721153846153846 0.03365384615384615 0.042067307692307696
3 0.3737980769230769 0.6899038461538461 0.027644230769230768 0.051682692307692304
0 0.5348557692307693 0.23197115384615385 0.03245192307692308 0.06370192307692307
0 0.47596153846153844 0.19591346153846154 0.030048076923076924 0.056490384615384616
0 0.7019230769230769 0.7536057692307693 0.040865384615384616 0.08413461538461539
0 0.7415865384615384 0.7319711538461539 0.03365384615384615 0.07692307692307693
0 0.2620192307692308 0.49759615384615385 0.027644230769230768 0.037259615384615384
0 0.3918269230769231 0.46634615384615385 0.025240384615384616 0.05889423076923077
0 0.34134615384615385 0.41346153846153844 0.03365384615384615 0.051682692307692304
0 0.18990384615384615 0.8028846153846154 0.03365384615384615 0.04447115384615385
0 0.39663461538461536 0.9134615384615384 0.037259615384615384 0.07451923076923077
0 0.42427884615384615 0.7415865384615384 0.040865384615384616 0.08173076923076923
0 0.25600961538461536 0.71875 0.038461538461538464 0.06971153846153846
0 0.052884615384615384 0.7223557692307693 0.055288461538461536 0.06610576923076923
3 0.056490384615384616 0.9206730769230769 0.07692307692307693 0.0889423076923077