1 0.6310096153846154 0.5552884615384616 0.09975961538461539 0.17307692307692307
1 0.49278846153846156 0.71875 0.1045673076923077 0.10817307692307693
0 0.4963942307692308 0.9723557692307693 0.06610576923076923 0.04927884615384615
0 0.4170673076923077 0.8930288461538461 0.06850961538461539 0.10096153846153846
0 0.5180288461538461 0.8245192307692307 0.09134615384615384 0.15264423076923078
0 0.7776442307692307 0.9290865384615384 0.09975961538461539 0.13581730769230768
0 0.6610576923076923 0.859375 0.10576923076923077 0.16346153846153846
0 0.7824519230769231 0.7403846153846154 0.09735576923076923 0.11899038461538461
0 0.8413461538461539 0.6213942307692307 0.09014423076923077 0.12620192307692307
0 0.734375 0.5817307692307693 0.08413461538461539 0.10576923076923077
0 0.7247596153846154 0.359375 0.06850961538461539 0.10096153846153846
0 0.8064903846153846 0.3269230769230769 0.06009615384615385 0.09615384615384616
0 0.9278846153846154 0.20072115384615385 0.0733173076923077 0.140625
0 0.8689903846153846 0.12860576923076922 0.06129807692307692 0.10817307692307693
0 0.7596153846153846 0.13341346153846154 0.05889423076923077 0.0985576923076923
0 0.5745192307692307 0.10576923076923077 0.051682692307692304 0.08413461538461539
0 0.5961538461538461 0.296875 0.07091346153846154 0.11298076923076923
0 0.40024038461538464 0.4855769230769231 0.06490384615384616 0.10096153846153846
0 0.06370192307692307 0.5180288461538461 0.08173076923076923 0.11298076923076923
0 0.21995192307692307 0.5252403846153846 0.09134615384615384 0.12139423076923077