3 0.9543269230769231 0.8942307692307693 0.0889423076923077 0.20793269230769232
1 0.5324519230769231 0.5180288461538461 0.2091346153846154 0.1875
0 0.40384615384615385 0.8966346153846154 0.10576923076923077 0.15264423076923078
0 0.36899038461538464 0.6358173076923077 0.07932692307692307 0.15504807692307693
0 0.4807692307692308 0.234375 0.07211538461538461 0.11899038461538461
0 0.5564903846153846 0.3473557692307692 0.1045673076923077 0.1502403846153846
0 0.7007211538461539 0.3641826923076923 0.12379807692307693 0.18990384615384615
0 0.90625 0.3473557692307692 0.11298076923076923 0.18990384615384615
0 0.9435096153846154 0.09975961538461539 0.11057692307692307 0.14543269230769232
0 0.7932692307692307 0.18629807692307693 0.11298076923076923 0.18028846153846154
0 0.6574519230769231 0.17307692307692307 0.09134615384615384 0.13341346153846154
0 0.5144230769230769 0.09615384615384616 0.06610576923076923 0.11298076923076923