0 0.41225961538461536 0.6935096153846154 0.0625 0.10336538461538461
0 0.5300480769230769 0.8112980769230769 0.07932692307692307 0.13581730769230768
0 0.49278846153846156 0.5721153846153846 0.055288461538461536 0.08653846153846154
0 0.59375 0.65625 0.06009615384615385 0.13341346153846154
0 0.7415865384615384 0.6670673076923077 0.06610576923076923 0.14302884615384615
0 0.6814903846153846 0.49399038461538464 0.0625 0.10817307692307693
0 0.6045673076923077 0.3449519230769231 0.07091346153846154 0.140625
0 0.796875 0.41947115384615385 0.06971153846153846 0.12860576923076922
0 0.8786057692307693 0.8545673076923077 0.11057692307692307 0.1971153846153846
0 0.9747596153846154 0.734375 0.04807692307692308 0.14543269230769232
0 0.5240384615384616 0.07692307692307693 0.04807692307692308 0.07451923076923077
0 0.6262019230769231 0.12980769230769232 0.046875 0.06129807692307692
0 0.7572115384615384 0.203125 0.054086538461538464 0.09134615384615384
0 0.9326923076923077 0.18870192307692307 0.06850961538461539 0.12620192307692307
0 0.8040865384615384 0.12620192307692307 0.05889423076923077 0.0889423076923077
3 0.9543269230769231 0.39903846153846156 0.046875 0.07211538461538461
3 0.6730769230769231 0.7884615384615384 0.11057692307692307 0.1658653846153846