0 0.8557692307692307 0.11658653846153846 0.0985576923076923 0.13822115384615385
0 0.39302884615384615 0.4387019230769231 0.05048076923076923 0.09134615384615384
0 0.43028846153846156 0.6442307692307693 0.07091346153846154 0.09375
0 0.4579326923076923 0.5120192307692307 0.05048076923076923 0.09134615384615384
0 0.5168269230769231 0.5240384615384616 0.05889423076923077 0.07932692307692307
0 0.5288461538461539 0.29447115384615385 0.046875 0.09134615384615384
0 0.5552884615384616 0.38822115384615385 0.06610576923076923 0.0985576923076923
0 0.5997596153846154 0.5444711538461539 0.07211538461538461 0.09134615384615384
0 0.6947115384615384 0.40384615384615385 0.09495192307692307 0.140625
0 0.6586538461538461 0.16706730769230768 0.05889423076923077 0.12620192307692307
0 0.8641826923076923 0.24278846153846154 0.0889423076923077 0.1310096153846154
0 0.5841346153846154 0.6550480769230769 0.07451923076923077 0.12139423076923077
0 0.45913461538461536 0.9447115384615384 0.08052884615384616 0.10576923076923077
0 0.5697115384615384 0.8665865384615384 0.07211538461538461 0.15745192307692307
0 0.6598557692307693 0.8762019230769231 0.09495192307692307 0.16826923076923078
0 0.7620192307692307 0.9555288461538461 0.0889423076923077 0.08413461538461539
0 0.8774038461538461 0.6646634615384616 0.11658653846153846 0.20192307692307693
0 0.9579326923076923 0.5564903846153846 0.08173076923076923 0.19471153846153846
0 0.9579326923076923 0.828125 0.08052884615384616 0.21514423076923078
1 0.5012019230769231 0.6947115384615384 0.09134615384615384 0.09134615384615384
1 0.6995192307692307 0.6971153846153846 0.06129807692307692 0.12620192307692307