2 0.6189903846153846 0.171875 0.078125 0.11057692307692307
1 0.23076923076923078 0.2692307692307692 0.08413461538461539 0.13341346153846154
0 0.016826923076923076 0.3942307692307692 0.028846153846153848 0.14543269230769232
0 0.10096153846153846 0.34615384615384615 0.07091346153846154 0.12379807692307693
0 0.32091346153846156 0.6213942307692307 0.10576923076923077 0.1658653846153846
0 0.16466346153846154 0.17548076923076922 0.08413461538461539 0.12379807692307693
0 0.20793269230769232 0.051682692307692304 0.07932692307692307 0.0985576923076923
0 0.038461538461538464 0.16947115384615385 0.052884615384615384 0.10096153846153846
3 0.11057692307692307 0.06971153846153846 0.09615384615384616 0.13341346153846154
1 0.2692307692307692 0.8617788461538461 0.10817307692307693 0.20192307692307693
1 0.6754807692307693 0.7427884615384616 0.07211538461538461 0.3161057692307692
2 0.5600961538461539 0.7764423076923077 0.09014423076923077 0.15504807692307693
1 0.8497596153846154 0.42908653846153844 0.06850961538461539 0.23197115384615385