3 0.953125 0.6370192307692307 0.09134615384615384 0.13822115384615385
1 0.6189903846153846 0.609375 0.13701923076923078 0.1875
3 0.9399038461538461 0.3016826923076923 0.1141826923076923 0.17307692307692307
3 0.8762019230769231 0.1971153846153846 0.09495192307692307 0.12860576923076922
3 0.7487980769230769 0.7536057692307693 0.0985576923076923 0.14783653846153846
3 0.6105769230769231 0.9038461538461539 0.12860576923076922 0.1875
3 0.46274038461538464 0.4375 0.09975961538461539 0.20793269230769232
3 0.7079326923076923 0.3233173076923077 0.09495192307692307 0.12379807692307693
3 0.6706730769230769 0.20072115384615385 0.10576923076923077 0.16105769230769232
0 0.9591346153846154 0.4483173076923077 0.07932692307692307 0.2247596153846154
0 0.44350961538461536 0.8197115384615384 0.09014423076923077 0.1778846153846154
0 0.3449519230769231 0.39903846153846156 0.06490384615384616 0.140625
0 0.2692307692307692 0.5420673076923077 0.09615384615384616 0.13581730769230768
0 0.23197115384615385 0.359375 0.0829326923076923 0.1310096153846154
0 0.1310096153846154 0.3389423076923077 0.078125 0.11057692307692307
0 0.5456730769230769 0.38100961538461536 0.056490384615384616 0.10576923076923077
0 0.3786057692307692 0.18870192307692307 0.09134615384615384 0.18028846153846154
0 0.2668269230769231 0.19591346153846154 0.09014423076923077 0.1502403846153846
0 0.10336538461538461 0.17427884615384615 0.09975961538461539 0.1310096153846154