3 0.17307692307692307 0.30288461538461536 0.07091346153846154 0.11057692307692307
3 0.13822115384615385 0.2704326923076923 0.0733173076923077 0.09615384615384616
3 0.040865384615384616 0.1201923076923077 0.07211538461538461 0.11658653846153846
3 0.9254807692307693 0.5192307692307693 0.03365384615384615 0.051682692307692304
3 0.7824519230769231 0.765625 0.06129807692307692 0.0889423076923077
3 0.5673076923076923 0.4963942307692308 0.06850961538461539 0.05889423076923077
3 0.5925480769230769 0.5973557692307693 0.038461538461538464 0.054086538461538464
3 0.49158653846153844 0.6466346153846154 0.052884615384615384 0.0889423076923077
0 0.41346153846153844 0.9471153846153846 0.07692307692307693 0.10096153846153846
0 0.5408653846153846 0.5829326923076923 0.055288461538461536 0.07932692307692307
0 0.8305288461538461 0.3737980769230769 0.05048076923076923 0.07211538461538461
0 0.5913461538461539 0.2860576923076923 0.04326923076923077 0.07932692307692307
0 0.1141826923076923 0.046875 0.06610576923076923 0.06370192307692307