0 0.3449519230769231 0.39783653846153844 0.07091346153846154 0.12379807692307693
0 0.4050480769230769 0.6838942307692307 0.0625 0.11899038461538461
0 0.6189903846153846 0.6706730769230769 0.06490384615384616 0.11658653846153846
0 0.9759615384615384 0.39663461538461536 0.04567307692307692 0.09615384615384616
3 0.5901442307692307 0.25721153846153844 0.04807692307692308 0.06971153846153846
3 0.7824519230769231 0.9579326923076923 0.0625 0.07932692307692307
3 0.859375 0.9495192307692307 0.046875 0.09615384615384616
1 0.09134615384615384 0.3112980769230769 0.12620192307692307 0.07451923076923077
1 0.7127403846153846 0.640625 0.04807692307692308 0.140625
1 0.5745192307692307 0.48197115384615385 0.037259615384615384 0.14783653846153846
3 0.7872596153846154 0.19471153846153846 0.04567307692307692 0.06370192307692307