3 0.6057692307692307 0.7728365384615384 0.04567307692307692 0.05889423076923077
3 0.44350961538461536 0.7608173076923077 0.042067307692307696 0.04927884615384615
3 0.15985576923076922 0.34975961538461536 0.04326923076923077 0.06129807692307692
3 0.12620192307692307 0.26802884615384615 0.040865384615384616 0.051682692307692304
0 0.5925480769230769 0.5192307692307693 0.02403846153846154 0.056490384615384616
0 0.5925480769230769 0.39663461538461536 0.036057692307692304 0.051682692307692304
0 0.4987980769230769 0.4170673076923077 0.028846153846153848 0.039663461538461536
0 0.4699519230769231 0.4579326923076923 0.03365384615384615 0.046875
0 0.4098557692307692 0.4326923076923077 0.030048076923076924 0.06370192307692307
0 0.8076923076923077 0.8653846153846154 0.08173076923076923 0.13581730769230768
0 0.6274038461538461 0.8954326923076923 0.04807692307692308 0.07211538461538461
0 0.3858173076923077 0.9423076923076923 0.052884615384615384 0.08653846153846154
0 0.41225961538461536 0.8389423076923077 0.040865384615384616 0.054086538461538464
0 0.3401442307692308 0.671875 0.04567307692307692 0.07932692307692307
0 0.24519230769230768 0.4675480769230769 0.04567307692307692 0.056490384615384616