0 0.1971153846153846 0.5588942307692307 0.06370192307692307 0.12139423076923077
0 0.5084134615384616 0.5925480769230769 0.07211538461538461 0.11899038461538461
0 0.6033653846153846 0.3713942307692308 0.055288461538461536 0.09134615384615384
0 0.4963942307692308 0.2668269230769231 0.06370192307692307 0.0889423076923077
0 0.5745192307692307 0.16947115384615385 0.06009615384615385 0.12139423076923077
0 0.9110576923076923 0.38461538461538464 0.05048076923076923 0.08413461538461539
0 0.9699519230769231 0.6959134615384616 0.05889423076923077 0.11899038461538461
3 0.11177884615384616 0.65625 0.06490384615384616 0.10817307692307693
3 0.31490384615384615 0.9182692307692307 0.055288461538461536 0.08413461538461539
3 0.7247596153846154 0.6694711538461539 0.0733173076923077 0.0985576923076923
3 0.8377403846153846 0.6045673076923077 0.0625 0.06370192307692307
3 0.41225961538461536 0.14182692307692307 0.046875 0.07211538461538461