2 0.10096153846153846 0.84375 0.02403846153846154 0.03245192307692308
2 0.1466346153846154 0.9591346153846154 0.030048076923076924 0.07211538461538461
1 0.6514423076923077 0.6454326923076923 0.06370192307692307 0.09615384615384616
1 0.5829326923076923 0.6418269230769231 0.06610576923076923 0.14783653846153846
1 0.9591346153846154 0.36658653846153844 0.07932692307692307 0.08653846153846154
1 0.9399038461538461 0.6754807692307693 0.11778846153846154 0.19951923076923078
1 0.3473557692307692 0.109375 0.07091346153846154 0.10576923076923077
3 0.5240384615384616 0.390625 0.038461538461538464 0.05889423076923077
0 0.32091346153846156 0.6526442307692307 0.055288461538461536 0.07211538461538461
3 0.2764423076923077 0.7235576923076923 0.04447115384615385 0.054086538461538464
3 0.7175480769230769 0.47115384615384615 0.046875 0.06370192307692307
3 0.6947115384615384 0.8810096153846154 0.08413461538461539 0.07932692307692307
3 0.5564903846153846 0.6634615384615384 0.06490384615384616 0.10576923076923077
3 0.46153846153846156 0.5456730769230769 0.06490384615384616 0.06971153846153846
3 0.2644230769230769 0.8197115384615384 0.06370192307692307 0.11899038461538461
3 0.051682692307692304 0.5625 0.0625 0.10336538461538461
0 0.7884615384615384 0.41947115384615385 0.03365384615384615 0.0889423076923077
0 0.19831730769230768 0.8581730769230769 0.06971153846153846 0.14543269230769232
0 0.6742788461538461 0.7692307692307693 0.07932692307692307 0.1310096153846154
0 0.8197115384615384 0.07211538461538461 0.04567307692307692 0.05889423076923077
0 0.7704326923076923 0.15504807692307693 0.027644230769230768 0.054086538461538464
0 0.8930288461538461 0.24278846153846154 0.052884615384615384 0.07211538461538461
0 0.7487980769230769 0.28125 0.027644230769230768 0.07451923076923077
0 0.4483173076923077 0.0625 0.04326923076923077 0.07211538461538461
0 0.1346153846153846 0.22355769230769232 0.028846153846153848 0.046875