1 0.4675480769230769 0.7283653846153846 0.11899038461538461 0.12860576923076922
1 0.2980769230769231 0.2644230769230769 0.046875 0.14783653846153846
3 0.9555288461538461 0.7079326923076923 0.08653846153846154 0.21033653846153846
3 0.421875 0.9206730769230769 0.10576923076923077 0.15264423076923078
3 0.6586538461538461 0.8137019230769231 0.06610576923076923 0.12620192307692307
3 0.4483173076923077 0.19110576923076922 0.06971153846153846 0.14543269230769232
3 0.359375 0.6670673076923077 0.06370192307692307 0.10817307692307693
0 0.5685096153846154 0.5793269230769231 0.0829326923076923 0.13581730769230768
0 0.5793269230769231 0.4014423076923077 0.09254807692307693 0.140625
0 0.5745192307692307 0.21754807692307693 0.11057692307692307 0.1778846153846154
0 0.4375 0.5961538461538461 0.07451923076923077 0.14543269230769232
0 0.4387019230769231 0.3762019230769231 0.08173076923076923 0.14543269230769232
0 0.4543269230769231 0.03365384615384615 0.07692307692307693 0.06129807692307692
0 0.2283653846153846 0.5024038461538461 0.08653846153846154 0.11658653846153846
0 0.02403846153846154 0.5949519230769231 0.04567307692307692 0.0985576923076923