1 0.25600961538461536 0.3918269230769231 0.051682692307692304 0.10576923076923077
3 0.35096153846153844 0.3485576923076923 0.07932692307692307 0.10817307692307693
3 0.2932692307692308 0.8497596153846154 0.171875 0.24158653846153846
3 0.7259615384615384 0.8918269230769231 0.09735576923076923 0.2127403846153846
0 0.12259615384615384 0.8834134615384616 0.19951923076923078 0.22716346153846154
0 0.09014423076923077 0.6538461538461539 0.1310096153846154 0.15745192307692307
0 0.33653846153846156 0.6442307692307693 0.11538461538461539 0.16826923076923078
0 0.5733173076923077 0.484375 0.06370192307692307 0.10336538461538461
0 0.48677884615384615 0.49038461538461536 0.07932692307692307 0.12139423076923077
0 0.3786057692307692 0.48197115384615385 0.08173076923076923 0.14302884615384615
0 0.13942307692307693 0.3762019230769231 0.078125 0.09615384615384616
0 0.030048076923076924 0.4074519230769231 0.054086538461538464 0.14302884615384615