3 0.5384615384615384 0.5576923076923077 0.08774038461538461 0.13341346153846154
0 0.8581730769230769 0.5072115384615384 0.1045673076923077 0.15504807692307693
0 0.7692307692307693 0.5144230769230769 0.08173076923076923 0.15504807692307693
0 0.8088942307692307 0.36538461538461536 0.06610576923076923 0.12379807692307693
0 0.7331730769230769 0.33533653846153844 0.06610576923076923 0.0985576923076923
0 0.6550480769230769 0.38461538461538464 0.07692307692307693 0.11899038461538461
0 0.6045673076923077 0.47475961538461536 0.0889423076923077 0.16105769230769232
0 0.609375 0.7475961538461539 0.07091346153846154 0.14783653846153846
0 0.5384615384615384 0.8497596153846154 0.09615384615384616 0.14302884615384615
0 0.18389423076923078 0.8341346153846154 0.09134615384615384 0.13341346153846154
0 0.3870192307692308 0.9375 0.0889423076923077 0.12139423076923077
0 0.39302884615384615 0.7704326923076923 0.0889423076923077 0.13341346153846154
0 0.4795673076923077 0.6358173076923077 0.08774038461538461 0.12139423076923077
0 0.49038461538461536 0.4266826923076923 0.07451923076923077 0.12379807692307693
0 0.6538461538461539 0.25721153846153844 0.055288461538461536 0.11298076923076923
0 0.5348557692307693 0.3004807692307692 0.07091346153846154 0.10096153846153846
0 0.4375 0.2548076923076923 0.06370192307692307 0.11298076923076923
0 0.9074519230769231 0.1935096153846154 0.04567307692307692 0.10096153846153846
0 0.7211538461538461 0.1310096153846154 0.04567307692307692 0.07451923076923077
0 0.6105769230769231 0.0673076923076923 0.054086538461538464 0.10096153846153846
0 0.45913461538461536 0.10096153846153846 0.051682692307692304 0.10336538461538461
0 0.3629807692307692 0.1502403846153846 0.06971153846153846 0.10336538461538461