1 0.875 0.17067307692307693 0.13341346153846154 0.14302884615384615
3 0.6983173076923077 0.5072115384615384 0.10576923076923077 0.17067307692307693
3 0.7355769230769231 0.21875 0.09975961538461539 0.18028846153846154
3 0.6237980769230769 0.24759615384615385 0.0829326923076923 0.17067307692307693
3 0.5216346153846154 0.18629807692307693 0.1045673076923077 0.18509615384615385
0 0.27283653846153844 0.9567307692307693 0.11778846153846154 0.08173076923076923
0 0.3161057692307692 0.7680288461538461 0.12740384615384615 0.19230769230769232
0 0.47475961538461536 0.6995192307692307 0.09254807692307693 0.16105769230769232
0 0.8137019230769231 0.7680288461538461 0.08653846153846154 0.15264423076923078
0 0.7235576923076923 0.8317307692307693 0.078125 0.14302884615384615
0 0.7451923076923077 0.6334134615384616 0.07692307692307693 0.1310096153846154
0 0.5685096153846154 0.5492788461538461 0.09134615384615384 0.19471153846153846
0 0.47596153846153844 0.46153846153846156 0.0829326923076923 0.15745192307692307
0 0.3786057692307692 0.5564903846153846 0.1045673076923077 0.17548076923076922
0 0.23076923076923078 0.5793269230769231 0.10576923076923077 0.17548076923076922
0 0.7896634615384616 0.3713942307692308 0.10096153846153846 0.11658653846153846
0 0.25240384615384615 0.13822115384615385 0.09495192307692307 0.10817307692307693
0 0.03365384615384615 0.2548076923076923 0.06370192307692307 0.15745192307692307