0 0.7572115384615384 0.40024038461538464 0.08774038461538461 0.13341346153846154
0 0.9158653846153846 0.24278846153846154 0.10817307692307693 0.1658653846153846
0 0.8762019230769231 0.6370192307692307 0.10096153846153846 0.16346153846153846
0 0.6730769230769231 0.6658653846153846 0.0733173076923077 0.1502403846153846
0 0.5432692307692307 0.5769230769230769 0.05889423076923077 0.09615384615384616
0 0.4723557692307692 0.7524038461538461 0.06850961538461539 0.11658653846153846
0 0.6262019230769231 0.9014423076923077 0.09254807692307693 0.16346153846153846
0 0.6117788461538461 0.171875 0.06009615384615385 0.06610576923076923
0 0.6430288461538461 0.23798076923076922 0.08052884615384616 0.12620192307692307
1 0.609375 0.4206730769230769 0.1310096153846154 0.1310096153846154
3 0.6838942307692307 0.4855769230769231 0.05889423076923077 0.12620192307692307