3 0.9579326923076923 0.6478365384615384 0.08173076923076923 0.18990384615384615
3 0.6358173076923077 0.8978365384615384 0.12379807692307693 0.19951923076923078
3 0.5516826923076923 0.5384615384615384 0.0733173076923077 0.10817307692307693
3 0.7223557692307693 0.4951923076923077 0.08413461538461539 0.13581730769230768
3 0.6442307692307693 0.5060096153846154 0.07932692307692307 0.10817307692307693
3 0.8365384615384616 0.18509615384615385 0.12740384615384615 0.14302884615384615
3 0.7127403846153846 0.1814903846153846 0.08052884615384616 0.11658653846153846
1 0.7596153846153846 0.10336538461538461 0.08413461538461539 0.0985576923076923
1 0.5865384615384616 0.640625 0.15865384615384615 0.12139423076923077
1 0.359375 0.5973557692307693 0.20432692307692307 0.19230769230769232
0 0.7175480769230769 0.7800480769230769 0.09495192307692307 0.16826923076923078
0 0.9375 0.3641826923076923 0.09735576923076923 0.1502403846153846
0 0.8341346153846154 0.6418269230769231 0.1141826923076923 0.20793269230769232
0 0.7728365384615384 0.41346153846153844 0.07692307692307693 0.12620192307692307
0 0.6802884615384616 0.3317307692307692 0.0733173076923077 0.13581730769230768
0 0.5661057692307693 0.36658653846153844 0.09615384615384616 0.17548076923076922
0 0.4362980769230769 0.3713942307692308 0.08173076923076923 0.16105769230769232
0 0.19110576923076922 0.5048076923076923 0.13942307692307693 0.2548076923076923