0 0.37740384615384615 0.05889423076923077 0.03365384615384615 0.07451923076923077
0 0.17908653846153846 0.42908653846153844 0.06370192307692307 0.07932692307692307
0 0.4338942307692308 0.53125 0.04447115384615385 0.0985576923076923
0 0.47716346153846156 0.5084134615384616 0.054086538461538464 0.07451923076923077
0 0.46875 0.7548076923076923 0.04567307692307692 0.09615384615384616
0 0.5252403846153846 0.9242788461538461 0.07451923076923077 0.1310096153846154
0 0.4483173076923077 0.9651442307692307 0.06850961538461539 0.06370192307692307
3 0.3786057692307692 0.4495192307692308 0.040865384615384616 0.04927884615384615
3 0.4963942307692308 0.5973557692307693 0.06370192307692307 0.06370192307692307
3 0.5384615384615384 0.7307692307692307 0.078125 0.12379807692307693
1 0.6862980769230769 0.7536057692307693 0.11057692307692307 0.08413461538461539
0 0.33653846153846156 0.27524038461538464 0.04567307692307692 0.07211538461538461