3 0.8473557692307693 0.051682692307692304 0.09615384615384616 0.0985576923076923
1 0.5793269230769231 0.15504807692307693 0.1310096153846154 0.23677884615384615
1 0.5925480769230769 0.4182692307692308 0.0889423076923077 0.18028846153846154
1 0.5600961538461539 0.7752403846153846 0.08774038461538461 0.23197115384615385
1 0.4543269230769231 0.6862980769230769 0.11057692307692307 0.13341346153846154
1 0.4050480769230769 0.5456730769230769 0.10697115384615384 0.07932692307692307
1 0.23076923076923078 0.3581730769230769 0.1141826923076923 0.09375
0 0.7776442307692307 0.9387019230769231 0.0889423076923077 0.11899038461538461
0 0.6850961538461539 0.8377403846153846 0.078125 0.18509615384615385
0 0.40024038461538464 0.8617788461538461 0.07932692307692307 0.13822115384615385
0 0.27884615384615385 0.6983173076923077 0.09495192307692307 0.14783653846153846
0 0.2824519230769231 0.27283653846153844 0.0889423076923077 0.140625
0 0.3112980769230769 0.125 0.06129807692307692 0.11057692307692307