1 0.6887019230769231 0.3485576923076923 0.06370192307692307 0.0985576923076923
3 0.6802884615384616 0.8569711538461539 0.04326923076923077 0.054086538461538464
3 0.6045673076923077 0.4387019230769231 0.038461538461538464 0.056490384615384616
3 0.5228365384615384 0.31850961538461536 0.040865384615384616 0.06370192307692307
0 0.7487980769230769 0.7307692307692307 0.037259615384615384 0.06971153846153846
0 0.6778846153846154 0.4567307692307692 0.037259615384615384 0.06370192307692307
0 0.640625 0.17908653846153846 0.027644230769230768 0.051682692307692304
0 0.5817307692307693 0.328125 0.042067307692307696 0.06370192307692307
0 0.47475961538461536 0.5865384615384616 0.037259615384615384 0.056490384615384616
0 0.3954326923076923 0.34615384615384615 0.037259615384615384 0.054086538461538464
3 0.1814903846153846 0.7992788461538461 0.05048076923076923 0.07211538461538461
3 0.18509615384615385 0.7055288461538461 0.06129807692307692 0.07211538461538461