0 0.4182692307692308 0.5456730769230769 0.06971153846153846 0.08413461538461539
0 0.640625 0.5637019230769231 0.0625 0.11658653846153846
0 0.6586538461538461 0.36899038461538464 0.046875 0.11658653846153846
0 0.09735576923076923 0.04447115384615385 0.06971153846153846 0.08413461538461539
0 0.6574519230769231 0.2403846153846154 0.03365384615384615 0.09134615384615384
1 0.49038461538461536 0.6706730769230769 0.11778846153846154 0.14543269230769232
3 0.6298076923076923 0.8978365384615384 0.06850961538461539 0.14543269230769232
3 0.7247596153846154 0.9194711538461539 0.08052884615384616 0.1502403846153846
3 0.7572115384615384 0.7932692307692307 0.078125 0.1502403846153846
3 0.8425480769230769 0.4879807692307692 0.05048076923076923 0.09615384615384616
3 0.0673076923076923 0.6814903846153846 0.10096153846153846 0.12379807692307693
3 0.1935096153846154 0.7283653846153846 0.06610576923076923 0.10817307692307693