0 0.5925480769230769 0.19471153846153846 0.11057692307692307 0.20192307692307693
0 0.7079326923076923 0.31490384615384615 0.09014423076923077 0.18990384615384615
0 0.8040865384615384 0.3173076923076923 0.0889423076923077 0.1502403846153846
0 0.2824519230769231 0.7115384615384616 0.10576923076923077 0.20192307692307693
0 0.3293269230769231 0.9362980769230769 0.10697115384615384 0.12379807692307693
0 0.47475961538461536 0.9326923076923077 0.1045673076923077 0.1310096153846154
3 0.10096153846153846 0.3557692307692308 0.17307692307692307 0.20192307692307693
3 0.46634615384615385 0.5661057692307693 0.15144230769230768 0.2548076923076923
3 0.5540865384615384 0.7860576923076923 0.0829326923076923 0.15504807692307693
3 0.7259615384615384 0.5925480769230769 0.055288461538461536 0.09375
1 0.6826923076923077 0.5432692307692307 0.056490384615384616 0.25240384615384615
3 0.8858173076923077 0.18990384615384615 0.06009615384615385 0.11298076923076923
3 0.11298076923076923 0.5889423076923077 0.12259615384615384 0.18990384615384615
3 0.8786057692307693 0.3545673076923077 0.05048076923076923 0.10576923076923077