0 0.3701923076923077 0.8762019230769231 0.07091346153846154 0.14302884615384615
0 0.17908653846153846 0.9242788461538461 0.11658653846153846 0.14543269230769232
0 0.15264423076923078 0.46033653846153844 0.06129807692307692 0.08653846153846154
0 0.23677884615384615 0.4206730769230769 0.04326923076923077 0.06610576923076923
0 0.3449519230769231 0.38822115384615385 0.03365384615384615 0.054086538461538464
0 0.34975961538461536 0.44471153846153844 0.03365384615384615 0.04927884615384615
0 0.36658653846153844 0.5012019230769231 0.027644230769230768 0.054086538461538464
0 0.37259615384615385 0.6346153846153846 0.036057692307692304 0.07451923076923077
0 0.13942307692307693 0.2644230769230769 0.04447115384615385 0.054086538461538464
0 0.10576923076923077 0.2920673076923077 0.04326923076923077 0.08173076923076923
3 0.4483173076923077 0.6358173076923077 0.04807692307692308 0.08653846153846154
3 0.4026442307692308 0.7127403846153846 0.051682692307692304 0.07211538461538461
3 0.055288461538461536 0.6887019230769231 0.08413461538461539 0.09375