3 0.30288461538461536 0.6947115384615384 0.05889423076923077 0.12139423076923077
3 0.41225961538461536 0.3918269230769231 0.08653846153846154 0.10096153846153846
3 0.5721153846153846 0.25240384615384615 0.05048076923076923 0.10817307692307693
3 0.703125 0.2764423076923077 0.0625 0.0889423076923077
3 0.7379807692307693 0.40865384615384615 0.05889423076923077 0.08173076923076923
3 0.8581730769230769 0.28846153846153844 0.06009615384615385 0.07932692307692307
3 0.796875 0.9567307692307693 0.07091346153846154 0.08173076923076923
0 0.2956730769230769 0.4387019230769231 0.07451923076923077 0.14543269230769232
1 0.6286057692307693 0.6995192307692307 0.09735576923076923 0.11658653846153846
1 0.7139423076923077 0.5396634615384616 0.078125 0.18028846153846154
1 0.46875 0.9026442307692307 0.06490384615384616 0.17067307692307693
1 0.5504807692307693 0.8942307692307693 0.09615384615384616 0.1778846153846154
2 0.29447115384615385 0.7524038461538461 0.030048076923076924 0.046875
2 0.6021634615384616 0.18990384615384615 0.028846153846153848 0.07451923076923077