0 0.8341346153846154 0.051682692307692304 0.10336538461538461 0.0985576923076923
0 0.796875 0.14783653846153846 0.06971153846153846 0.10336538461538461
0 0.9086538461538461 0.15144230769230768 0.13221153846153846 0.16105769230769232
0 0.9519230769230769 0.3629807692307692 0.09254807692307693 0.15745192307692307
0 0.7463942307692307 0.3713942307692308 0.13581730769230768 0.21033653846153846
0 0.6694711538461539 0.49399038461538464 0.11057692307692307 0.1778846153846154
0 0.6574519230769231 0.8978365384615384 0.11658653846153846 0.19951923076923078
0 0.9158653846153846 0.9290865384615384 0.13942307692307693 0.13581730769230768
0 0.41346153846153844 0.28966346153846156 0.078125 0.12620192307692307
0 0.4543269230769231 0.7692307692307693 0.07091346153846154 0.12620192307692307
1 0.5552884615384616 0.7127403846153846 0.11778846153846154 0.20552884615384615
0 0.15264423076923078 0.7836538461538461 0.07451923076923077 0.1310096153846154
0 0.23798076923076922 0.8473557692307693 0.056490384615384616 0.10336538461538461