0 0.12379807692307693 0.5709134615384616 0.09134615384615384 0.13822115384615385
0 0.21634615384615385 0.6165865384615384 0.08173076923076923 0.140625
0 0.09735576923076923 0.7764423076923077 0.08413461538461539 0.10576923076923077
0 0.36538461538461536 0.9423076923076923 0.11899038461538461 0.11057692307692307
0 0.17427884615384615 0.9242788461538461 0.13701923076923078 0.14543269230769232
2 0.14182692307692307 0.34615384615384615 0.07211538461538461 0.0985576923076923
2 0.4891826923076923 0.5168269230769231 0.08052884615384616 0.12139423076923077
2 0.6021634615384616 0.6153846153846154 0.0625 0.11298076923076923
2 0.6959134615384616 0.8076923076923077 0.055288461538461536 0.11298076923076923
1 0.7872596153846154 0.5588942307692307 0.125 0.15504807692307693
1 0.7512019230769231 0.6790865384615384 0.08413461538461539 0.22235576923076922
3 0.5600961538461539 0.7175480769230769 0.0625 0.10096153846153846