0 0.9038461538461539 0.42788461538461536 0.10697115384615384 0.1658653846153846
0 0.6237980769230769 0.2127403846153846 0.05889423076923077 0.11899038461538461
0 0.49399038461538464 0.19471153846153846 0.04567307692307692 0.06370192307692307
0 0.4206730769230769 0.5288461538461539 0.06129807692307692 0.10817307692307693
0 0.49759615384615385 0.4362980769230769 0.07451923076923077 0.10096153846153846
0 0.4230769230769231 0.6875 0.09735576923076923 0.15504807692307693
0 0.7980769230769231 0.6899038461538461 0.0889423076923077 0.13581730769230768
0 0.5528846153846154 0.24158653846153846 0.04567307692307692 0.0889423076923077
3 0.5961538461538461 0.5420673076923077 0.06129807692307692 0.09615384615384616
3 0.6598557692307693 0.43509615384615385 0.078125 0.09375
3 0.7596153846153846 0.5276442307692307 0.0985576923076923 0.13581730769230768
3 0.5757211538461539 0.6899038461538461 0.0733173076923077 0.10096153846153846
3 0.7439903846153846 0.9399038461538461 0.1141826923076923 0.11658653846153846