1 0.6213942307692307 0.765625 0.038461538461538464 0.04927884615384615
1 0.9086538461538461 0.8425480769230769 0.06850961538461539 0.09375
1 0.042067307692307696 0.8449519230769231 0.07692307692307693 0.08413461538461539
0 0.05048076923076923 0.6394230769230769 0.037259615384615384 0.06370192307692307
0 0.296875 0.96875 0.051682692307692304 0.056490384615384616
0 0.47596153846153844 0.7475961538461539 0.05048076923076923 0.0889423076923077
0 0.8233173076923077 0.8605769230769231 0.04567307692307692 0.09134615384615384
0 0.6466346153846154 0.5600961538461539 0.05048076923076923 0.0889423076923077
0 0.6550480769230769 0.3798076923076923 0.05048076923076923 0.07932692307692307
0 0.4074519230769231 0.31009615384615385 0.028846153846153848 0.046875
0 0.5697115384615384 0.14903846153846154 0.028846153846153848 0.046875
0 0.5144230769230769 0.10336538461538461 0.037259615384615384 0.06370192307692307