3 0.6225961538461539 0.7331730769230769 0.10096153846153846 0.1778846153846154
0 0.5300480769230769 0.5372596153846154 0.10096153846153846 0.19471153846153846
0 0.6646634615384616 0.6129807692307693 0.0625 0.11057692307692307
0 0.5552884615384616 0.8341346153846154 0.051682692307692304 0.16346153846153846
0 0.4951923076923077 0.33413461538461536 0.06009615384615385 0.12620192307692307
0 0.49399038461538464 0.1778846153846154 0.04807692307692308 0.0985576923076923
3 0.6622596153846154 0.375 0.05889423076923077 0.0985576923076923
1 0.4387019230769231 0.18389423076923078 0.07211538461538461 0.1310096153846154
1 0.8605769230769231 0.8221153846153846 0.06971153846153846 0.28125
3 0.31009615384615385 0.06971153846153846 0.07932692307692307 0.07932692307692307
2 0.6189903846153846 0.13221153846153846 0.07091346153846154 0.13581730769230768