0 0.038461538461538464 0.8545673076923077 0.06490384615384616 0.13822115384615385
0 0.04807692307692308 0.5841346153846154 0.09134615384615384 0.140625
0 0.03245192307692308 0.4338942307692308 0.05889423076923077 0.15504807692307693
3 0.12860576923076922 0.7115384615384616 0.1045673076923077 0.19230769230769232
3 0.28846153846153844 0.09975961538461539 0.0625 0.09615384615384616
3 0.28725961538461536 0.265625 0.07692307692307693 0.12139423076923077
3 0.13701923076923078 0.3942307692307692 0.06370192307692307 0.140625
3 0.6009615384615384 0.8942307692307693 0.08774038461538461 0.11899038461538461
2 0.5168269230769231 0.49759615384615385 0.042067307692307696 0.07692307692307693
2 0.484375 0.5757211538461539 0.037259615384615384 0.0889423076923077
1 0.6165865384615384 0.7439903846153846 0.1310096153846154 0.17548076923076922