0 0.0829326923076923 0.31971153846153844 0.06610576923076923 0.11057692307692307
0 0.125 0.24759615384615385 0.04447115384615385 0.08173076923076923
0 0.22115384615384615 0.27524038461538464 0.056490384615384616 0.11057692307692307
0 0.38461538461538464 0.8822115384615384 0.078125 0.11057692307692307
0 0.6358173076923077 0.90625 0.07932692307692307 0.16346153846153846
0 0.640625 0.6574519230769231 0.04326923076923077 0.11658653846153846
0 0.6394230769230769 0.53125 0.04447115384615385 0.10336538461538461
0 0.5853365384615384 0.1502403846153846 0.051682692307692304 0.10336538461538461
0 0.6706730769230769 0.17067307692307693 0.04326923076923077 0.07932692307692307
0 0.7127403846153846 0.30649038461538464 0.04447115384615385 0.0985576923076923
0 0.9543269230769231 0.3125 0.04567307692307692 0.08173076923076923
1 0.30408653846153844 0.9399038461538461 0.11899038461538461 0.11658653846153846
1 0.9567307692307693 0.6670673076923077 0.078125 0.12860576923076922
1 0.5600961538461539 0.7235576923076923 0.04447115384615385 0.10817307692307693
1 0.8737980769230769 0.5240384615384616 0.07692307692307693 0.11298076923076923
3 0.8425480769230769 0.8112980769230769 0.0625 0.09615384615384616
3 0.9747596153846154 0.8605769230769231 0.046875 0.10096153846153846