0 0.04567307692307692 0.9242788461538461 0.08774038461538461 0.14543269230769232
0 0.15625 0.9387019230769231 0.12620192307692307 0.11899038461538461
0 0.2848557692307692 0.8569711538461539 0.09134615384615384 0.13341346153846154
0 0.3713942307692308 0.9278846153846154 0.10817307692307693 0.12860576923076922
0 0.4987980769230769 0.9543269230769231 0.10336538461538461 0.08653846153846154
3 0.3737980769230769 0.6153846153846154 0.06610576923076923 0.12860576923076922
3 0.28725961538461536 0.7379807692307693 0.0889423076923077 0.11298076923076923
3 0.4579326923076923 0.7752403846153846 0.1310096153846154 0.1778846153846154
1 0.7848557692307693 0.5120192307692307 0.11538461538461539 0.2247596153846154
1 0.5841346153846154 0.7692307692307693 0.11538461538461539 0.11658653846153846
1 0.5288461538461539 0.43028846153846156 0.08413461538461539 0.08653846153846154
2 0.9038461538461539 0.6802884615384616 0.051682692307692304 0.10096153846153846