0 0.7055288461538461 0.38221153846153844 0.036057692307692304 0.04927884615384615
0 0.14302884615384615 0.34975961538461536 0.11658653846153846 0.17067307692307693
0 0.3245192307692308 0.9435096153846154 0.06610576923076923 0.10817307692307693
0 0.9170673076923077 0.5024038461538461 0.06009615384615385 0.08173076923076923
0 0.7596153846153846 0.9375 0.08173076923076923 0.11658653846153846
0 0.7764423076923077 0.7403846153846154 0.06610576923076923 0.10336538461538461
0 0.5997596153846154 0.3762019230769231 0.03245192307692308 0.07692307692307693
3 0.4254807692307692 0.18990384615384615 0.0625 0.09375
3 0.46634615384615385 0.13221153846153846 0.06610576923076923 0.09615384615384616
3 0.6694711538461539 0.38822115384615385 0.036057692307692304 0.05889423076923077
1 0.4651442307692308 0.921875 0.08653846153846154 0.1502403846153846
0 0.7908653846153846 0.3016826923076923 0.036057692307692304 0.06370192307692307