1 0.21995192307692307 0.6899038461538461 0.09254807692307693 0.07211538461538461
0 0.20673076923076922 0.35697115384615385 0.040865384615384616 0.056490384615384616
0 0.15264423076923078 0.5564903846153846 0.06610576923076923 0.10096153846153846
0 0.26322115384615385 0.8629807692307693 0.06850961538461539 0.10096153846153846
0 0.2091346153846154 0.8052884615384616 0.06490384615384616 0.04927884615384615
0 0.5949519230769231 0.578125 0.05889423076923077 0.11899038461538461
0 0.6646634615384616 0.45072115384615385 0.04807692307692308 0.08653846153846154
0 0.7668269230769231 0.8605769230769231 0.08052884615384616 0.12139423076923077
0 0.020432692307692308 0.7007211538461539 0.038461538461538464 0.06370192307692307
0 0.4891826923076923 0.08774038461538461 0.026442307692307692 0.046875
3 0.10336538461538461 0.5973557692307693 0.04447115384615385 0.06971153846153846
3 0.1778846153846154 0.6201923076923077 0.0625 0.07451923076923077
3 0.08774038461538461 0.13701923076923078 0.046875 0.06129807692307692
3 0.3641826923076923 0.109375 0.07451923076923077 0.10096153846153846
3 0.7884615384615384 0.36177884615384615 0.055288461538461536 0.06610576923076923
3 0.9182692307692307 0.4651442307692308 0.0889423076923077 0.08173076923076923
3 0.6490384615384616 0.5612980769230769 0.05048076923076923 0.08653846153846154
3 0.8425480769230769 0.21875 0.051682692307692304 0.056490384615384616
3 0.43990384615384615 0.3629807692307692 0.04447115384615385 0.06971153846153846
1 0.5360576923076923 0.7824519230769231 0.05889423076923077 0.15264423076923078
1 0.9471153846153846 0.4423076923076923 0.09975961538461539 0.14783653846153846
1 0.8810096153846154 0.8822115384615384 0.08173076923076923 0.19471153846153846