0 0.5252403846153846 0.7319711538461539 0.08413461538461539 0.15504807692307693
0 0.21153846153846154 0.055288461538461536 0.04326923076923077 0.07692307692307693
0 0.3762019230769231 0.33653846153846156 0.06009615384615385 0.12139423076923077
0 0.23918269230769232 0.7127403846153846 0.08173076923076923 0.14543269230769232
0 0.3245192307692308 0.6310096153846154 0.06850961538461539 0.10576923076923077
0 0.3629807692307692 0.8882211538461539 0.0889423076923077 0.140625
0 0.25 0.9603365384615384 0.09495192307692307 0.07451923076923077
0 0.6334134615384616 0.8894230769230769 0.09495192307692307 0.18269230769230768
0 0.6754807692307693 0.609375 0.08052884615384616 0.13341346153846154
0 0.8269230769230769 0.49038461538461536 0.10336538461538461 0.15504807692307693
0 0.9639423076923077 0.5540865384615384 0.06971153846153846 0.19471153846153846
0 0.9435096153846154 0.8209134615384616 0.11057692307692307 0.20552884615384615
0 0.6790865384615384 0.08413461538461539 0.09134615384615384 0.13341346153846154
0 0.8822115384615384 0.09014423076923077 0.12860576923076922 0.16105769230769232
3 0.6141826923076923 0.18629807692307693 0.09495192307692307 0.13581730769230768
3 0.6995192307692307 0.21634615384615385 0.09134615384615384 0.1310096153846154
3 0.6850961538461539 0.31850961538461536 0.10096153846153846 0.12379807692307693
3 0.5588942307692307 0.46153846153846156 0.07211538461538461 0.14783653846153846
3 0.6286057692307693 0.4987980769230769 0.08173076923076923 0.10336538461538461
3 0.4362980769230769 0.921875 0.06610576923076923 0.14543269230769232
3 0.2764423076923077 0.25961538461538464 0.055288461538461536 0.13822115384615385
3 0.5420673076923077 0.21754807692307693 0.055288461538461536 0.10817307692307693
3 0.9543269230769231 0.1778846153846154 0.08774038461538461 0.11298076923076923
3 0.27524038461538464 0.39903846153846156 0.05048076923076923 0.08653846153846154
0 0.11177884615384616 0.49038461538461536 0.08413461538461539 0.140625