3 0.20432692307692307 0.5877403846153846 0.0673076923076923 0.109375
3 0.2548076923076923 0.5132211538461539 0.052884615384615384 0.040865384615384616
3 0.34134615384615385 0.5144230769230769 0.04927884615384615 0.078125
3 0.49399038461538464 0.421875 0.057692307692307696 0.09495192307692307
0 0.37259615384615385 0.5216346153846154 0.07932692307692307 0.07451923076923077
0 0.5673076923076923 0.3858173076923077 0.07932692307692307 0.1201923076923077
0 0.6526442307692307 0.3701923076923077 0.0889423076923077 0.12620192307692307
0 0.6814903846153846 0.46153846153846156 0.04927884615384615 0.0985576923076923
0 0.7427884615384616 0.3317307692307692 0.06370192307692307 0.08413461538461539
0 0.9387019230769231 0.6983173076923077 0.11778846153846154 0.25721153846153844
0 0.5456730769230769 0.8870192307692307 0.12620192307692307 0.22355769230769232
0 0.37259615384615385 0.6959134615384616 0.0889423076923077 0.17548076923076922