1 0.6899038461538461 0.109375 0.04807692307692308 0.14543269230769232
1 0.9338942307692307 0.8064903846153846 0.11778846153846154 0.17548076923076922
1 0.5745192307692307 0.6081730769230769 0.07451923076923077 0.19471153846153846
0 0.6911057692307693 0.2848557692307692 0.06370192307692307 0.09615384615384616
0 0.6382211538461539 0.14783653846153846 0.07091346153846154 0.16346153846153846
0 0.8533653846153846 0.6213942307692307 0.09014423076923077 0.18028846153846154
0 0.6850961538461539 0.9567307692307693 0.09735576923076923 0.07692307692307693
0 0.5877403846153846 0.859375 0.0889423076923077 0.15264423076923078
0 0.31490384615384615 0.5060096153846154 0.06490384615384616 0.10336538461538461
0 0.31850961538461536 0.375 0.06850961538461539 0.06971153846153846
0 0.07932692307692307 0.6502403846153846 0.06490384615384616 0.09615384615384616
0 0.14423076923076922 0.48677884615384615 0.06971153846153846 0.08413461538461539
0 0.16105769230769232 0.38100961538461536 0.05889423076923077 0.07692307692307693