0 0.5480769230769231 0.13581730769230768 0.03245192307692308 0.054086538461538464
0 0.29447115384615385 0.34615384615384615 0.027644230769230768 0.04447115384615385
0 0.12740384615384615 0.9074519230769231 0.07211538461538461 0.09134615384615384
0 0.20552884615384615 0.8040865384615384 0.046875 0.08653846153846154
0 0.4050480769230769 0.7007211538461539 0.04447115384615385 0.07451923076923077
0 0.4338942307692308 0.5600961538461539 0.040865384615384616 0.05889423076923077
0 0.2860576923076923 0.5336538461538461 0.036057692307692304 0.054086538461538464
0 0.4110576923076923 0.32572115384615385 0.036057692307692304 0.054086538461538464
0 0.6814903846153846 0.5913461538461539 0.03245192307692308 0.08653846153846154
0 0.7115384615384616 0.5757211538461539 0.027644230769230768 0.054086538461538464
0 0.11057692307692307 0.5204326923076923 0.04447115384615385 0.04447115384615385
0 0.23076923076923078 0.609375 0.027644230769230768 0.039663461538461536
0 0.3701923076923077 0.2800480769230769 0.02403846153846154 0.042067307692307696
3 0.08173076923076923 0.6418269230769231 0.03245192307692308 0.03485576923076923
3 0.14423076923076922 0.6694711538461539 0.04326923076923077 0.05889423076923077