0 0.0733173076923077 0.8918269230769231 0.10096153846153846 0.19230769230769232
0 0.46153846153846156 0.8918269230769231 0.12259615384615384 0.2127403846153846
0 0.8004807692307693 0.796875 0.1346153846153846 0.18990384615384615
0 0.7439903846153846 0.5805288461538461 0.08052884615384616 0.16346153846153846
0 0.9362980769230769 0.4519230769230769 0.12379807692307693 0.1778846153846154
0 0.8401442307692307 0.19230769230769232 0.109375 0.17307692307692307
0 0.6057692307692307 0.3449519230769231 0.10576923076923077 0.15504807692307693
0 0.41225961538461536 0.5769230769230769 0.11538461538461539 0.1502403846153846
3 0.5564903846153846 0.8485576923076923 0.07692307692307693 0.21033653846153846
1 0.15865384615384615 0.8786057692307693 0.06009615384615385 0.23197115384615385
3 0.1935096153846154 0.625 0.09615384615384616 0.17307692307692307
2 0.43509615384615385 0.19831730769230768 0.046875 0.08653846153846154
0 0.09254807692307693 0.390625 0.06490384615384616 0.0985576923076923