1 0.7872596153846154 0.4074519230769231 0.15985576923076922 0.12379807692307693
1 0.7355769230769231 0.2848557692307692 0.15504807692307693 0.08173076923076923
0 0.7439903846153846 0.16826923076923078 0.0985576923076923 0.16826923076923078
0 0.34615384615384615 0.3016826923076923 0.11298076923076923 0.15745192307692307
0 0.4026442307692308 0.4387019230769231 0.10576923076923077 0.12620192307692307
0 0.2776442307692308 0.23557692307692307 0.07211538461538461 0.13581730769230768
0 0.5697115384615384 0.9507211538461539 0.1045673076923077 0.09375
0 0.4098557692307692 0.6117788461538461 0.1310096153846154 0.2668269230769231
0 0.5564903846153846 0.5300480769230769 0.08173076923076923 0.14543269230769232
0 0.6105769230769231 0.7127403846153846 0.11778846153846154 0.21514423076923078
0 0.3317307692307692 0.9182692307692307 0.12860576923076922 0.15745192307692307
0 0.2512019230769231 0.47836538461538464 0.08413461538461539 0.10576923076923077
0 0.18389423076923078 0.6598557692307693 0.14543269230769232 0.22235576923076922
0 0.46634615384615385 0.23798076923076922 0.0889423076923077 0.140625
0 0.3762019230769231 0.1466346153846154 0.08052884615384616 0.1310096153846154
0 0.2692307692307692 0.07091346153846154 0.0733173076923077 0.13581730769230768
0 0.1814903846153846 0.17427884615384615 0.09134615384615384 0.140625
0 0.1045673076923077 0.3942307692307692 0.11057692307692307 0.1310096153846154