2 0.7728365384615384 0.1778846153846154 0.12379807692307693 0.18269230769230768
2 0.7223557692307693 0.484375 0.1045673076923077 0.15745192307692307
2 0.45552884615384615 0.6394230769230769 0.09495192307692307 0.16346153846153846
3 0.5600961538461539 0.49158653846153844 0.0889423076923077 0.18269230769230768
3 0.36899038461538464 0.6322115384615384 0.14302884615384615 0.13341346153846154
3 0.6358173076923077 0.5829326923076923 0.0985576923076923 0.1971153846153846
3 0.7463942307692307 0.6694711538461539 0.0733173076923077 0.13341346153846154
3 0.71875 0.3161057692307692 0.07932692307692307 0.10817307692307693
3 0.7055288461538461 0.8485576923076923 0.14182692307692307 0.18509615384615385
3 0.5336538461538461 0.8173076923076923 0.07692307692307693 0.12860576923076922
2 0.6899038461538461 0.7019230769230769 0.014423076923076924 0.042067307692307696