0 0.20192307692307693 0.6923076923076923 0.04326923076923077 0.07692307692307693
0 0.07692307692307693 0.8617788461538461 0.06129807692307692 0.11298076923076923
0 0.04807692307692308 0.7151442307692307 0.06129807692307692 0.10096153846153846
0 0.484375 0.38822115384615385 0.040865384615384616 0.07451923076923077
0 0.8629807692307693 0.8016826923076923 0.11778846153846154 0.18028846153846154
0 0.421875 0.5432692307692307 0.03365384615384615 0.05889423076923077
0 0.4543269230769231 0.5829326923076923 0.03485576923076923 0.08413461538461539
0 0.4723557692307692 0.8137019230769231 0.055288461538461536 0.10576923076923077
0 0.5348557692307693 0.8004807692307693 0.0733173076923077 0.11899038461538461
0 0.6286057692307693 0.8774038461538461 0.08173076923076923 0.1502403846153846
0 0.47836538461538464 0.9423076923076923 0.06610576923076923 0.11057692307692307
0 0.546875 0.9290865384615384 0.0829326923076923 0.12620192307692307
1 0.5733173076923077 0.32572115384615385 0.07211538461538461 0.10336538461538461
1 0.7067307692307693 0.3004807692307692 0.14903846153846154 0.11658653846153846
1 0.5372596153846154 0.6262019230769231 0.06129807692307692 0.18509615384615385
1 0.7319711538461539 0.04807692307692308 0.052884615384615384 0.09134615384615384