0 0.28365384615384615 0.31850961538461536 0.06610576923076923 0.09375
0 0.5733173076923077 0.15384615384615385 0.038461538461538464 0.07692307692307693
0 0.6887019230769231 0.3161057692307692 0.052884615384615384 0.13822115384615385
0 0.7355769230769231 0.38100961538461536 0.054086538461538464 0.08173076923076923
0 0.7163461538461539 0.7355769230769231 0.055288461538461536 0.13822115384615385
3 0.39302884615384615 0.9375 0.14182692307692307 0.12139423076923077
3 0.5432692307692307 0.359375 0.054086538461538464 0.07211538461538461
3 0.171875 0.6117788461538461 0.11057692307692307 0.10336538461538461
1 0.09495192307692307 0.7716346153846154 0.16346153846153846 0.12139423076923077
1 0.08774038461538461 0.9014423076923077 0.109375 0.18269230769230768
1 0.22355769230769232 0.5288461538461539 0.13341346153846154 0.06971153846153846
1 0.13942307692307693 0.7475961538461539 0.12139423076923077 0.0985576923076923
1 0.3605769230769231 0.375 0.09495192307692307 0.07451923076923077