3 0.765625 0.47836538461538464 0.06490384615384616 0.07692307692307693
3 0.5588942307692307 0.8677884615384616 0.09254807692307693 0.17067307692307693
3 0.578125 0.6129807692307693 0.0733173076923077 0.13581730769230768
3 0.5612980769230769 0.453125 0.0625 0.11658653846153846
1 0.671875 0.5697115384615384 0.08653846153846154 0.10576923076923077
1 0.6153846153846154 0.31490384615384615 0.09014423076923077 0.11057692307692307
1 0.14903846153846154 0.2668269230769231 0.12379807692307693 0.11298076923076923
0 0.6033653846153846 0.9555288461538461 0.06129807692307692 0.08413461538461539
0 0.6225961538461539 0.7307692307692307 0.0733173076923077 0.10336538461538461
0 0.34975961538461536 0.9399038461538461 0.11538461538461539 0.11658653846153846
0 0.43990384615384615 0.9074519230769231 0.09014423076923077 0.15504807692307693
0 0.35216346153846156 0.8088942307692307 0.06850961538461539 0.11057692307692307
0 0.24759615384615385 0.90625 0.09014423076923077 0.15264423076923078
0 0.10096153846153846 0.9375 0.10576923076923077 0.12139423076923077
0 0.8497596153846154 0.47836538461538464 0.052884615384615384 0.09615384615384616
0 0.7932692307692307 0.5408653846153846 0.06009615384615385 0.07932692307692307
0 0.8197115384615384 0.11778846153846154 0.03485576923076923 0.09134615384615384
0 0.7764423076923077 0.12620192307692307 0.055288461538461536 0.0889423076923077
0 0.6838942307692307 0.08173076923076923 0.055288461538461536 0.0985576923076923
0 0.6502403846153846 0.2247596153846154 0.055288461538461536 0.10817307692307693
0 0.5408653846153846 0.15384615384615385 0.0625 0.140625
0 0.5336538461538461 0.2800480769230769 0.06370192307692307 0.11057692307692307
0 0.49278846153846156 0.38341346153846156 0.06490384615384616 0.11057692307692307
0 0.3858173076923077 0.4387019230769231 0.06610576923076923 0.11658653846153846
0 0.15745192307692307 0.5444711538461539 0.0889423076923077 0.08653846153846154
0 0.3233173076923077 0.09615384615384616 0.078125 0.11298076923076923
0 0.2247596153846154 0.11899038461538461 0.052884615384615384 0.07932692307692307
0 0.12139423076923077 0.17067307692307693 0.09014423076923077 0.12379807692307693