2 0.5612980769230769 0.796875 0.09134615384615384 0.140625
0 0.5396634615384616 0.14302884615384615 0.056490384615384616 0.09375
0 0.7403846153846154 0.15504807692307693 0.06850961538461539 0.0985576923076923
0 0.8497596153846154 0.18269230769230768 0.06370192307692307 0.11899038461538461
0 0.8245192307692307 0.30528846153846156 0.0829326923076923 0.13581730769230768
0 0.9362980769230769 0.3557692307692308 0.08413461538461539 0.13341346153846154
0 0.9807692307692307 0.5048076923076923 0.03485576923076923 0.1310096153846154
0 0.75 0.6502403846153846 0.06971153846153846 0.10576923076923077
0 0.5985576923076923 0.4699519230769231 0.0829326923076923 0.14543269230769232
0 0.4795673076923077 0.4891826923076923 0.0985576923076923 0.13822115384615385
0 0.359375 0.4423076923076923 0.06971153846153846 0.10336538461538461
0 0.2692307692307692 0.4026442307692308 0.078125 0.12379807692307693
3 0.125 0.22596153846153846 0.08052884615384616 0.12139423076923077
3 0.38221153846153844 0.05889423076923077 0.055288461538461536 0.09375
3 0.5108173076923077 0.04447115384615385 0.04807692307692308 0.07932692307692307