0 0.109375 0.20192307692307693 0.0625 0.11298076923076923
0 0.4050480769230769 0.21995192307692307 0.06490384615384616 0.0985576923076923
0 0.5757211538461539 0.03485576923076923 0.056490384615384616 0.06370192307692307
0 0.18509615384615385 0.4014423076923077 0.06850961538461539 0.10096153846153846
3 0.4543269230769231 0.4699519230769231 0.06009615384615385 0.08653846153846154
1 0.5853365384615384 0.4699519230769231 0.04807692307692308 0.15504807692307693
1 0.546875 0.23918269230769232 0.046875 0.0985576923076923
1 0.5877403846153846 0.3112980769230769 0.08774038461538461 0.07932692307692307
1 0.8677884615384616 0.6117788461538461 0.1971153846153846 0.11298076923076923
1 0.6947115384615384 0.7103365384615384 0.11538461538461539 0.2932692307692308
1 0.5036057692307693 0.703125 0.07211538461538461 0.3016826923076923
0 0.18990384615384615 0.6971153846153846 0.0829326923076923 0.14543269230769232