0 0.20432692307692307 0.8425480769230769 0.0829326923076923 0.13341346153846154
0 0.3329326923076923 0.3016826923076923 0.07211538461538461 0.12379807692307693
0 0.1141826923076923 0.4170673076923077 0.07091346153846154 0.10336538461538461
0 0.04807692307692308 0.40024038461538464 0.0625 0.10336538461538461
0 0.1141826923076923 0.32572115384615385 0.06971153846153846 0.07932692307692307
0 0.07692307692307693 0.11298076923076923 0.0625 0.08413461538461539
0 0.17427884615384615 0.25240384615384615 0.056490384615384616 0.08413461538461539
0 0.18990384615384615 0.12980769230769232 0.056490384615384616 0.08653846153846154
2 0.5372596153846154 0.46875 0.08653846153846154 0.12860576923076922
1 0.3401442307692308 0.5576923076923077 0.11298076923076923 0.1778846153846154
3 0.6730769230769231 0.4326923076923077 0.1045673076923077 0.14783653846153846
1 0.6862980769230769 0.7103365384615384 0.06490384615384616 0.28846153846153844