0 0.15504807692307693 0.3088942307692308 0.06129807692307692 0.10336538461538461
0 0.4074519230769231 0.2283653846153846 0.08052884615384616 0.140625
0 0.4855769230769231 0.4362980769230769 0.06850961538461539 0.15504807692307693
0 0.30528846153846156 0.6610576923076923 0.1141826923076923 0.21033653846153846
0 0.3798076923076923 0.8209134615384616 0.10096153846153846 0.16105769230769232
0 0.39903846153846156 0.6490384615384616 0.07091346153846154 0.0985576923076923
3 0.7512019230769231 0.18509615384615385 0.11057692307692307 0.17307692307692307
3 0.6442307692307693 0.4387019230769231 0.078125 0.12139423076923077
3 0.6502403846153846 0.6153846153846154 0.09495192307692307 0.15264423076923078
3 0.5793269230769231 0.7548076923076923 0.10697115384615384 0.1502403846153846
1 0.5564903846153846 0.5264423076923077 0.06129807692307692 0.1875
1 0.7620192307692307 0.578125 0.07932692307692307 0.24158653846153846