0 0.921875 0.46153846153846156 0.037259615384615384 0.054086538461538464
0 0.8149038461538461 0.35336538461538464 0.03485576923076923 0.04927884615384615
0 0.7427884615384616 0.39903846153846156 0.027644230769230768 0.056490384615384616
0 0.5096153846153846 0.390625 0.03485576923076923 0.054086538461538464
0 0.14543269230769232 0.43028846153846156 0.040865384615384616 0.056490384615384616
0 0.21875 0.6622596153846154 0.051682692307692304 0.08413461538461539
0 0.4338942307692308 0.8918269230769231 0.038461538461538464 0.07451923076923077
0 0.7776442307692307 0.8701923076923077 0.046875 0.07211538461538461
0 0.8317307692307693 0.8966346153846154 0.03245192307692308 0.054086538461538464
0 0.7764423076923077 0.7283653846153846 0.036057692307692304 0.054086538461538464
0 0.4567307692307692 0.24278846153846154 0.036057692307692304 0.06129807692307692
0 0.3762019230769231 0.3581730769230769 0.030048076923076924 0.039663461538461536
3 0.4567307692307692 0.39663461538461536 0.03485576923076923 0.042067307692307696
3 0.3401442307692308 0.7560096153846154 0.042067307692307696 0.06370192307692307
3 0.6105769230769231 0.5793269230769231 0.030048076923076924 0.046875