0 0.16706730769230768 0.49399038461538464 0.10817307692307693 0.23197115384615385
0 0.25600961538461536 0.578125 0.11057692307692307 0.24158653846153846
0 0.18389423076923078 0.8485576923076923 0.17548076923076922 0.29927884615384615
0 0.3317307692307692 0.8557692307692307 0.11057692307692307 0.28365384615384615
0 0.43028846153846156 0.8064903846153846 0.11057692307692307 0.19951923076923078
0 0.5036057692307693 0.4362980769230769 0.10697115384615384 0.20552884615384615
0 0.453125 0.2439903846153846 0.09134615384615384 0.13341346153846154
0 0.31850961538461536 0.25841346153846156 0.09975961538461539 0.17067307692307693
0 0.2920673076923077 0.09014423076923077 0.06971153846153846 0.1502403846153846
0 0.9194711538461539 0.2932692307692308 0.08653846153846154 0.1778846153846154
2 0.7704326923076923 0.6021634615384616 0.06370192307692307 0.12379807692307693
2 0.8329326923076923 0.37740384615384615 0.06850961538461539 0.14783653846153846