0 0.5336538461538461 0.8485576923076923 0.13581730769230768 0.28846153846153844
0 0.484375 0.47115384615384615 0.09615384615384616 0.16346153846153846
0 0.6225961538461539 0.47475961538461536 0.10697115384615384 0.18028846153846154
0 0.5540865384615384 0.359375 0.09495192307692307 0.140625
0 0.6081730769230769 0.23677884615384615 0.07451923076923077 0.10336538461538461
0 0.6670673076923077 0.25841346153846156 0.06490384615384616 0.10096153846153846
0 0.7596153846153846 0.3713942307692308 0.10336538461538461 0.1502403846153846
0 0.7824519230769231 0.5192307692307693 0.11899038461538461 0.15504807692307693
0 0.9086538461538461 0.4411057692307692 0.11899038461538461 0.17548076923076922
0 0.9014423076923077 0.6237980769230769 0.11899038461538461 0.17548076923076922
0 0.7379807692307693 0.0889423076923077 0.09254807692307693 0.13822115384615385
3 0.6658653846153846 0.8040865384615384 0.11538461538461539 0.21514423076923078
3 0.8052884615384616 0.703125 0.12259615384615384 0.1875