3 0.7860576923076923 0.12620192307692307 0.039663461538461536 0.046875
3 0.8028846153846154 0.6658653846153846 0.04927884615384615 0.0829326923076923
3 0.7487980769230769 0.7115384615384616 0.036057692307692304 0.055288461538461536
3 0.7295673076923077 0.7836538461538461 0.04567307692307692 0.06850961538461539
3 0.6742788461538461 0.6598557692307693 0.021634615384615384 0.042067307692307696
3 0.7223557692307693 0.5516826923076923 0.025240384615384616 0.04807692307692308
3 0.5997596153846154 0.7896634615384616 0.038461538461538464 0.040865384615384616
3 0.6033653846153846 0.6153846153846154 0.027644230769230768 0.038461538461538464
3 0.5228365384615384 0.5384615384615384 0.037259615384615384 0.046875
3 0.5733173076923077 0.3954326923076923 0.038461538461538464 0.06009615384615385
3 0.5420673076923077 0.31009615384615385 0.03245192307692308 0.052884615384615384
3 0.27283653846153844 0.5889423076923077 0.03365384615384615 0.056490384615384616
3 0.18269230769230768 0.3401442307692308 0.030048076923076924 0.039663461538461536
3 0.25721153846153844 0.3125 0.027644230769230768 0.03485576923076923
3 0.21153846153846154 0.28725961538461536 0.042067307692307696 0.046875