0 0.6947115384615384 0.18028846153846154 0.04447115384615385 0.06971153846153846
0 0.12139423076923077 0.5192307692307693 0.030048076923076924 0.06850961538461539
0 0.5168269230769231 0.4362980769230769 0.040865384615384616 0.07211538461538461
0 0.6105769230769231 0.4987980769230769 0.03245192307692308 0.04447115384615385
0 0.7151442307692307 0.5769230769230769 0.038461538461538464 0.06129807692307692
0 0.8521634615384616 0.38100961538461536 0.039663461538461536 0.0733173076923077
0 0.8545673076923077 0.22716346153846154 0.037259615384615384 0.06370192307692307
0 0.9014423076923077 0.6634615384615384 0.042067307692307696 0.06850961538461539
0 0.44711538461538464 0.1346153846153846 0.025240384615384616 0.04447115384615385
0 0.23197115384615385 0.09014423076923077 0.02283653846153846 0.036057692307692304
3 0.9122596153846154 0.9495192307692307 0.057692307692307696 0.0829326923076923
3 0.9567307692307693 0.8653846153846154 0.026442307692307692 0.042067307692307696