1 0.41947115384615385 0.6418269230769231 0.040865384615384616 0.0673076923076923
3 0.4855769230769231 0.45913461538461536 0.02283653846153846 0.037259615384615384
3 0.6983173076923077 0.8978365384615384 0.036057692307692304 0.040865384615384616
1 0.84375 0.8305288461538461 0.057692307692307696 0.057692307692307696
3 0.7800480769230769 0.9338942307692307 0.08052884615384616 0.07572115384615384
3 0.7800480769230769 0.6862980769230769 0.04807692307692308 0.0829326923076923
3 0.7019230769230769 0.6610576923076923 0.06129807692307692 0.1045673076923077
3 0.5877403846153846 0.5492788461538461 0.03245192307692308 0.04447115384615385
3 0.5240384615384616 0.5973557692307693 0.055288461538461536 0.078125
3 0.515625 0.8197115384615384 0.037259615384615384 0.05889423076923077
3 0.28725961538461536 0.9182692307692307 0.042067307692307696 0.04807692307692308