3 0.3629807692307692 0.8137019230769231 0.04927884615384615 0.09375
3 0.40625 0.109375 0.04567307692307692 0.06610576923076923
0 0.5324519230769231 0.3870192307692308 0.040865384615384616 0.0625
0 0.5240384615384616 0.5288461538461539 0.04326923076923077 0.08052884615384616
0 0.5997596153846154 0.6935096153846154 0.054086538461538464 0.09375
0 0.53125 0.052884615384615384 0.054086538461538464 0.09375
0 0.3641826923076923 0.7223557692307693 0.046875 0.08173076923076923
0 0.38221153846153844 0.8930288461538461 0.04567307692307692 0.0985576923076923
0 0.30408653846153844 0.8870192307692307 0.051682692307692304 0.10216346153846154
0 0.21634615384615385 0.9387019230769231 0.046875 0.09375
0 0.18870192307692307 0.8161057692307693 0.05048076923076923 0.0829326923076923
0 0.17427884615384615 0.2620192307692308 0.040865384615384616 0.0733173076923077
0 0.08653846153846154 0.4963942307692308 0.04326923076923077 0.0625
2 0.2704326923076923 0.15144230769230768 0.039663461538461536 0.042067307692307696