0 0.8473557692307693 0.3870192307692308 0.03125 0.04807692307692308
0 0.9170673076923077 0.8485576923076923 0.04326923076923077 0.06129807692307692
0 0.8076923076923077 0.9495192307692307 0.04326923076923077 0.07211538461538461
0 0.8509615384615384 0.7367788461538461 0.03365384615384615 0.0625
0 0.7788461538461539 0.7716346153846154 0.03125 0.0733173076923077
0 0.484375 0.4338942307692308 0.03365384615384615 0.07091346153846154
0 0.5360576923076923 0.20673076923076922 0.03245192307692308 0.054086538461538464
0 0.6911057692307693 0.5240384615384616 0.021634615384615384 0.04447115384615385
0 0.5564903846153846 0.7920673076923077 0.051682692307692304 0.07091346153846154
0 0.2920673076923077 0.5600961538461539 0.05889423076923077 0.078125
0 0.09975961538461539 0.5384615384615384 0.08533653846153846 0.09134615384615384