3 0.2848557692307692 0.9471153846153846 0.030048076923076924 0.04927884615384615
1 0.2860576923076923 0.8401442307692307 0.04447115384615385 0.08413461538461539
1 0.3233173076923077 0.7608173076923077 0.046875 0.056490384615384616
3 0.3245192307692308 0.5901442307692307 0.039663461538461536 0.046875
3 0.23918269230769232 0.6850961538461539 0.052884615384615384 0.06490384615384616
3 0.5024038461538461 0.6971153846153846 0.03365384615384615 0.0625
3 0.6310096153846154 0.46033653846153844 0.03245192307692308 0.05048076923076923
1 0.5084134615384616 0.25240384615384615 0.020432692307692308 0.020432692307692308
0 0.5745192307692307 0.25841346153846156 0.02283653846153846 0.040865384615384616
3 0.5721153846153846 0.04567307692307692 0.03485576923076923 0.06370192307692307
0 0.43149038461538464 0.042067307692307696 0.03485576923076923 0.06009615384615385