3 0.43990384615384615 0.8449519230769231 0.08653846153846154 0.21514423076923078
0 0.5216346153846154 0.2512019230769231 0.018028846153846152 0.04326923076923077
0 0.5024038461538461 0.31009615384615385 0.025240384615384616 0.052884615384615384
0 0.53125 0.3425480769230769 0.03245192307692308 0.07091346153846154
0 0.3293269230769231 0.9170673076923077 0.057692307692307696 0.11899038461538461
0 0.5913461538461539 0.21754807692307693 0.03245192307692308 0.06490384615384616
0 0.671875 0.11057692307692307 0.030048076923076924 0.04807692307692308
0 0.765625 0.125 0.039663461538461536 0.05889423076923077
0 0.9002403846153846 0.17548076923076922 0.10096153846153846 0.11538461538461539
0 0.9206730769230769 0.8810096153846154 0.15384615384615385 0.23317307692307693
0 0.9555288461538461 0.5384615384615384 0.08774038461538461 0.3088942307692308
0 0.5096153846153846 0.6911057692307693 0.1045673076923077 0.18990384615384615