3 0.8245192307692307 0.6237980769230769 0.021634615384615384 0.08052884615384616
3 0.6177884615384616 0.036057692307692304 0.025240384615384616 0.06490384615384616
3 0.49399038461538464 0.4230769230769231 0.03485576923076923 0.052884615384615384
3 0.171875 0.6850961538461539 0.046875 0.06370192307692307
0 0.19951923076923078 0.6370192307692307 0.051682692307692304 0.0829326923076923
0 0.1310096153846154 0.7391826923076923 0.03485576923076923 0.0625
0 0.5348557692307693 0.2704326923076923 0.030048076923076924 0.054086538461538464
0 0.3317307692307692 0.8004807692307693 0.036057692307692304 0.0673076923076923
0 0.40865384615384615 0.7560096153846154 0.04326923076923077 0.078125
0 0.5540865384615384 0.7175480769230769 0.036057692307692304 0.051682692307692304
0 0.5769230769230769 0.5709134615384616 0.052884615384615384 0.09014423076923077
0 0.6117788461538461 0.5048076923076923 0.05048076923076923 0.07451923076923077
0 0.6129807692307693 0.421875 0.04326923076923077 0.07091346153846154
0 0.5372596153846154 0.3713942307692308 0.042067307692307696 0.07211538461538461
0 0.36778846153846156 0.23197115384615385 0.028846153846153848 0.056490384615384616
0 0.23197115384615385 0.23557692307692307 0.028846153846153848 0.042067307692307696
0 0.1466346153846154 0.46274038461538464 0.030048076923076924 0.054086538461538464
0 0.09975961538461539 0.5444711538461539 0.036057692307692304 0.05048076923076923
0 0.03485576923076923 0.5637019230769231 0.038461538461538464 0.051682692307692304