3 0.5360576923076923 0.39663461538461536 0.026442307692307692 0.03365384615384615
3 0.5396634615384616 0.18028846153846154 0.016826923076923076 0.02403846153846154
3 0.8173076923076923 0.9387019230769231 0.04326923076923077 0.051682692307692304
1 0.5444711538461539 0.5516826923076923 0.04326923076923077 0.06370192307692307
3 0.5901442307692307 0.5516826923076923 0.06129807692307692 0.09615384615384616
3 0.6682692307692307 0.49759615384615385 0.038461538461538464 0.054086538461538464
3 0.9110576923076923 0.6706730769230769 0.05048076923076923 0.09735576923076923
3 0.8161057692307693 0.6382211538461539 0.07692307692307693 0.12860576923076922
3 0.5829326923076923 0.828125 0.04326923076923077 0.078125
3 0.31971153846153844 0.9254807692307693 0.042067307692307696 0.05048076923076923
3 0.33533653846153844 0.3545673076923077 0.026442307692307692 0.038461538461538464