0 0.3269230769230769 0.31850961538461536 0.08653846153846154 0.13341346153846154
0 0.3870192307692308 0.22596153846153846 0.11298076923076923 0.15504807692307693
0 0.4074519230769231 0.3485576923076923 0.08413461538461539 0.14302884615384615
0 0.48197115384615385 0.32091346153846156 0.09735576923076923 0.12860576923076922
0 0.4831730769230769 0.21514423076923078 0.06850961538461539 0.0889423076923077
0 0.49278846153846156 0.4519230769230769 0.1141826923076923 0.15745192307692307
0 0.5649038461538461 0.3401442307692308 0.08173076923076923 0.12379807692307693
0 0.5084134615384616 0.1466346153846154 0.06971153846153846 0.08173076923076923
0 0.43028846153846156 0.10817307692307693 0.056490384615384616 0.07932692307692307
0 0.6274038461538461 0.3918269230769231 0.06610576923076923 0.12139423076923077
0 0.6117788461538461 0.4483173076923077 0.06490384615384616 0.08173076923076923
0 0.6165865384615384 0.5492788461538461 0.06610576923076923 0.14543269230769232
0 0.6706730769230769 0.5168269230769231 0.06490384615384616 0.11658653846153846
0 0.7115384615384616 0.5108173076923077 0.046875 0.10817307692307693
0 0.6911057692307693 0.4110576923076923 0.052884615384615384 0.07692307692307693
0 0.6778846153846154 0.3401442307692308 0.054086538461538464 0.0889423076923077
0 0.7475961538461539 0.8677884615384616 0.09735576923076923 0.21033653846153846
0 0.6153846153846154 0.9423076923076923 0.11057692307692307 0.11057692307692307
0 0.5925480769230769 0.6923076923076923 0.109375 0.20552884615384615
0 0.3786057692307692 0.5288461538461539 0.1346153846153846 0.22716346153846154
0 0.4266826923076923 0.7271634615384616 0.09975961538461539 0.18990384615384615
0 0.3125 0.8617788461538461 0.15264423076923078 0.27163461538461536
1 0.08052884615384616 0.24879807692307693 0.10817307692307693 0.12379807692307693
1 0.09254807692307693 0.14302884615384615 0.11057692307692307 0.06370192307692307
3 0.10576923076923077 0.5540865384615384 0.0985576923076923 0.14543269230769232
3 0.17668269230769232 0.8509615384615384 0.17067307692307693 0.2932692307692308
3 0.4074519230769231 0.8389423076923077 0.06850961538461539 0.12860576923076922
3 0.6742788461538461 0.8942307692307693 0.06009615384615385 0.11298076923076923