0 0.03485576923076923 0.7211538461538461 0.04807692307692308 0.09615384615384616
0 0.0829326923076923 0.7091346153846154 0.055288461538461536 0.10697115384615384
0 0.10216346153846154 0.6526442307692307 0.06009615384615385 0.10096153846153846
3 0.7860576923076923 0.37259615384615385 0.05048076923076923 0.07091346153846154
0 0.9627403846153846 0.9278846153846154 0.06971153846153846 0.1346153846153846
0 0.39663461538461536 0.6610576923076923 0.12379807692307693 0.20192307692307693
0 0.7319711538461539 0.3389423076923077 0.05048076923076923 0.08413461538461539
3 0.40024038461538464 0.25841346153846156 0.0733173076923077 0.06009615384615385
3 0.49038461538461536 0.13822115384615385 0.051682692307692304 0.09014423076923077
3 0.515625 0.3557692307692308 0.07692307692307693 0.08052884615384616
3 0.7379807692307693 0.6418269230769231 0.04807692307692308 0.1045673076923077
3 0.7632211538461539 0.7824519230769231 0.08173076923076923 0.12379807692307693
3 0.18990384615384615 0.12860576923076922 0.054086538461538464 0.08052884615384616
0 0.8485576923076923 0.2439903846153846 0.057692307692307696 0.0625
0 0.6658653846153846 0.30528846153846156 0.042067307692307696 0.06009615384615385
0 0.24519230769230768 0.3605769230769231 0.06370192307692307 0.0985576923076923