0 0.3173076923076923 0.8846153846153846 0.10096153846153846 0.18990384615384615
0 0.4170673076923077 0.9014423076923077 0.11778846153846154 0.1778846153846154
0 0.640625 0.6778846153846154 0.1141826923076923 0.17548076923076922
0 0.4074519230769231 0.18389423076923078 0.08173076923076923 0.1502403846153846
0 0.4855769230769231 0.09615384615384616 0.09014423076923077 0.17307692307692307
0 0.29086538461538464 0.3605769230769231 0.11538461538461539 0.18269230769230768
0 0.17548076923076922 0.29086538461538464 0.12379807692307693 0.18269230769230768
0 0.11658653846153846 0.13822115384615385 0.12259615384615384 0.15745192307692307
0 0.11658653846153846 0.3942307692307692 0.0889423076923077 0.16105769230769232
2 0.5649038461538461 0.4110576923076923 0.06490384615384616 0.1310096153846154
3 0.22115384615384615 0.6394230769230769 0.12379807692307693 0.18269230769230768