0 0.09495192307692307 0.36899038461538464 0.021634615384615384 0.038461538461538464
3 0.8786057692307693 0.2091346153846154 0.046875 0.056490384615384616
3 0.8509615384615384 0.8894230769230769 0.08052884615384616 0.09254807692307693
0 0.8149038461538461 0.71875 0.07091346153846154 0.0985576923076923
0 0.8581730769230769 0.6021634615384616 0.039663461538461536 0.05889423076923077
0 0.8461538461538461 0.5444711538461539 0.038461538461538464 0.06009615384615385
0 0.7980769230769231 0.4723557692307692 0.03125 0.07932692307692307
0 0.6550480769230769 0.4326923076923077 0.04807692307692308 0.09375
0 0.5336538461538461 0.7199519230769231 0.04447115384615385 0.07091346153846154
0 0.22115384615384615 0.5685096153846154 0.03365384615384615 0.04807692307692308
0 0.9795673076923077 0.7139423076923077 0.037259615384615384 0.0985576923076923