0 0.7127403846153846 0.8269230769230769 0.039663461538461536 0.0733173076923077
0 0.5492788461538461 0.4483173076923077 0.027644230769230768 0.046875
0 0.5865384615384616 0.30288461538461536 0.026442307692307692 0.040865384615384616
0 0.5685096153846154 0.32572115384615385 0.025240384615384616 0.03245192307692308
0 0.4963942307692308 0.3317307692307692 0.027644230769230768 0.052884615384615384
0 0.5324519230769231 0.5060096153846154 0.028846153846153848 0.051682692307692304
0 0.38341346153846156 0.7391826923076923 0.025240384615384616 0.051682692307692304
0 0.34375 0.6742788461538461 0.028846153846153848 0.05048076923076923
0 0.30649038461538464 0.6310096153846154 0.020432692307692308 0.057692307692307696
0 0.24759615384615385 0.7199519230769231 0.021634615384615384 0.04447115384615385
0 0.20192307692307693 0.8088942307692307 0.03125 0.055288461538461536
0 0.19230769230769232 0.7716346153846154 0.026442307692307692 0.05889423076923077
0 0.7752403846153846 0.8858173076923077 0.0673076923076923 0.0985576923076923
0 0.53125 0.7848557692307693 0.038461538461538464 0.046875
0 0.390625 0.9411057692307693 0.056490384615384616 0.08173076923076923
0 0.3858173076923077 0.8689903846153846 0.042067307692307696 0.07091346153846154