0 0.5432692307692307 0.8533653846153846 0.0625 0.09014423076923077
1 0.7091346153846154 0.6117788461538461 0.04326923076923077 0.12139423076923077
3 0.9314903846153846 0.21634615384615385 0.03125 0.07211538461538461
3 0.8461538461538461 0.4699519230769231 0.046875 0.08774038461538461
3 0.8064903846153846 0.3918269230769231 0.052884615384615384 0.11538461538461539
1 0.6899038461538461 0.9447115384615384 0.038461538461538464 0.109375
0 0.5721153846153846 0.4411057692307692 0.055288461538461536 0.10336538461538461
0 0.36899038461538464 0.039663461538461536 0.03365384615384615 0.06610576923076923
3 0.037259615384615384 0.9038461538461539 0.04567307692307692 0.07451923076923077
3 0.10817307692307693 0.5216346153846154 0.040865384615384616 0.051682692307692304
3 0.20072115384615385 0.39903846153846156 0.046875 0.055288461538461536