2 0.7752403846153846 0.7932692307692307 0.039663461538461536 0.06610576923076923
0 0.8125 0.6454326923076923 0.054086538461538464 0.0829326923076923
0 0.7884615384615384 0.5132211538461539 0.038461538461538464 0.07451923076923077
0 0.6105769230769231 0.5805288461538461 0.03365384615384615 0.06009615384615385
0 0.6189903846153846 0.6502403846153846 0.04326923076923077 0.06370192307692307
0 0.578125 0.7079326923076923 0.04807692307692308 0.07692307692307693
0 0.5949519230769231 0.8161057692307693 0.06490384615384616 0.07211538461538461
0 0.6021634615384616 0.8870192307692307 0.07932692307692307 0.125
0 0.18269230769230768 0.7752403846153846 0.056490384615384616 0.057692307692307696
3 0.7848557692307693 0.6117788461538461 0.057692307692307696 0.07572115384615384
3 0.3918269230769231 0.7439903846153846 0.054086538461538464 0.05889423076923077