0 0.6478365384615384 0.039663461538461536 0.019230769230769232 0.046875
0 0.5841346153846154 0.11177884615384616 0.03125 0.051682692307692304
0 0.5504807692307693 0.13701923076923078 0.02283653846153846 0.038461538461538464
0 0.4723557692307692 0.2608173076923077 0.018028846153846152 0.03365384615384615
0 0.46033653846153844 0.30649038461538464 0.019230769230769232 0.036057692307692304
0 0.9146634615384616 0.41466346153846156 0.08653846153846154 0.125
0 0.6658653846153846 0.25721153846153844 0.04447115384615385 0.07572115384615384
0 0.5396634615384616 0.3701923076923077 0.03245192307692308 0.05889423076923077
0 0.6237980769230769 0.27884615384615385 0.025240384615384616 0.06490384615384616
0 0.5060096153846154 0.6021634615384616 0.03365384615384615 0.07692307692307693
0 0.44591346153846156 0.5877403846153846 0.03125 0.056490384615384616
0 0.7283653846153846 0.7944711538461539 0.09014423076923077 0.16105769230769232
0 0.7572115384615384 0.8942307692307693 0.12980769230769232 0.18269230769230768