0 0.7632211538461539 0.078125 0.037259615384615384 0.06610576923076923
0 0.8509615384615384 0.14302884615384615 0.03245192307692308 0.05889423076923077
0 0.7956730769230769 0.16466346153846154 0.03485576923076923 0.05889423076923077
0 0.9759615384615384 0.44591346153846156 0.04447115384615385 0.07692307692307693
0 0.8846153846153846 0.5576923076923077 0.037259615384615384 0.052884615384615384
0 0.6237980769230769 0.9507211538461539 0.06129807692307692 0.09735576923076923
0 0.5444711538461539 0.9663461538461539 0.06009615384615385 0.06610576923076923
0 0.2848557692307692 0.9627403846153846 0.055288461538461536 0.06971153846153846
0 0.2439903846153846 0.6430288461538461 0.057692307692307696 0.10216346153846154
0 0.18990384615384615 0.6310096153846154 0.046875 0.10817307692307693
0 0.4579326923076923 0.11658653846153846 0.04447115384615385 0.0829326923076923
0 0.11177884615384616 0.3088942307692308 0.05889423076923077 0.1045673076923077
3 0.7536057692307693 0.44350961538461536 0.030048076923076924 0.051682692307692304
3 0.6802884615384616 0.4375 0.04326923076923077 0.06971153846153846
3 0.5504807692307693 0.36538461538461536 0.037259615384615384 0.07091346153846154