0 0.09495192307692307 0.3629807692307692 0.11778846153846154 0.1875
0 0.15504807692307693 0.25721153846153844 0.0733173076923077 0.11298076923076923
0 0.26802884615384615 0.5480769230769231 0.07451923076923077 0.12860576923076922
0 0.40024038461538464 0.38100961538461536 0.06129807692307692 0.13581730769230768
0 0.17067307692307693 0.5637019230769231 0.11658653846153846 0.17548076923076922
0 0.0733173076923077 0.7259615384615384 0.14423076923076922 0.21754807692307693
0 0.4014423076923077 0.04567307692307692 0.06129807692307692 0.08653846153846154
0 0.45072115384615385 0.11298076923076923 0.0625 0.11298076923076923
0 0.5012019230769231 0.15504807692307693 0.038461538461538464 0.07451923076923077
1 0.6658653846153846 0.47115384615384615 0.09134615384615384 0.10817307692307693
1 0.8942307692307693 0.35096153846153844 0.07692307692307693 0.11899038461538461
1 0.2848557692307692 0.6838942307692307 0.05889423076923077 0.12860576923076922
1 0.3137019230769231 0.5060096153846154 0.05048076923076923 0.07451923076923077
1 0.3629807692307692 0.4831730769230769 0.055288461538461536 0.13581730769230768
1 0.8329326923076923 0.27163461538461536 0.042067307692307696 0.10336538461538461
1 0.6658653846153846 0.31490384615384615 0.05048076923076923 0.08173076923076923
1 0.6634615384615384 0.18870192307692307 0.052884615384615384 0.09134615384615384