0 0.3269230769230769 0.0985576923076923 0.07211538461538461 0.12860576923076922
1 0.3605769230769231 0.5216346153846154 0.109375 0.08653846153846154
1 0.3245192307692308 0.7295673076923077 0.07932692307692307 0.2439903846153846
1 0.4098557692307692 0.6646634615384616 0.09495192307692307 0.15264423076923078
1 0.6045673076923077 0.2403846153846154 0.05889423076923077 0.08653846153846154
1 0.5985576923076923 0.5444711538461539 0.07211538461538461 0.09615384615384616
1 0.8641826923076923 0.7944711538461539 0.08173076923076923 0.10817307692307693
3 0.22115384615384615 0.7283653846153846 0.09735576923076923 0.13822115384615385
3 0.5492788461538461 0.33533653846153844 0.04807692307692308 0.05889423076923077
3 0.5985576923076923 0.32572115384615385 0.06129807692307692 0.07451923076923077
3 0.9026442307692307 0.5949519230769231 0.09495192307692307 0.11899038461538461
3 0.84375 0.453125 0.0733173076923077 0.11057692307692307
3 0.7163461538461539 0.3269230769230769 0.06129807692307692 0.08173076923076923
3 0.4338942307692308 0.06370192307692307 0.046875 0.08413461538461539