0 0.27163461538461536 0.7415865384615384 0.054086538461538464 0.0829326923076923
0 0.9879807692307693 0.3401442307692308 0.02283653846153846 0.08774038461538461
0 0.8016826923076923 0.4014423076923077 0.0625 0.0829326923076923
0 0.7175480769230769 0.5504807692307693 0.05889423076923077 0.0889423076923077
0 0.625 0.7824519230769231 0.05889423076923077 0.09014423076923077
0 0.6754807692307693 0.6911057692307693 0.06009615384615385 0.07932692307692307
0 0.5180288461538461 0.5661057692307693 0.06610576923076923 0.11658653846153846
0 0.3269230769230769 0.7668269230769231 0.078125 0.11538461538461539
3 0.8689903846153846 0.45913461538461536 0.04326923076923077 0.05889423076923077
3 0.7956730769230769 0.5216346153846154 0.06850961538461539 0.10216346153846154
3 0.7295673076923077 0.390625 0.039663461538461536 0.09254807692307693
3 0.5372596153846154 0.9627403846153846 0.056490384615384616 0.0733173076923077
3 0.5060096153846154 0.6346153846153846 0.056490384615384616 0.07451923076923077
3 0.3016826923076923 0.6814903846153846 0.06971153846153846 0.09014423076923077