0 0.8521634615384616 0.38221153846153844 0.039663461538461536 0.07211538461538461
0 0.21153846153846154 0.5841346153846154 0.02403846153846154 0.04326923076923077
0 0.1814903846153846 0.5793269230769231 0.02283653846153846 0.05048076923076923
0 0.24519230769230768 0.5 0.018028846153846152 0.05048076923076923
0 0.5276442307692307 0.15745192307692307 0.028846153846153848 0.0625
0 0.4987980769230769 0.3762019230769231 0.03125 0.052884615384615384
0 0.5192307692307693 0.39302884615384615 0.03365384615384615 0.04807692307692308
0 0.49278846153846156 0.4735576923076923 0.037259615384615384 0.0673076923076923
0 0.4423076923076923 0.6033653846153846 0.039663461538461536 0.07451923076923077
0 0.3713942307692308 0.6021634615384616 0.04447115384615385 0.07091346153846154
0 0.3581730769230769 0.6947115384615384 0.046875 0.0985576923076923
0 0.5024038461538461 0.09495192307692307 0.027644230769230768 0.038461538461538464
0 0.44350961538461536 0.11658653846153846 0.025240384615384616 0.046875
0 0.28846153846153844 0.421875 0.026442307692307692 0.046875
0 0.34134615384615385 0.421875 0.026442307692307692 0.054086538461538464