0 0.28125 0.4495192307692308 0.06490384615384616 0.0985576923076923
0 0.19831730769230768 0.30528846153846156 0.06009615384615385 0.07211538461538461
0 0.10817307692307693 0.4639423076923077 0.05889423076923077 0.0889423076923077
0 0.8485576923076923 0.5288461538461539 0.06610576923076923 0.14302884615384615
0 0.8786057692307693 0.6550480769230769 0.07451923076923077 0.12620192307692307
0 0.921875 0.4495192307692308 0.10576923076923077 0.16346153846153846
0 0.9711538461538461 0.2824519230769231 0.054086538461538464 0.1502403846153846
0 0.5060096153846154 0.7163461538461539 0.038461538461538464 0.0889423076923077
0 0.44711538461538464 0.8197115384615384 0.046875 0.10817307692307693
0 0.6742788461538461 0.14783653846153846 0.037259615384615384 0.08413461538461539
0 0.28365384615384615 0.18269230769230768 0.04567307692307692 0.07451923076923077
0 0.26322115384615385 0.2403846153846154 0.037259615384615384 0.07211538461538461