0 0.6862980769230769 0.7487980769230769 0.09134615384615384 0.17548076923076922
0 0.7908653846153846 0.8954326923076923 0.09735576923076923 0.17067307692307693
0 0.8257211538461539 0.5540865384615384 0.10697115384615384 0.18509615384615385
0 0.9338942307692307 0.13581730769230768 0.1310096153846154 0.21754807692307693
0 0.6754807692307693 0.24519230769230768 0.051682692307692304 0.10576923076923077
0 0.6310096153846154 0.2800480769230769 0.051682692307692304 0.09134615384615384
0 0.5841346153846154 0.2776442307692308 0.04567307692307692 0.08653846153846154
0 0.6262019230769231 0.14423076923076922 0.052884615384615384 0.09615384615384616
0 0.5228365384615384 0.36778846153846156 0.03485576923076923 0.06971153846153846
0 0.6358173076923077 0.6057692307692307 0.037259615384615384 0.07692307692307693
3 0.7800480769230769 0.078125 0.09254807692307693 0.12139423076923077