3 0.4411057692307692 0.6646634615384616 0.04447115384615385 0.04447115384615385
0 0.4026442307692308 0.6201923076923077 0.04447115384615385 0.06370192307692307
0 0.3737980769230769 0.6514423076923077 0.046875 0.08413461538461539
0 0.4098557692307692 0.7475961538461539 0.06129807692307692 0.11298076923076923
0 0.31009615384615385 0.96875 0.06610576923076923 0.056490384615384616
0 0.41346153846153844 0.9567307692307693 0.05889423076923077 0.08173076923076923
0 0.265625 0.7548076923076923 0.056490384615384616 0.08653846153846154
0 0.1141826923076923 0.7355769230769231 0.07091346153846154 0.10336538461538461
0 0.20552884615384615 0.6766826923076923 0.05048076923076923 0.06370192307692307
0 0.40384615384615385 0.5396634615384616 0.036057692307692304 0.06129807692307692
0 0.3713942307692308 0.42788461538461536 0.030048076923076924 0.051682692307692304
0 0.3076923076923077 0.5552884615384616 0.054086538461538464 0.10336538461538461
0 0.23557692307692307 0.296875 0.018028846153846152 0.03485576923076923
0 0.19110576923076922 0.31971153846153844 0.04326923076923077 0.056490384615384616
0 0.10216346153846154 0.21033653846153846 0.028846153846153848 0.04927884615384615