0 0.09495192307692307 0.057692307692307696 0.027644230769230768 0.04567307692307692
0 0.7908653846153846 0.11538461538461539 0.038461538461538464 0.05889423076923077
0 0.7512019230769231 0.18269230769230768 0.039663461538461536 0.06370192307692307
0 0.8185096153846154 0.38100961538461536 0.036057692307692304 0.06370192307692307
0 0.7151442307692307 0.2620192307692308 0.039663461538461536 0.07091346153846154
0 0.6959134615384616 0.18990384615384615 0.03365384615384615 0.054086538461538464
0 0.6177884615384616 0.35697115384615385 0.03485576923076923 0.0625
3 0.8521634615384616 0.34134615384615385 0.046875 0.07572115384615384
0 0.4699519230769231 0.5985576923076923 0.040865384615384616 0.057692307692307696
0 0.8473557692307693 0.7836538461538461 0.04447115384615385 0.07451923076923077
0 0.49158653846153844 0.7512019230769231 0.04326923076923077 0.07211538461538461
0 0.29086538461538464 0.7019230769230769 0.05048076923076923 0.07572115384615384
0 0.1935096153846154 0.59375 0.046875 0.06850961538461539