0 0.2824519230769231 0.28966346153846156 0.09735576923076923 0.13581730769230768
0 0.0733173076923077 0.8052884615384616 0.0889423076923077 0.12379807692307693
0 0.16105769230769232 0.0829326923076923 0.09134615384615384 0.12620192307692307
0 0.6887019230769231 0.07451923076923077 0.09014423076923077 0.14302884615384615
0 0.3713942307692308 0.2848557692307692 0.08052884615384616 0.14543269230769232
0 0.421875 0.19591346153846154 0.08052884615384616 0.09615384615384616
0 0.4495192307692308 0.2848557692307692 0.0829326923076923 0.12620192307692307
0 0.4963942307692308 0.19951923076923078 0.0829326923076923 0.12860576923076922
0 0.5420673076923077 0.30528846153846156 0.07692307692307693 0.12620192307692307
0 0.6478365384615384 0.28725961538461536 0.10697115384615384 0.1310096153846154
0 0.4182692307692308 0.6442307692307693 0.06370192307692307 0.17307692307692307
0 0.47475961538461536 0.7283653846153846 0.0889423076923077 0.18269230769230768
0 0.546875 0.6502403846153846 0.1045673076923077 0.17548076923076922
0 0.6550480769230769 0.59375 0.11057692307692307 0.18509615384615385
0 0.40024038461538464 0.9098557692307693 0.13581730769230768 0.17548076923076922
0 0.546875 0.9170673076923077 0.1310096153846154 0.16105769230769232
3 0.328125 0.5192307692307693 0.09014423076923077 0.1502403846153846
3 0.6899038461538461 0.47115384615384615 0.078125 0.12379807692307693
3 0.5552884615384616 0.5084134615384616 0.09014423076923077 0.14302884615384615
3 0.7572115384615384 0.4170673076923077 0.078125 0.12379807692307693
3 0.359375 0.06610576923076923 0.09495192307692307 0.11899038461538461