3 0.8497596153846154 0.8064903846153846 0.07211538461538461 0.09014423076923077
0 0.8329326923076923 0.953125 0.07091346153846154 0.09254807692307693
0 0.39302884615384615 0.7764423076923077 0.038461538461538464 0.07572115384615384
0 0.4807692307692308 0.7524038461538461 0.03245192307692308 0.05889423076923077
0 0.5625 0.6850961538461539 0.039663461538461536 0.06490384615384616
0 0.6983173076923077 0.5300480769230769 0.030048076923076924 0.0625
0 0.6189903846153846 0.4411057692307692 0.03485576923076923 0.05889423076923077
0 0.6778846153846154 0.3473557692307692 0.03245192307692308 0.06009615384615385
0 0.7223557692307693 0.3125 0.03125 0.056490384615384616
0 0.5721153846153846 0.1310096153846154 0.020432692307692308 0.04567307692307692
0 0.5480769230769231 0.1778846153846154 0.021634615384615384 0.038461538461538464
0 0.46274038461538464 0.23557692307692307 0.021634615384615384 0.037259615384615384
0 0.4423076923076923 0.2692307692307692 0.025240384615384616 0.036057692307692304
0 0.4879807692307692 0.24519230769230768 0.025240384615384616 0.03365384615384615
0 0.3786057692307692 0.3870192307692308 0.025240384615384616 0.037259615384615384
0 0.3858173076923077 0.4326923076923077 0.021634615384615384 0.042067307692307696