3 0.33413461538461536 0.7596153846153846 0.039663461538461536 0.052884615384615384
2 0.4723557692307692 0.7307692307692307 0.027644230769230768 0.04807692307692308
2 0.3954326923076923 0.7740384615384616 0.028846153846153848 0.052884615384615384
0 0.47716346153846156 0.6526442307692307 0.056490384615384616 0.07211538461538461
0 0.25600961538461536 0.5072115384615384 0.03365384615384615 0.04807692307692308
0 0.27283653846153844 0.3629807692307692 0.026442307692307692 0.06009615384615385
0 0.33533653846153844 0.27524038461538464 0.030048076923076924 0.06009615384615385
0 0.3076923076923077 0.2956730769230769 0.03485576923076923 0.056490384615384616
0 0.04807692307692308 0.28125 0.027644230769230768 0.04447115384615385
0 0.07211538461538461 0.2439903846153846 0.025240384615384616 0.03485576923076923
0 0.10576923076923077 0.2548076923076923 0.028846153846153848 0.04447115384615385
0 0.15865384615384615 0.19591346153846154 0.025240384615384616 0.037259615384615384
0 0.18028846153846154 0.15745192307692307 0.028846153846153848 0.038461538461538464