0 0.03125 0.6045673076923077 0.056490384615384616 0.10216346153846154
3 0.3016826923076923 0.39903846153846156 0.040865384615384616 0.04807692307692308
0 0.7163461538461539 0.9495192307692307 0.09615384615384616 0.09975961538461539
0 0.7259615384615384 0.6286057692307693 0.07572115384615384 0.1310096153846154
0 0.3425480769230769 0.39783653846153844 0.051682692307692304 0.08653846153846154
0 0.46274038461538464 0.27403846153846156 0.05889423076923077 0.1045673076923077
3 0.7620192307692307 0.21754807692307693 0.037259615384615384 0.04447115384615385
3 0.703125 0.20192307692307693 0.06610576923076923 0.04447115384615385
3 0.7283653846153846 0.23798076923076922 0.07572115384615384 0.057692307692307696
3 0.9038461538461539 0.38341346153846156 0.055288461538461536 0.0733173076923077
0 0.9314903846153846 0.7199519230769231 0.07572115384615384 0.11899038461538461