0 0.41586538461538464 0.5540865384615384 0.02403846153846154 0.04447115384615385
0 0.5480769230769231 0.8305288461538461 0.030048076923076924 0.052884615384615384
0 0.4699519230769231 0.7740384615384616 0.02283653846153846 0.05048076923076923
0 0.3293269230769231 0.9723557692307693 0.054086538461538464 0.054086538461538464
0 0.3786057692307692 0.8822115384615384 0.038461538461538464 0.07451923076923077
0 0.4110576923076923 0.3449519230769231 0.02283653846153846 0.05048076923076923
0 0.3137019230769231 0.34134615384615385 0.03365384615384615 0.06129807692307692
0 0.3125 0.5360576923076923 0.025240384615384616 0.054086538461538464
0 0.0889423076923077 0.5901442307692307 0.03125 0.056490384615384616
0 0.11298076923076923 0.7259615384615384 0.04326923076923077 0.0625
0 0.18509615384615385 0.5540865384615384 0.03245192307692308 0.051682692307692304
0 0.2608173076923077 0.6358173076923077 0.027644230769230768 0.05889423076923077
0 0.32572115384615385 0.09134615384615384 0.018028846153846152 0.026442307692307692
0 0.29447115384615385 0.11057692307692307 0.025240384615384616 0.05889423076923077
0 0.1466346153846154 0.27884615384615385 0.030048076923076924 0.06370192307692307