2 0.36899038461538464 0.34615384615384615 0.02403846153846154 0.04326923076923077
2 0.34134615384615385 0.2956730769230769 0.02403846153846154 0.038461538461538464
2 0.3173076923076923 0.3004807692307692 0.030048076923076924 0.046875
2 0.3786057692307692 0.4375 0.03485576923076923 0.03485576923076923
3 0.3269230769230769 0.4182692307692308 0.0625 0.07091346153846154
2 0.5168269230769231 0.3737980769230769 0.028846153846153848 0.036057692307692304
2 0.5372596153846154 0.3161057692307692 0.027644230769230768 0.040865384615384616
2 0.5072115384615384 0.41225961538461536 0.036057692307692304 0.040865384615384616
2 0.42908653846153844 0.5396634615384616 0.056490384615384616 0.06009615384615385
2 0.5480769230769231 0.5204326923076923 0.03365384615384615 0.04927884615384615
2 0.39903846153846156 0.6189903846153846 0.04447115384615385 0.06850961538461539
2 0.35216346153846156 0.6658653846153846 0.042067307692307696 0.0625
2 0.5817307692307693 0.5637019230769231 0.038461538461538464 0.06610576923076923
2 0.6971153846153846 0.7608173076923077 0.04927884615384615 0.07692307692307693
2 0.6538461538461539 0.7584134615384616 0.03365384615384615 0.046875
2 0.5504807692307693 0.7427884615384616 0.040865384615384616 0.07451923076923077
2 0.5132211538461539 0.7800480769230769 0.05889423076923077 0.09254807692307693
1 0.6586538461538461 0.6201923076923077 0.05048076923076923 0.056490384615384616
2 0.5588942307692307 0.4483173076923077 0.037259615384615384 0.04326923076923077
2 0.484375 0.6310096153846154 0.052884615384615384 0.06370192307692307
2 0.3425480769230769 0.5685096153846154 0.04447115384615385 0.07091346153846154
2 0.8966346153846154 0.22355769230769232 0.03485576923076923 0.055288461538461536
2 0.109375 0.3942307692307692 0.028846153846153848 0.038461538461538464
2 0.2127403846153846 0.3786057692307692 0.028846153846153848 0.030048076923076924
2 0.25841346153846156 0.46033653846153844 0.036057692307692304 0.052884615384615384
2 0.9086538461538461 0.5336538461538461 0.04927884615384615 0.06009615384615385
2 0.9266826923076923 0.5961538461538461 0.046875 0.06370192307692307
2 0.8882211538461539 0.6682692307692307 0.052884615384615384 0.07692307692307693
2 0.8377403846153846 0.6274038461538461 0.046875 0.05889423076923077
3 0.8149038461538461 0.48677884615384615 0.06009615384615385 0.07211538461538461
2 0.9795673076923077 0.9254807692307693 0.036057692307692304 0.10576923076923077
2 0.19951923076923078 0.5697115384615384 0.04807692307692308 0.06370192307692307
2 0.23798076923076922 0.5913461538461539 0.04326923076923077 0.06009615384615385
2 0.08533653846153846 0.7475961538461539 0.057692307692307696 0.07692307692307693
2 0.07572115384615384 0.6358173076923077 0.038461538461538464 0.052884615384615384