3 0.453125 0.6526442307692307 0.09375 0.12379807692307693
2 0.6478365384615384 0.6706730769230769 0.06009615384615385 0.07692307692307693
2 0.6983173076923077 0.6899038461538461 0.054086538461538464 0.09134615384615384
2 0.6526442307692307 0.7451923076923077 0.0625 0.07692307692307693
2 0.5733173076923077 0.7620192307692307 0.042067307692307696 0.0829326923076923
2 0.5336538461538461 0.7439903846153846 0.052884615384615384 0.06490384615384616
2 0.4735576923076923 0.8185096153846154 0.052884615384615384 0.07451923076923077
0 0.8713942307692307 0.7524038461538461 0.09495192307692307 0.15985576923076922
2 0.6478365384615384 0.578125 0.046875 0.07211538461538461
2 0.9663461538461539 0.8257211538461539 0.06129807692307692 0.0889423076923077
3 0.5901442307692307 0.8822115384615384 0.10216346153846154 0.14783653846153846
1 0.7728365384615384 0.9495192307692307 0.07572115384615384 0.078125
2 0.4963942307692308 0.9711538461538461 0.03365384615384615 0.056490384615384616
2 0.40384615384615385 0.7560096153846154 0.039663461538461536 0.06610576923076923
2 0.375 0.8088942307692307 0.039663461538461536 0.051682692307692304
3 0.6538461538461539 0.296875 0.04447115384615385 0.05889423076923077