3 0.15745192307692307 0.140625 0.052884615384615384 0.0829326923076923
3 0.08774038461538461 0.9314903846153846 0.09134615384615384 0.13581730769230768
3 0.3786057692307692 0.9326923076923077 0.11658653846153846 0.12740384615384615
3 0.27884615384615385 0.9399038461538461 0.09495192307692307 0.10096153846153846
3 0.4110576923076923 0.8401442307692307 0.08173076923076923 0.1310096153846154
3 0.22596153846153846 0.8605769230769231 0.0733173076923077 0.13341346153846154
3 0.4951923076923077 0.9206730769230769 0.0889423076923077 0.15264423076923078
3 0.5564903846153846 0.7584134615384616 0.057692307692307696 0.08653846153846154
3 0.43028846153846156 0.6778846153846154 0.07572115384615384 0.11658653846153846
3 0.4326923076923077 0.4987980769230769 0.08052884615384616 0.1346153846153846
3 0.24158653846153846 0.4795673076923077 0.054086538461538464 0.09014423076923077