2 0.6346153846153846 0.5576923076923077 0.027644230769230768 0.052884615384615384
2 0.6177884615384616 0.6069711538461539 0.03125 0.04447115384615385
2 0.4831730769230769 0.9158653846153846 0.03245192307692308 0.07211538461538461
2 0.6262019230769231 0.8569711538461539 0.036057692307692304 0.06610576923076923
2 0.5024038461538461 0.8521634615384616 0.028846153846153848 0.07211538461538461
2 0.84375 0.9002403846153846 0.040865384615384616 0.0625
2 0.7572115384615384 0.8004807692307693 0.04447115384615385 0.078125
2 0.7980769230769231 0.5985576923076923 0.028846153846153848 0.057692307692307696
2 0.7608173076923077 0.59375 0.03245192307692308 0.06490384615384616
2 0.7956730769230769 0.49038461538461536 0.037259615384615384 0.06490384615384616
2 0.8930288461538461 0.6646634615384616 0.040865384615384616 0.07572115384615384
2 0.4014423076923077 0.625 0.027644230769230768 0.052884615384615384
2 0.9086538461538461 0.4891826923076923 0.03245192307692308 0.06850961538461539
2 0.09375 0.23076923076923078 0.03245192307692308 0.042067307692307696