2 0.47596153846153844 0.890625 0.06610576923076923 0.10096153846153846
2 0.4543269230769231 0.96875 0.08653846153846154 0.057692307692307696
2 0.46153846153846156 0.3449519230769231 0.038461538461538464 0.052884615384615384
2 0.49158653846153844 0.36538461538461536 0.06129807692307692 0.06129807692307692
2 0.5588942307692307 0.35336538461538464 0.057692307692307696 0.07091346153846154
2 0.2860576923076923 0.5240384615384616 0.054086538461538464 0.04927884615384615
2 0.38341346153846156 0.5036057692307693 0.057692307692307696 0.08052884615384616
2 0.30528846153846156 0.5576923076923077 0.0625 0.0625
2 0.4206730769230769 0.43149038461538464 0.04326923076923077 0.08774038461538461
2 0.44711538461538464 0.47596153846153844 0.054086538461538464 0.0733173076923077
2 0.7908653846153846 0.6983173076923077 0.16105769230769232 0.22355769230769232
2 0.8834134615384616 0.7319711538461539 0.09495192307692307 0.1346153846153846
2 0.8677884615384616 0.8028846153846154 0.10576923076923077 0.1310096153846154
2 0.9170673076923077 0.8725961538461539 0.10697115384615384 0.14423076923076922
2 0.3485576923076923 0.3942307692307692 0.05048076923076923 0.06850961538461539
2 0.5372596153846154 0.2512019230769231 0.03245192307692308 0.06009615384615385
2 0.48197115384615385 0.21754807692307693 0.040865384615384616 0.04567307692307692
2 0.4483173076923077 0.24879807692307693 0.038461538461538464 0.039663461538461536
2 0.17067307692307693 0.5336538461538461 0.06009615384615385 0.0733173076923077