1 0.0625 0.7764423076923077 0.1201923076923077 0.17427884615384615
2 0.5504807692307693 0.9387019230769231 0.11057692307692307 0.11778846153846154
2 0.7596153846153846 0.46153846153846156 0.1141826923076923 0.14903846153846154
2 0.8173076923076923 0.6334134615384616 0.12980769230769232 0.1875
2 0.7067307692307693 0.6838942307692307 0.11899038461538461 0.18990384615384615
2 0.40024038461538464 0.9254807692307693 0.07451923076923077 0.14783653846153846
2 0.43990384615384615 0.7896634615384616 0.09495192307692307 0.17548076923076922
2 0.40865384615384615 0.515625 0.11298076923076923 0.171875
2 0.2608173076923077 0.4206730769230769 0.07211538461538461 0.11658653846153846
2 0.9783653846153846 0.9074519230769231 0.042067307692307696 0.1310096153846154
2 0.5973557692307693 0.4987980769230769 0.051682692307692304 0.0829326923076923
2 0.29086538461538464 0.5733173076923077 0.07211538461538461 0.13341346153846154
1 0.7271634615384616 0.03245192307692308 0.09134615384615384 0.06009615384615385
2 0.7259615384615384 0.2692307692307692 0.1045673076923077 0.16346153846153846
2 0.04927884615384615 0.21514423076923078 0.06009615384615385 0.08653846153846154
2 0.8509615384615384 0.039663461538461536 0.11057692307692307 0.06971153846153846