2 0.8966346153846154 0.39783653846153844 0.0625 0.0625
2 0.7355769230769231 0.5612980769230769 0.171875 0.25
2 0.45072115384615385 0.5180288461538461 0.09254807692307693 0.15264423076923078
2 0.40865384615384615 0.8401442307692307 0.13341346153846154 0.2548076923076923
2 0.8461538461538461 0.6610576923076923 0.11658653846153846 0.13341346153846154
2 0.9134615384615384 0.875 0.16826923076923078 0.24519230769230768
2 0.5973557692307693 0.1935096153846154 0.03245192307692308 0.04567307692307692
2 0.5540865384615384 0.22956730769230768 0.04927884615384615 0.09014423076923077
2 0.6334134615384616 0.19110576923076922 0.036057692307692304 0.036057692307692304
2 0.5072115384615384 0.203125 0.05048076923076923 0.07451923076923077
2 0.6394230769230769 0.06490384615384616 0.052884615384615384 0.06610576923076923
2 0.6057692307692307 0.1346153846153846 0.08173076923076923 0.10216346153846154
2 0.4074519230769231 0.28125 0.06129807692307692 0.0829326923076923
2 0.22596153846153846 0.2980769230769231 0.0625 0.078125
2 0.13822115384615385 0.4050480769230769 0.07211538461538461 0.10697115384615384
2 0.24158653846153846 0.1778846153846154 0.046875 0.054086538461538464