3 0.7439903846153846 0.25600961538461536 0.0673076923076923 0.07932692307692307
3 0.5552884615384616 0.47475961538461536 0.040865384615384616 0.06009615384615385
3 0.4411057692307692 0.8713942307692307 0.078125 0.11778846153846154
3 0.1971153846153846 0.7043269230769231 0.1045673076923077 0.09134615384615384
3 0.1622596153846154 0.8581730769230769 0.040865384615384616 0.07932692307692307
3 0.23798076923076922 0.8112980769230769 0.0625 0.10096153846153846
3 0.15985576923076922 0.9411057692307693 0.06850961538461539 0.10697115384615384
1 0.6622596153846154 0.6286057692307693 0.09254807692307693 0.24759615384615385
2 0.35216346153846156 0.5480769230769231 0.028846153846153848 0.05889423076923077
2 0.7692307692307693 0.19110576923076922 0.03245192307692308 0.030048076923076924
2 0.8341346153846154 0.15865384615384615 0.037259615384615384 0.042067307692307696
3 0.5072115384615384 0.8473557692307693 0.028846153846153848 0.11899038461538461
3 0.47716346153846156 0.9290865384615384 0.036057692307692304 0.09495192307692307
3 0.5661057692307693 0.6574519230769231 0.06610576923076923 0.15144230769230768
3 0.44591346153846156 0.7584134615384616 0.06490384615384616 0.10336538461538461
3 0.5084134615384616 0.7079326923076923 0.05889423076923077 0.10817307692307693
3 0.4483173076923077 0.6790865384615384 0.039663461538461536 0.06490384615384616
3 0.515625 0.5649038461538461 0.04927884615384615 0.06850961538461539
3 0.6009615384615384 0.3918269230769231 0.054086538461538464 0.11298076923076923
3 0.453125 0.5600961538461539 0.042067307692307696 0.06370192307692307
3 0.6634615384615384 0.4699519230769231 0.08533653846153846 0.1346153846153846
3 0.7439903846153846 0.3942307692307692 0.09254807692307693 0.10096153846153846
3 0.8221153846153846 0.47716346153846156 0.11538461538461539 0.1875
3 0.8641826923076923 0.34134615384615385 0.09375 0.10817307692307693
3 0.96875 0.20072115384615385 0.06009615384615385 0.07572115384615384
3 0.28365384615384615 0.40024038461538464 0.0673076923076923 0.056490384615384616