3 0.45072115384615385 0.8641826923076923 0.10216346153846154 0.13221153846153846
0 0.8870192307692307 0.9098557692307693 0.11298076923076923 0.1778846153846154
3 0.6310096153846154 0.45913461538461536 0.038461538461538464 0.05048076923076923
2 0.5396634615384616 0.9495192307692307 0.051682692307692304 0.07451923076923077
2 0.5853365384615384 0.9591346153846154 0.05889423076923077 0.08052884615384616
2 0.6610576923076923 0.9302884615384616 0.06490384615384616 0.08173076923076923
2 0.6490384615384616 0.8533653846153846 0.06009615384615385 0.09134615384615384
2 0.7043269230769231 0.8605769230769231 0.04927884615384615 0.08533653846153846
2 0.6430288461538461 0.7487980769230769 0.04807692307692308 0.06610576923076923
2 0.7704326923076923 0.5733173076923077 0.038461538461538464 0.046875
2 0.8413461538461539 0.5745192307692307 0.037259615384615384 0.042067307692307696
2 0.6646634615384616 0.5480769230769231 0.036057692307692304 0.04447115384615385
2 0.6899038461538461 0.47596153846153844 0.036057692307692304 0.037259615384615384
2 0.45913461538461536 0.546875 0.027644230769230768 0.046875
2 0.42788461538461536 0.6454326923076923 0.030048076923076924 0.056490384615384616
2 0.53125 0.6262019230769231 0.04326923076923077 0.054086538461538464
2 0.9831730769230769 0.5877403846153846 0.028846153846153848 0.05048076923076923
2 0.9831730769230769 0.5216346153846154 0.027644230769230768 0.03485576923076923
2 0.7115384615384616 0.9411057692307693 0.046875 0.07692307692307693
2 0.546875 0.5456730769230769 0.040865384615384616 0.05889423076923077