1 0.5324519230769231 0.3076923076923077 0.09254807692307693 0.15264423076923078
1 0.47836538461538464 0.34615384615384615 0.12379807692307693 0.15384615384615385
1 0.49278846153846156 0.7127403846153846 0.17067307692307693 0.2848557692307692
3 0.234375 0.6153846153846154 0.14543269230769232 0.18269230769230768
2 0.234375 0.44471153846153844 0.030048076923076924 0.08052884615384616
2 0.5853365384615384 0.3389423076923077 0.03365384615384615 0.04326923076923077
2 0.2091346153846154 0.8521634615384616 0.037259615384615384 0.051682692307692304
2 0.3112980769230769 0.8149038461538461 0.07211538461538461 0.06490384615384616
2 0.5769230769230769 0.6706730769230769 0.028846153846153848 0.046875
2 0.3016826923076923 0.30528846153846156 0.08653846153846154 0.12620192307692307
2 0.3088942307692308 0.3762019230769231 0.026442307692307692 0.04326923076923077