2 0.09735576923076923 0.32572115384615385 0.02403846153846154 0.018028846153846152
1 0.1814903846153846 0.17668269230769232 0.06490384615384616 0.046875
1 0.4651442307692308 0.21634615384615385 0.10216346153846154 0.05889423076923077
2 0.22716346153846154 0.3125 0.051682692307692304 0.03245192307692308
2 0.23197115384615385 0.1935096153846154 0.016826923076923076 0.02283653846153846
2 0.13822115384615385 0.3858173076923077 0.015625 0.03485576923076923
2 0.17668269230769232 0.38822115384615385 0.06009615384615385 0.08173076923076923
2 0.3389423076923077 0.49399038461538464 0.03125 0.055288461538461536
2 0.5132211538461539 0.5372596153846154 0.06610576923076923 0.08052884615384616
2 0.5204326923076923 0.5805288461538461 0.06850961538461539 0.0889423076923077
2 0.2932692307692308 0.8641826923076923 0.08533653846153846 0.1310096153846154
2 0.7079326923076923 0.21514423076923078 0.04567307692307692 0.037259615384615384
2 0.18389423076923078 0.21995192307692307 0.038461538461538464 0.016826923076923076
2 0.1141826923076923 0.5120192307692307 0.052884615384615384 0.039663461538461536
2 0.43149038461538464 0.359375 0.042067307692307696 0.051682692307692304