2 0.3004807692307692 0.7824519230769231 0.037259615384615384 0.036057692307692304
2 0.12980769230769232 0.7475961538461539 0.025240384615384616 0.021634615384615384
2 0.1502403846153846 0.7680288461538461 0.03245192307692308 0.02283653846153846
2 0.051682692307692304 0.7403846153846154 0.03365384615384615 0.030048076923076924
2 0.046875 0.7680288461538461 0.040865384615384616 0.030048076923076924
3 0.16826923076923078 0.8317307692307693 0.046875 0.037259615384615384
3 0.0889423076923077 0.7223557692307693 0.037259615384615384 0.03365384615384615
3 0.8966346153846154 0.8353365384615384 0.08173076923076923 0.06610576923076923
3 0.359375 0.9591346153846154 0.06971153846153846 0.046875
3 0.06370192307692307 0.7956730769230769 0.046875 0.026442307692307692
0 0.4098557692307692 0.7151442307692307 0.04447115384615385 0.0829326923076923
2 0.125 0.6947115384615384 0.019230769230769232 0.020432692307692308
0 0.11538461538461539 0.7283653846153846 0.03125 0.037259615384615384
3 0.057692307692307696 0.7163461538461539 0.037259615384615384 0.025240384615384616