2 0.5120192307692307 0.484375 0.055288461538461536 0.0985576923076923
1 0.6201923076923077 0.36658653846153844 0.09014423076923077 0.07692307692307693
2 0.5036057692307693 0.6117788461538461 0.06490384615384616 0.0829326923076923
2 0.9579326923076923 0.828125 0.07932692307692307 0.17067307692307693
2 0.5276442307692307 0.5612980769230769 0.051682692307692304 0.08052884615384616
2 0.7475961538461539 0.48197115384615385 0.05889423076923077 0.0829326923076923
2 0.6887019230769231 0.4098557692307692 0.0673076923076923 0.08653846153846154
2 0.7992788461538461 0.3004807692307692 0.05889423076923077 0.07091346153846154
2 0.7259615384615384 0.30288461538461536 0.05889423076923077 0.056490384615384616
2 0.42908653846153844 0.9338942307692307 0.11538461538461539 0.1310096153846154
2 0.5865384615384616 0.7560096153846154 0.11298076923076923 0.1502403846153846
2 0.45913461538461536 0.47596153846153844 0.10096153846153846 0.14903846153846154
2 0.4567307692307692 0.8353365384615384 0.07692307692307693 0.12379807692307693
2 0.5084134615384616 0.7920673076923077 0.07451923076923077 0.13822115384615385
2 0.984375 0.6646634615384616 0.026442307692307692 0.09375
2 0.9831730769230769 0.7524038461538461 0.028846153846153848 0.09134615384615384
2 0.6213942307692307 0.1935096153846154 0.037259615384615384 0.056490384615384616
2 0.1310096153846154 0.359375 0.046875 0.07451923076923077
2 0.1622596153846154 0.40625 0.055288461538461536 0.07211538461538461
2 0.7247596153846154 0.23918269230769232 0.06490384615384616 0.06971153846153846
2 0.0985576923076923 0.43990384615384615 0.06370192307692307 0.07451923076923077
2 0.03365384615384615 0.3485576923076923 0.056490384615384616 0.08052884615384616