2 0.8954326923076923 0.5877403846153846 0.057692307692307696 0.09134615384615384
2 0.8413461538461539 0.5564903846153846 0.052884615384615384 0.06370192307692307
2 0.4050480769230769 0.5673076923076923 0.052884615384615384 0.06370192307692307
2 0.5540865384615384 0.75 0.05048076923076923 0.07932692307692307
2 0.5204326923076923 0.8076923076923077 0.06850961538461539 0.11538461538461539
1 0.6538461538461539 0.5901442307692307 0.04326923076923077 0.0625
2 0.7115384615384616 0.7331730769230769 0.051682692307692304 0.0889423076923077
2 0.6658653846153846 0.7403846153846154 0.037259615384615384 0.057692307692307696
2 0.5396634615384616 0.43149038461538464 0.042067307692307696 0.05048076923076923
2 0.5324519230769231 0.5120192307692307 0.039663461538461536 0.05048076923076923
2 0.5709134615384616 0.5540865384615384 0.04326923076923077 0.0625
2 0.9242788461538461 0.5024038461538461 0.04927884615384615 0.05889423076923077
2 0.9026442307692307 0.44711538461538464 0.05048076923076923 0.06610576923076923
3 0.8040865384615384 0.41346153846153844 0.0625 0.078125
2 0.5024038461538461 0.3016826923076923 0.027644230769230768 0.039663461538461536
2 0.49399038461538464 0.36899038461538464 0.03365384615384615 0.03365384615384615
2 0.4831730769230769 0.4170673076923077 0.030048076923076924 0.03125
2 0.4723557692307692 0.6526442307692307 0.04567307692307692 0.06370192307692307
2 0.5961538461538461 0.6634615384615384 0.052884615384615384 0.08052884615384616
2 0.8401442307692307 0.5552884615384616 0.04927884615384615 0.06129807692307692
2 0.8569711538461539 0.12620192307692307 0.036057692307692304 0.051682692307692304
2 0.3485576923076923 0.46634615384615385 0.03485576923076923 0.05048076923076923
2 0.31971153846153844 0.6177884615384616 0.04927884615384615 0.06971153846153846
3 0.28725961538461536 0.45913461538461536 0.07091346153846154 0.07091346153846154
2 0.27283653846153844 0.33413461538461536 0.03365384615384615 0.04807692307692308
2 0.29447115384615385 0.32572115384615385 0.02403846153846154 0.04927884615384615
2 0.33052884615384615 0.3713942307692308 0.02283653846153846 0.04447115384615385
2 0.21754807692307693 0.5168269230769231 0.040865384615384616 0.06370192307692307
2 0.1622596153846154 0.44591346153846156 0.028846153846153848 0.036057692307692304
2 0.04927884615384615 0.4891826923076923 0.036057692307692304 0.04807692307692308
2 0.16826923076923078 0.6526442307692307 0.052884615384615384 0.06850961538461539