3 0.8894230769230769 0.140625 0.03485576923076923 0.05048076923076923
0 0.5444711538461539 0.36177884615384615 0.04326923076923077 0.04447115384615385
0 0.4987980769230769 0.33774038461538464 0.051682692307692304 0.07572115384615384
3 0.703125 0.31971153846153844 0.054086538461538464 0.025240384615384616
3 0.6490384615384616 0.3786057692307692 0.051682692307692304 0.05889423076923077
3 0.7079326923076923 0.4675480769230769 0.07091346153846154 0.1045673076923077
3 0.7620192307692307 0.8353365384615384 0.06610576923076923 0.14903846153846154
3 0.5384615384615384 0.41466346153846156 0.05048076923076923 0.06850961538461539
3 0.2860576923076923 0.9314903846153846 0.0673076923076923 0.08413461538461539
3 0.23076923076923078 0.6033653846153846 0.03245192307692308 0.07932692307692307
3 0.3641826923076923 0.10336538461538461 0.02283653846153846 0.021634615384615384
3 0.31490384615384615 0.11538461538461539 0.026442307692307692 0.03365384615384615