2 0.021634615384615384 0.6021634615384616 0.026442307692307692 0.016826923076923076
2 0.038461538461538464 0.7980769230769231 0.06129807692307692 0.046875
2 0.5973557692307693 0.7139423076923077 0.027644230769230768 0.054086538461538464
2 0.44591346153846156 0.9302884615384616 0.057692307692307696 0.09375
2 0.052884615384615384 0.6995192307692307 0.016826923076923076 0.046875
2 0.7007211538461539 0.4639423076923077 0.04807692307692308 0.04807692307692308
2 0.2512019230769231 0.8725961538461539 0.036057692307692304 0.07211538461538461
2 0.18389423076923078 0.4230769230769231 0.019230769230769232 0.019230769230769232
2 0.16346153846153846 0.5973557692307693 0.055288461538461536 0.040865384615384616
2 0.7427884615384616 0.1502403846153846 0.040865384615384616 0.052884615384615384
2 0.37259615384615385 0.6694711538461539 0.042067307692307696 0.06490384615384616
2 0.4423076923076923 0.9723557692307693 0.07211538461538461 0.052884615384615384
2 0.0889423076923077 0.7067307692307693 0.06850961538461539 0.10697115384615384
1 0.12980769230769232 0.39302884615384615 0.06009615384615385 0.06490384615384616
1 0.4338942307692308 0.47716346153846156 0.0985576923076923 0.06850961538461539
2 0.19951923076923078 0.13221153846153846 0.03485576923076923 0.026442307692307692
1 0.09254807692307693 0.15504807692307693 0.042067307692307696 0.05048076923076923