2 0.9170673076923077 0.6225961538461539 0.03485576923076923 0.037259615384615384
2 0.8197115384615384 0.6502403846153846 0.042067307692307696 0.042067307692307696
2 0.8269230769230769 0.6802884615384616 0.042067307692307696 0.04567307692307692
2 0.7175480769230769 0.6814903846153846 0.042067307692307696 0.04807692307692308
2 0.9495192307692307 0.6418269230769231 0.04326923076923077 0.06850961538461539
2 0.8617788461538461 0.7223557692307693 0.04447115384615385 0.06370192307692307
2 0.78125 0.8052884615384616 0.036057692307692304 0.06610576923076923
2 0.6286057692307693 0.9387019230769231 0.038461538461538464 0.052884615384615384
2 0.5576923076923077 0.9387019230769231 0.039663461538461536 0.06009615384615385
2 0.59375 0.9675480769230769 0.038461538461538464 0.06009615384615385
2 0.6706730769230769 0.9795673076923077 0.038461538461538464 0.038461538461538464
3 0.9266826923076923 0.9639423076923077 0.04326923076923077 0.06971153846153846
3 0.9483173076923077 0.8966346153846154 0.05048076923076923 0.07211538461538461
2 0.9170673076923077 0.9302884615384616 0.030048076923076924 0.0625
3 0.8966346153846154 0.9158653846153846 0.042067307692307696 0.06129807692307692
2 0.8521634615384616 0.9759615384615384 0.03365384615384615 0.04567307692307692
2 0.7596153846153846 0.36778846153846156 0.030048076923076924 0.03485576923076923
2 0.7163461538461539 0.3485576923076923 0.03365384615384615 0.026442307692307692
2 0.7451923076923077 0.34615384615384615 0.03485576923076923 0.03245192307692308
2 0.6394230769230769 0.2800480769230769 0.02403846153846154 0.027644230769230768
2 0.6370192307692307 0.31850961538461536 0.02403846153846154 0.028846153846153848
2 0.6790865384615384 0.36778846153846156 0.03365384615384615 0.03245192307692308
2 0.6598557692307693 0.3557692307692308 0.026442307692307692 0.028846153846153848
2 0.6502403846153846 0.3954326923076923 0.027644230769230768 0.027644230769230768
2 0.5516826923076923 0.31971153846153844 0.028846153846153848 0.027644230769230768
2 0.5168269230769231 0.4266826923076923 0.03125 0.03245192307692308
2 0.5396634615384616 0.41225961538461536 0.025240384615384616 0.042067307692307696
2 0.8076923076923077 0.28365384615384615 0.03125 0.05048076923076923
2 0.7764423076923077 0.39783653846153844 0.038461538461538464 0.040865384615384616
2 0.8269230769230769 0.3894230769230769 0.03485576923076923 0.04807692307692308
2 0.38221153846153844 0.7331730769230769 0.036057692307692304 0.04567307692307692
3 0.9387019230769231 0.2704326923076923 0.04807692307692308 0.0673076923076923
3 0.3161057692307692 0.7175480769230769 0.040865384615384616 0.06129807692307692