2 0.08533653846153846 0.6057692307692307 0.039663461538461536 0.051682692307692304
2 0.5432692307692307 0.33774038461538464 0.02403846153846154 0.036057692307692304
2 0.5240384615384616 0.390625 0.028846153846153848 0.027644230769230768
2 0.5072115384615384 0.43028846153846156 0.03125 0.037259615384615384
2 0.4014423076923077 0.6165865384615384 0.04807692307692308 0.06490384615384616
2 0.35216346153846156 0.65625 0.037259615384615384 0.06009615384615385
2 0.34615384615384615 0.5637019230769231 0.04326923076923077 0.06850961538461539
2 0.4326923076923077 0.5504807692307693 0.052884615384615384 0.054086538461538464
2 0.48197115384615385 0.6346153846153846 0.05048076923076923 0.054086538461538464
2 0.5432692307692307 0.5348557692307693 0.040865384615384616 0.046875
2 0.5769230769230769 0.5817307692307693 0.038461538461538464 0.06370192307692307
2 0.5384615384615384 0.7536057692307693 0.042067307692307696 0.0733173076923077
2 0.5060096153846154 0.7884615384615384 0.057692307692307696 0.09615384615384616
3 0.33052884615384615 0.4230769230769231 0.06850961538461539 0.07932692307692307
2 0.5588942307692307 0.46274038461538464 0.039663461538461536 0.04807692307692308
2 0.3858173076923077 0.4411057692307692 0.03365384615384615 0.040865384615384616
2 0.33052884615384615 0.3016826923076923 0.028846153846153848 0.042067307692307696
2 0.35216346153846156 0.29927884615384615 0.02283653846153846 0.036057692307692304
2 0.37740384615384615 0.35216346153846156 0.02283653846153846 0.04326923076923077
2 0.26802884615384615 0.45072115384615385 0.03365384615384615 0.05048076923076923
2 0.21153846153846154 0.32572115384615385 0.02403846153846154 0.036057692307692304
2 0.12620192307692307 0.38100961538461536 0.03125 0.03365384615384615
2 0.22716346153846154 0.3701923076923077 0.028846153846153848 0.028846153846153848
2 0.21394230769230768 0.5612980769230769 0.036057692307692304 0.06850961538461539
2 0.24278846153846154 0.578125 0.04447115384615385 0.06490384615384616
2 0.1466346153846154 0.6887019230769231 0.051682692307692304 0.06009615384615385
2 0.09375 0.7127403846153846 0.052884615384615384 0.06610576923076923
2 0.8966346153846154 0.5805288461538461 0.04567307692307692 0.055288461538461536
2 0.9110576923076923 0.6430288461538461 0.046875 0.06971153846153846
2 0.8341346153846154 0.6646634615384616 0.057692307692307696 0.0673076923076923
2 0.8725961538461539 0.7091346153846154 0.052884615384615384 0.08052884615384616
2 0.9627403846153846 0.9567307692307693 0.06009615384615385 0.08533653846153846
2 0.6826923076923077 0.7800480769230769 0.04447115384615385 0.07211538461538461
2 0.640625 0.7752403846153846 0.03245192307692308 0.04807692307692308
1 0.6442307692307693 0.6430288461538461 0.037259615384615384 0.054086538461538464
3 0.8088942307692307 0.5252403846153846 0.06129807692307692 0.09014423076923077
2 0.9002403846153846 0.27283653846153844 0.03365384615384615 0.054086538461538464