2 0.5516826923076923 0.43509615384615385 0.03125 0.04567307692307692
2 0.36899038461538464 0.44471153846153844 0.03485576923076923 0.042067307692307696
2 0.3545673076923077 0.35096153846153844 0.026442307692307692 0.046875
1 0.6622596153846154 0.5973557692307693 0.04326923076923077 0.054086538461538464
3 0.31009615384615385 0.42908653846153844 0.07211538461538461 0.07091346153846154
3 0.8173076923076923 0.44471153846153844 0.06009615384615385 0.08052884615384616
2 0.33533653846153844 0.5853365384615384 0.042067307692307696 0.07091346153846154
2 0.34975961538461536 0.6790865384615384 0.037259615384615384 0.0673076923076923
2 0.4014423076923077 0.6286057692307693 0.04927884615384615 0.07451923076923077
2 0.484375 0.6298076923076923 0.046875 0.06370192307692307
2 0.5216346153846154 0.7860576923076923 0.06129807692307692 0.10096153846153846
2 0.5552884615384616 0.7415865384615384 0.04567307692307692 0.07692307692307693
2 0.5817307692307693 0.5528846153846154 0.039663461538461536 0.06370192307692307
2 0.6646634615384616 0.7427884615384616 0.03125 0.04807692307692308
2 0.7103365384615384 0.7439903846153846 0.05048076923076923 0.0889423076923077
2 0.42427884615384615 0.5444711538461539 0.055288461538461536 0.055288461538461536
2 0.5444711538461539 0.5096153846153846 0.038461538461538464 0.04447115384615385
2 0.5240384615384616 0.30408653846153844 0.025240384615384616 0.04447115384615385
2 0.5120192307692307 0.36538461538461536 0.028846153846153848 0.03365384615384615
2 0.5012019230769231 0.40384615384615385 0.040865384615384616 0.042067307692307696
2 0.9086538461538461 0.484375 0.04927884615384615 0.06610576923076923
2 0.8978365384615384 0.6189903846153846 0.057692307692307696 0.08653846153846154
2 0.8449519230769231 0.5877403846153846 0.04567307692307692 0.07451923076923077
2 0.3004807692307692 0.3112980769230769 0.03365384615384615 0.04927884615384615
2 0.32211538461538464 0.30288461538461536 0.02283653846153846 0.039663461538461536
2 0.8846153846153846 0.16706730769230768 0.036057692307692304 0.04567307692307692
2 0.22596153846153846 0.6237980769230769 0.04567307692307692 0.0625
2 0.19471153846153846 0.5985576923076923 0.04567307692307692 0.07091346153846154
2 0.08653846153846154 0.42908653846153844 0.03485576923076923 0.039663461538461536
2 0.19471153846153846 0.4026442307692308 0.03365384615384615 0.036057692307692304
2 0.2548076923076923 0.4495192307692308 0.03245192307692308 0.04326923076923077
2 0.24158653846153846 0.48197115384615385 0.042067307692307696 0.056490384615384616
2 0.07211538461538461 0.8004807692307693 0.055288461538461536 0.08173076923076923