2 0.6538461538461539 0.765625 0.06009615384615385 0.11538461538461539
2 0.18990384615384615 0.9050480769230769 0.06129807692307692 0.0673076923076923
2 0.7259615384615384 0.28725961538461536 0.042067307692307696 0.042067307692307696
2 0.6730769230769231 0.8161057692307693 0.0733173076923077 0.1141826923076923
2 0.22956730769230768 0.6983173076923077 0.06971153846153846 0.11538461538461539
2 0.4567307692307692 0.7788461538461539 0.03125 0.07932692307692307
2 0.2247596153846154 0.3894230769230769 0.02283653846153846 0.026442307692307692
2 0.5132211538461539 0.5552884615384616 0.04447115384615385 0.06129807692307692
2 0.2704326923076923 0.5588942307692307 0.051682692307692304 0.04447115384615385
2 0.6021634615384616 0.703125 0.052884615384615384 0.09134615384615384
2 0.16466346153846154 0.47475961538461536 0.04447115384615385 0.03365384615384615
1 0.5024038461538461 0.3629807692307692 0.1045673076923077 0.07451923076923077
1 0.14783653846153846 0.3786057692307692 0.08653846153846154 0.05889423076923077
2 0.09615384615384616 0.6225961538461539 0.037259615384615384 0.04567307692307692
2 0.18629807692307693 0.6802884615384616 0.04927884615384615 0.1045673076923077