0 0.7848557692307693 0.32572115384615385 0.05048076923076923 0.08774038461538461
0 0.3629807692307692 0.040865384615384616 0.04326923076923077 0.06971153846153846
0 0.5252403846153846 0.12259615384615384 0.04807692307692308 0.06490384615384616
1 0.5384615384615384 0.2860576923076923 0.1201923076923077 0.125
1 0.4699519230769231 0.32091346153846156 0.07692307692307693 0.09134615384615384
1 0.30288461538461536 0.4579326923076923 0.14543269230769232 0.13701923076923078
1 0.421875 0.578125 0.06370192307692307 0.13701923076923078
1 0.17908653846153846 0.4026442307692308 0.09254807692307693 0.09735576923076923
1 0.12860576923076922 0.4519230769230769 0.06129807692307692 0.09134615384615384
2 0.3425480769230769 0.41586538461538464 0.02403846153846154 0.030048076923076924
2 0.3449519230769231 0.35216346153846156 0.03125 0.03485576923076923
2 0.4254807692307692 0.47596153846153844 0.039663461538461536 0.046875
2 0.4495192307692308 0.21754807692307693 0.036057692307692304 0.036057692307692304
2 0.3894230769230769 0.1502403846153846 0.03245192307692308 0.06850961538461539
2 0.7704326923076923 0.4963942307692308 0.09134615384615384 0.09495192307692307
2 0.5600961538461539 0.515625 0.056490384615384616 0.06490384615384616
0 0.9411057692307693 0.9278846153846154 0.09014423076923077 0.14302884615384615