3 0.16826923076923078 0.48197115384615385 0.05048076923076923 0.06610576923076923
3 0.3545673076923077 0.1875 0.04927884615384615 0.07451923076923077
3 0.4495192307692308 0.08052884615384616 0.06610576923076923 0.11899038461538461
3 0.3545673076923077 0.34375 0.04927884615384615 0.078125
3 0.39302884615384615 0.3545673076923077 0.042067307692307696 0.10336538461538461
3 0.44471153846153844 0.38100961538461536 0.07451923076923077 0.12620192307692307
3 0.6021634615384616 0.06971153846153846 0.07692307692307693 0.13701923076923078
3 0.7067307692307693 0.16466346153846154 0.12860576923076922 0.1201923076923077
3 0.6225961538461539 0.22355769230769232 0.08052884615384616 0.13341346153846154
3 0.5973557692307693 0.48197115384615385 0.06971153846153846 0.12139423076923077
3 0.6430288461538461 0.5564903846153846 0.06850961538461539 0.13942307692307693
2 0.25841346153846156 0.6213942307692307 0.057692307692307696 0.054086538461538464
3 0.30649038461538464 0.6658653846153846 0.054086538461538464 0.07091346153846154
2 0.6021634615384616 0.6514423076923077 0.056490384615384616 0.07211538461538461
3 0.8894230769230769 0.5685096153846154 0.08653846153846154 0.08533653846153846
3 0.8713942307692307 0.6730769230769231 0.1045673076923077 0.16706730769230768