2 0.9423076923076923 0.9459134615384616 0.057692307692307696 0.10336538461538461
2 0.9795673076923077 0.9507211538461539 0.036057692307692304 0.09375
1 0.6370192307692307 0.6382211538461539 0.040865384615384616 0.051682692307692304
3 0.7992788461538461 0.5180288461538461 0.057692307692307696 0.0829326923076923
2 0.8810096153846154 0.5709134615384616 0.04447115384615385 0.0625
2 0.8942307692307693 0.6322115384615384 0.05048076923076923 0.06009615384615385
2 0.8545673076923077 0.6899038461538461 0.04567307692307692 0.06850961538461539
2 0.8100961538461539 0.6550480769230769 0.04326923076923077 0.057692307692307696
2 0.46634615384615385 0.9591346153846154 0.051682692307692304 0.08052884615384616
2 0.49759615384615385 0.7740384615384616 0.06009615384615385 0.08173076923076923
2 0.53125 0.7475961538461539 0.046875 0.06850961538461539
2 0.671875 0.7692307692307693 0.04447115384615385 0.0829326923076923
2 0.6310096153846154 0.7680288461538461 0.03365384615384615 0.054086538461538464
2 0.5685096153846154 0.5805288461538461 0.036057692307692304 0.06490384615384616
2 0.5360576923076923 0.34134615384615385 0.026442307692307692 0.040865384615384616
2 0.5144230769230769 0.39903846153846156 0.03365384615384615 0.030048076923076924
2 0.5060096153846154 0.4338942307692308 0.04326923076923077 0.038461538461538464
2 0.5528846153846154 0.46634615384615385 0.03365384615384615 0.040865384615384616
2 0.5384615384615384 0.5360576923076923 0.036057692307692304 0.04447115384615385
2 0.47596153846153844 0.6358173076923077 0.04927884615384615 0.055288461538461536
2 0.5721153846153846 0.6862980769230769 0.046875 0.06370192307692307
2 0.39903846153846156 0.6201923076923077 0.055288461538461536 0.06610576923076923
3 0.3269230769230769 0.42908653846153844 0.06370192307692307 0.07211538461538461
2 0.4266826923076923 0.5492788461538461 0.051682692307692304 0.05889423076923077
2 0.38100961538461536 0.4483173076923077 0.03485576923076923 0.038461538461538464
2 0.3737980769230769 0.36177884615384615 0.02283653846153846 0.04927884615384615
2 0.32572115384615385 0.3173076923076923 0.028846153846153848 0.042067307692307696
2 0.3449519230769231 0.3137019230769231 0.019230769230769232 0.038461538461538464
2 0.12860576923076922 0.39783653846153844 0.028846153846153848 0.040865384615384616
2 0.21033653846153846 0.5661057692307693 0.04567307692307692 0.07692307692307693
2 0.3425480769230769 0.5697115384615384 0.03365384615384615 0.06129807692307692
2 0.3173076923076923 0.5961538461538461 0.030048076923076924 0.046875
2 0.24278846153846154 0.5901442307692307 0.04567307692307692 0.05889423076923077
2 0.25961538461538464 0.4675480769230769 0.04326923076923077 0.05889423076923077
2 0.22115384615384615 0.3870192307692308 0.028846153846153848 0.036057692307692304
2 0.0985576923076923 0.7235576923076923 0.051682692307692304 0.0625
2 0.8870192307692307 0.2692307692307692 0.037259615384615384 0.05048076923076923