2 0.38100961538461536 0.703125 0.02403846153846154 0.028846153846153848
3 0.3870192307692308 0.8641826923076923 0.026442307692307692 0.04326923076923077
2 0.5492788461538461 0.9759615384615384 0.03365384615384615 0.03485576923076923
2 0.5180288461538461 0.9579326923076923 0.030048076923076924 0.027644230769230768
2 0.4026442307692308 0.6971153846153846 0.02403846153846154 0.025240384615384616
2 0.4182692307692308 0.8569711538461539 0.021634615384615384 0.03485576923076923
2 0.34975961538461536 0.9651442307692307 0.02403846153846154 0.03485576923076923
2 0.3425480769230769 0.8834134615384616 0.02403846153846154 0.03245192307692308
2 0.32091346153846156 0.9278846153846154 0.026442307692307692 0.03485576923076923
2 0.28365384615384615 0.8521634615384616 0.026442307692307692 0.027644230769230768
2 0.26322115384615385 0.9543269230769231 0.016826923076923076 0.021634615384615384
2 0.42427884615384615 0.7596153846153846 0.030048076923076924 0.04807692307692308
3 0.7788461538461539 0.6634615384615384 0.038461538461538464 0.05048076923076923
2 0.1310096153846154 0.890625 0.020432692307692308 0.03365384615384615
2 0.20432692307692307 0.8762019230769231 0.02403846153846154 0.03485576923076923
2 0.10697115384615384 0.8605769230769231 0.02283653846153846 0.030048076923076924
3 0.17307692307692307 0.890625 0.025240384615384616 0.03245192307692308
3 0.16346153846153846 0.8461538461538461 0.03365384615384615 0.039663461538461536