3 0.22355769230769232 0.23798076923076922 0.051682692307692304 0.06610576923076923
3 0.19591346153846154 0.875 0.04447115384615385 0.07932692307692307
3 0.2704326923076923 0.9483173076923077 0.05889423076923077 0.10216346153846154
3 0.37259615384615385 0.9651442307692307 0.052884615384615384 0.06850961538461539
3 0.5444711538461539 0.6129807692307693 0.04567307692307692 0.078125
3 0.9266826923076923 0.2824519230769231 0.03125 0.08052884615384616
0 0.53125 0.8100961538461539 0.056490384615384616 0.07932692307692307
0 0.8377403846153846 0.5793269230769231 0.04447115384615385 0.07091346153846154
0 0.2776442307692308 0.44711538461538464 0.04927884615384615 0.078125
0 0.4026442307692308 0.15264423076923078 0.04567307692307692 0.09134615384615384
0 0.5853365384615384 0.42427884615384615 0.026442307692307692 0.0733173076923077
0 0.6814903846153846 0.28365384615384615 0.046875 0.078125