2 0.5324519230769231 0.7596153846153846 0.040865384615384616 0.07211538461538461
2 0.6694711538461539 0.5661057692307693 0.04447115384615385 0.06009615384615385
2 0.5384615384615384 0.5504807692307693 0.03245192307692308 0.046875
2 0.6382211538461539 0.9266826923076923 0.09495192307692307 0.14423076923076922
2 0.8040865384615384 0.9375 0.06490384615384616 0.09495192307692307
2 0.7932692307692307 0.7536057692307693 0.054086538461538464 0.11778846153846154
2 0.7019230769230769 0.7247596153846154 0.06009615384615385 0.10697115384615384
2 0.7139423076923077 0.8629807692307693 0.06009615384615385 0.11658653846153846
2 0.5432692307692307 0.8786057692307693 0.051682692307692304 0.08173076923076923
2 0.48197115384615385 0.7463942307692307 0.04326923076923077 0.06850961538461539
2 0.6430288461538461 0.35697115384615385 0.03125 0.038461538461538464
2 0.9146634615384616 0.4074519230769231 0.04447115384615385 0.06490384615384616
2 0.8112980769230769 0.28725961538461536 0.03365384615384615 0.056490384615384616
2 0.7019230769230769 0.45072115384615385 0.039663461538461536 0.06129807692307692
2 0.5841346153846154 0.46875 0.028846153846153848 0.04807692307692308
2 0.9507211538461539 0.45552884615384615 0.0625 0.07211538461538461
2 0.4723557692307692 0.9290865384615384 0.04927884615384615 0.0889423076923077
2 0.44591346153846156 0.6694711538461539 0.03485576923076923 0.057692307692307696
2 0.40865384615384615 0.609375 0.030048076923076924 0.057692307692307696