0 0.3954326923076923 0.7848557692307693 0.03245192307692308 0.04807692307692308
2 0.6009615384615384 0.8942307692307693 0.039663461538461536 0.025240384615384616
2 0.5733173076923077 0.890625 0.027644230769230768 0.020432692307692308
2 0.05889423076923077 0.7524038461538461 0.03245192307692308 0.027644230769230768
2 0.18509615384615385 0.9122596153846154 0.040865384615384616 0.028846153846153848
2 0.27163461538461536 0.9338942307692307 0.030048076923076924 0.030048076923076924
2 0.6165865384615384 0.7956730769230769 0.030048076923076924 0.025240384615384616
2 0.37740384615384615 0.8221153846153846 0.030048076923076924 0.027644230769230768
2 0.11899038461538461 0.7235576923076923 0.02403846153846154 0.025240384615384616
2 0.4963942307692308 0.8545673076923077 0.026442307692307692 0.03245192307692308
2 0.23197115384615385 0.9026442307692307 0.037259615384615384 0.03365384615384615
2 0.12740384615384615 0.9122596153846154 0.03365384615384615 0.04567307692307692
2 0.47115384615384615 0.9543269230769231 0.039663461538461536 0.03245192307692308
2 0.3245192307692308 0.9651442307692307 0.04447115384615385 0.052884615384615384
3 0.07692307692307693 0.8533653846153846 0.038461538461538464 0.025240384615384616
3 0.06370192307692307 0.8257211538461539 0.03485576923076923 0.04326923076923077
2 0.078125 0.8257211538461539 0.028846153846153848 0.015625
2 0.4014423076923077 0.7451923076923077 0.03485576923076923 0.03245192307692308
2 0.5673076923076923 0.8317307692307693 0.026442307692307692 0.027644230769230768
2 0.42908653846153844 0.984375 0.037259615384615384 0.028846153846153848
2 0.36899038461538464 0.9242788461538461 0.03485576923076923 0.03245192307692308
2 0.3389423076923077 0.8004807692307693 0.03485576923076923 0.03485576923076923
2 0.21514423076923078 0.8161057692307693 0.028846153846153848 0.037259615384615384
2 0.5637019230769231 0.7151442307692307 0.026442307692307692 0.03485576923076923
2 0.5252403846153846 0.7668269230769231 0.036057692307692304 0.02403846153846154