2 0.5793269230769231 0.7223557692307693 0.025240384615384616 0.03485576923076923
2 0.49278846153846156 0.6069711538461539 0.021634615384615384 0.025240384615384616
2 0.38341346153846156 0.7007211538461539 0.030048076923076924 0.040865384615384616
2 0.48677884615384615 0.7776442307692307 0.027644230769230768 0.04447115384615385
2 0.3137019230769231 0.6322115384615384 0.021634615384615384 0.03245192307692308
2 0.6225961538461539 0.7007211538461539 0.013221153846153846 0.03125
2 0.4026442307692308 0.5612980769230769 0.02283653846153846 0.03365384615384615
2 0.39903846153846156 0.6550480769230769 0.037259615384615384 0.052884615384615384
2 0.44471153846153844 0.8112980769230769 0.025240384615384616 0.03485576923076923
2 0.4362980769230769 0.7548076923076923 0.046875 0.05048076923076923
2 0.38100961538461536 0.5444711538461539 0.019230769230769232 0.02403846153846154