2 0.6262019230769231 0.5817307692307693 0.09375 0.15384615384615385
2 0.5216346153846154 0.8918269230769231 0.10576923076923077 0.1814903846153846
2 0.48197115384615385 0.9495192307692307 0.11298076923076923 0.09975961538461539
2 0.16346153846153846 0.5745192307692307 0.109375 0.14543269230769232
0 0.8485576923076923 0.5817307692307693 0.11899038461538461 0.17668269230769232
0 0.47475961538461536 0.32091346153846156 0.10697115384615384 0.14783653846153846
2 0.9519230769230769 0.9639423076923077 0.057692307692307696 0.0673076923076923
2 0.8521634615384616 0.7259615384615384 0.06490384615384616 0.06370192307692307
2 0.33052884615384615 0.2776442307692308 0.04807692307692308 0.07692307692307693
2 0.8040865384615384 0.38100961538461536 0.03365384615384615 0.054086538461538464
2 0.7788461538461539 0.36177884615384615 0.019230769230769232 0.040865384615384616
2 0.4423076923076923 0.4963942307692308 0.05048076923076923 0.08774038461538461
2 0.5637019230769231 0.4362980769230769 0.05048076923076923 0.042067307692307696
2 0.8257211538461539 0.84375 0.09014423076923077 0.13942307692307693
2 0.7319711538461539 0.34975961538461536 0.03365384615384615 0.054086538461538464
2 0.7331730769230769 0.4675480769230769 0.046875 0.06610576923076923
2 0.5673076923076923 0.6754807692307693 0.040865384615384616 0.04567307692307692
2 0.53125 0.6682692307692307 0.03365384615384615 0.06610576923076923
2 0.46033653846153844 0.6057692307692307 0.04326923076923077 0.07692307692307693
2 0.4579326923076923 0.4170673076923077 0.037259615384615384 0.04567307692307692
2 0.5336538461538461 0.5793269230769231 0.04326923076923077 0.07572115384615384
2 0.609375 0.8533653846153846 0.05048076923076923 0.09615384615384616
2 0.5673076923076923 0.78125 0.06009615384615385 0.1045673076923077
2 0.265625 0.8209134615384616 0.05889423076923077 0.09375
2 0.1875 0.9254807692307693 0.051682692307692304 0.06009615384615385
2 0.09014423076923077 0.8401442307692307 0.07211538461538461 0.10336538461538461
2 0.078125 0.6021634615384616 0.06610576923076923 0.09014423076923077
2 0.07692307692307693 0.5204326923076923 0.06850961538461539 0.056490384615384616
2 0.06850961538461539 0.4326923076923077 0.06370192307692307 0.06850961538461539
2 0.1814903846153846 0.35216346153846156 0.052884615384615384 0.06129807692307692
2 0.3641826923076923 0.5925480769230769 0.0889423076923077 0.11658653846153846