0 0.7884615384615384 0.7247596153846154 0.020432692307692308 0.04447115384615385
0 0.6802884615384616 0.42788461538461536 0.016826923076923076 0.027644230769230768
3 0.49759615384615385 0.19591346153846154 0.030048076923076924 0.055288461538461536
3 0.5649038461538461 0.7512019230769231 0.042067307692307696 0.0625
3 0.4951923076923077 0.8197115384615384 0.036057692307692304 0.04807692307692308
3 0.4831730769230769 0.7704326923076923 0.02403846153846154 0.051682692307692304
3 0.49759615384615385 0.734375 0.018028846153846152 0.039663461538461536
0 0.6502403846153846 0.5300480769230769 0.03485576923076923 0.07091346153846154
0 0.7512019230769231 0.46033653846153844 0.018028846153846152 0.03125
0 0.7091346153846154 0.13581730769230768 0.020432692307692308 0.03245192307692308
3 0.7475961538461539 0.2956730769230769 0.026442307692307692 0.03365384615384615