2 0.5276442307692307 0.9819711538461539 0.06490384615384616 0.03125
2 0.48197115384615385 0.890625 0.06850961538461539 0.1466346153846154
2 0.6622596153846154 0.8822115384615384 0.06850961538461539 0.13822115384615385
2 0.6358173076923077 0.7620192307692307 0.08052884615384616 0.12980769230769232
2 0.6286057692307693 0.6117788461538461 0.06370192307692307 0.0985576923076923
2 0.5949519230769231 0.6526442307692307 0.06129807692307692 0.0985576923076923
2 0.5228365384615384 0.6754807692307693 0.06850961538461539 0.1141826923076923
2 0.44350961538461536 0.8269230769230769 0.056490384615384616 0.10697115384615384
2 0.39663461538461536 0.796875 0.06009615384615385 0.11298076923076923
3 0.9459134615384616 0.359375 0.09134615384615384 0.13942307692307693
2 0.8425480769230769 0.9783653846153846 0.06370192307692307 0.042067307692307696
2 0.7992788461538461 0.9098557692307693 0.06850961538461539 0.0889423076923077
2 0.7740384615384616 0.3870192307692308 0.04927884615384615 0.0733173076923077
2 0.6899038461538461 0.34615384615384615 0.055288461538461536 0.0625
2 0.5324519230769231 0.32091346153846156 0.051682692307692304 0.054086538461538464
2 0.5444711538461539 0.359375 0.04326923076923077 0.04927884615384615
2 0.5961538461538461 0.359375 0.038461538461538464 0.056490384615384616
2 0.41947115384615385 0.2848557692307692 0.051682692307692304 0.06971153846153846
2 0.4110576923076923 0.3557692307692308 0.04567307692307692 0.05889423076923077
2 0.8112980769230769 0.5144230769230769 0.06370192307692307 0.08774038461538461
2 0.8581730769230769 0.3942307692307692 0.04567307692307692 0.07451923076923077
2 0.8689903846153846 0.5264423076923077 0.05048076923076923 0.08173076923076923
2 0.84375 0.5973557692307693 0.04447115384615385 0.06610576923076923
2 0.8076923076923077 0.28846153846153844 0.03485576923076923 0.056490384615384616
2 0.6802884615384616 0.4735576923076923 0.052884615384615384 0.05889423076923077
2 0.6286057692307693 0.4807692307692308 0.051682692307692304 0.06850961538461539
2 0.5793269230769231 0.47716346153846156 0.04927884615384615 0.08533653846153846
2 0.6081730769230769 0.5480769230769231 0.03365384615384615 0.0625
2 0.5360576923076923 0.4098557692307692 0.039663461538461536 0.06370192307692307
2 0.8004807692307693 0.6754807692307693 0.078125 0.11057692307692307
2 0.2776442307692308 0.43149038461538464 0.054086538461538464 0.07091346153846154
2 0.29927884615384615 0.37259615384615385 0.04807692307692308 0.06370192307692307
2 0.34615384615384615 0.3786057692307692 0.04807692307692308 0.07211538461538461
2 0.35697115384615385 0.44711538461538464 0.04927884615384615 0.06009615384615385
2 0.38341346153846156 0.39783653846153844 0.04927884615384615 0.06129807692307692
2 0.44350961538461536 0.4567307692307692 0.04807692307692308 0.07451923076923077
2 0.4987980769230769 0.5036057692307693 0.04807692307692308 0.078125
2 0.5264423076923077 0.5408653846153846 0.06370192307692307 0.09615384615384616
2 0.2764423076923077 0.5300480769230769 0.04447115384615385 0.06850961538461539
2 0.38100961538461536 0.5432692307692307 0.055288461538461536 0.08533653846153846
2 0.65625 0.9483173076923077 0.056490384615384616 0.07211538461538461
2 0.40384615384615385 0.4735576923076923 0.03245192307692308 0.05048076923076923
2 0.3762019230769231 0.2692307692307692 0.042067307692307696 0.04447115384615385
2 0.34615384615384615 0.2956730769230769 0.040865384615384616 0.051682692307692304
2 0.45552884615384615 0.3473557692307692 0.055288461538461536 0.051682692307692304
2 0.4423076923076923 0.38461538461538464 0.04447115384615385 0.05048076923076923
2 0.0625 0.3581730769230769 0.056490384615384616 0.07692307692307693
2 0.6394230769230769 0.19471153846153846 0.05048076923076923 0.052884615384615384
2 0.8185096153846154 0.16826923076923078 0.042067307692307696 0.055288461538461536
2 0.8088942307692307 0.06610576923076923 0.027644230769230768 0.039663461538461536
2 0.7680288461538461 0.12139423076923077 0.028846153846153848 0.051682692307692304
2 0.7283653846153846 0.10817307692307693 0.03485576923076923 0.040865384615384616
2 0.6838942307692307 0.10336538461538461 0.030048076923076924 0.037259615384615384
2 0.6274038461538461 0.13701923076923078 0.037259615384615384 0.05048076923076923
2 0.5480769230769231 0.1045673076923077 0.040865384615384616 0.046875
2 0.4170673076923077 0.09495192307692307 0.038461538461538464 0.05048076923076923
2 0.3425480769230769 0.21033653846153846 0.03365384615384615 0.05048076923076923
2 0.4338942307692308 0.20552884615384615 0.03365384615384615 0.04447115384615385
2 0.7067307692307693 0.1875 0.040865384615384616 0.06009615384615385
2 0.9867788461538461 0.6850961538461539 0.021634615384615384 0.08653846153846154
2 0.04567307692307692 0.484375 0.0625 0.07091346153846154
2 0.1141826923076923 0.3088942307692308 0.046875 0.06370192307692307
2 0.20432692307692307 0.33774038461538464 0.04807692307692308 0.0625
2 0.19230769230769232 0.25961538461538464 0.03365384615384615 0.06850961538461539
2 0.15384615384615385 0.48677884615384615 0.051682692307692304 0.07451923076923077
2 0.07932692307692307 0.6117788461538461 0.06129807692307692 0.09254807692307693
2 0.016826923076923076 0.6850961538461539 0.03365384615384615 0.0985576923076923