2 0.4495192307692308 0.8798076923076923 0.07451923076923077 0.13822115384615385
2 0.4483173076923077 0.21394230769230768 0.04326923076923077 0.07451923076923077
2 0.40625 0.2548076923076923 0.04807692307692308 0.07692307692307693
2 0.3581730769230769 0.3004807692307692 0.042067307692307696 0.07091346153846154
2 0.8197115384615384 0.18389423076923078 0.07091346153846154 0.078125
3 0.7752403846153846 0.24278846153846154 0.125 0.12980769230769232
2 0.6959134615384616 0.5300480769230769 0.09014423076923077 0.13221153846153846
2 0.8774038461538461 0.5540865384615384 0.09495192307692307 0.11658653846153846
2 0.6646634615384616 0.8894230769230769 0.11057692307692307 0.16346153846153846
2 0.5564903846153846 0.6358173076923077 0.07932692307692307 0.12860576923076922
2 0.30288461538461536 0.42788461538461536 0.06490384615384616 0.08774038461538461
2 0.16346153846153846 0.5324519230769231 0.06370192307692307 0.125
2 0.8990384615384616 0.042067307692307696 0.06850961538461539 0.06850961538461539
2 0.5324519230769231 0.19831730769230768 0.05048076923076923 0.07692307692307693
2 0.9759615384615384 0.9194711538461539 0.046875 0.15985576923076922