1 0.5432692307692307 0.3701923076923077 0.078125 0.23557692307692307
2 0.9098557692307693 0.84375 0.11899038461538461 0.1310096153846154
2 0.23798076923076922 0.4423076923076923 0.04927884615384615 0.04326923076923077
3 0.3894230769230769 0.8497596153846154 0.057692307692307696 0.13822115384615385
3 0.4110576923076923 0.9639423076923077 0.05048076923076923 0.07091346153846154
3 0.33774038461538464 0.8677884615384616 0.07091346153846154 0.16706730769230768
3 0.1466346153846154 0.9314903846153846 0.07211538461538461 0.13221153846153846
3 0.109375 0.9362980769230769 0.0625 0.125
3 0.1045673076923077 0.7103365384615384 0.06490384615384616 0.09375
3 0.18269230769230768 0.7235576923076923 0.057692307692307696 0.0829326923076923
3 0.3269230769230769 0.6899038461538461 0.08413461538461539 0.11658653846153846
3 0.21033653846153846 0.9338942307692307 0.07091346153846154 0.1310096153846154
3 0.38221153846153844 0.6358173076923077 0.04927884615384615 0.15384615384615385
3 0.453125 0.40865384615384615 0.056490384615384616 0.14543269230769232
3 0.4110576923076923 0.42427884615384615 0.052884615384615384 0.0625
3 0.3473557692307692 0.42788461538461536 0.046875 0.052884615384615384
3 0.3389423076923077 0.5252403846153846 0.046875 0.04807692307692308
3 0.39663461538461536 0.53125 0.04927884615384615 0.078125
3 0.3317307692307692 0.5805288461538461 0.06129807692307692 0.0829326923076923
3 0.06971153846153846 0.609375 0.10216346153846154 0.10336538461538461
3 0.15264423076923078 0.31490384615384615 0.06850961538461539 0.056490384615384616
3 0.484375 0.2127403846153846 0.055288461538461536 0.12259615384615384
3 0.5432692307692307 0.22596153846153846 0.08052884615384616 0.13701923076923078
3 0.6165865384615384 0.14903846153846154 0.08413461538461539 0.07692307692307693
3 0.6838942307692307 0.2091346153846154 0.09615384615384616 0.16826923076923078
3 0.7151442307692307 0.08413461538461539 0.07091346153846154 0.11057692307692307
3 0.06610576923076923 0.45552884615384615 0.04807692307692308 0.05889423076923077
2 0.4362980769230769 0.2860576923076923 0.030048076923076924 0.030048076923076924
2 0.4182692307692308 0.31971153846153844 0.03485576923076923 0.036057692307692304