2 0.9651442307692307 0.5096153846153846 0.06850961538461539 0.13581730769230768
2 0.8641826923076923 0.4519230769230769 0.08533653846153846 0.12980769230769232
2 0.7848557692307693 0.2848557692307692 0.051682692307692304 0.055288461538461536
2 0.7860576923076923 0.32091346153846156 0.036057692307692304 0.042067307692307696
2 0.7740384615384616 0.3449519230769231 0.037259615384615384 0.04447115384615385
2 0.9026442307692307 0.8713942307692307 0.07451923076923077 0.10576923076923077
2 0.8653846153846154 0.5949519230769231 0.08774038461538461 0.109375
2 0.8028846153846154 0.796875 0.09615384615384616 0.14543269230769232
2 0.7740384615384616 0.9002403846153846 0.09014423076923077 0.13942307692307693
2 0.6394230769230769 0.9278846153846154 0.0673076923076923 0.12740384615384615
2 0.5024038461538461 0.8221153846153846 0.07572115384615384 0.1310096153846154
2 0.43149038461538464 0.7475961538461539 0.08413461538461539 0.13581730769230768
2 0.5805288461538461 0.8725961538461539 0.09014423076923077 0.171875
2 0.65625 0.6490384615384616 0.08052884615384616 0.08653846153846154
2 0.6069711538461539 0.37740384615384615 0.052884615384615384 0.0733173076923077
2 0.5012019230769231 0.29447115384615385 0.05048076923076923 0.07572115384615384
2 0.48197115384615385 0.43990384615384615 0.046875 0.078125
2 0.4375 0.47716346153846156 0.052884615384615384 0.07572115384615384
1 0.4074519230769231 0.6706730769230769 0.09375 0.09735576923076923
2 0.5600961538461539 0.49038461538461536 0.06850961538461539 0.09014423076923077
2 0.6298076923076923 0.47716346153846156 0.056490384615384616 0.054086538461538464
2 0.7728365384615384 0.1201923076923077 0.030048076923076924 0.052884615384615384
2 0.7836538461538461 0.17908653846153846 0.040865384615384616 0.04807692307692308
2 0.09615384615384616 0.7379807692307693 0.04807692307692308 0.07692307692307693
2 0.0985576923076923 0.3701923076923077 0.04567307692307692 0.0673076923076923
2 0.21875 0.39903846153846156 0.040865384615384616 0.052884615384615384
2 0.25240384615384615 0.3581730769230769 0.040865384615384616 0.0733173076923077