0 0.020432692307692308 0.8653846153846154 0.039663461538461536 0.0889423076923077
3 0.5985576923076923 0.052884615384615384 0.057692307692307696 0.09495192307692307
0 0.6201923076923077 0.5913461538461539 0.04326923076923077 0.08413461538461539
0 0.4987980769230769 0.9615384615384616 0.04807692307692308 0.07572115384615384
0 0.49158653846153844 0.8762019230769231 0.04927884615384615 0.08653846153846154
0 0.44591346153846156 0.9230769230769231 0.04927884615384615 0.10817307692307693
0 0.40625 0.9483173076923077 0.03245192307692308 0.06129807692307692
0 0.4014423076923077 0.8353365384615384 0.040865384615384616 0.08173076923076923
0 0.47115384615384615 0.5673076923076923 0.057692307692307696 0.11177884615384616
0 0.45913461538461536 0.4050480769230769 0.052884615384615384 0.09975961538461539
0 0.515625 0.3449519230769231 0.05889423076923077 0.10697115384615384
0 0.33052884615384615 0.3125 0.036057692307692304 0.07091346153846154
0 0.25 0.07091346153846154 0.042067307692307696 0.06971153846153846
0 0.4098557692307692 0.109375 0.04927884615384615 0.07451923076923077