1 0.5084134615384616 0.3088942307692308 0.109375 0.07572115384615384
1 0.16826923076923078 0.30288461538461536 0.07692307692307693 0.054086538461538464
2 0.7391826923076923 0.2608173076923077 0.052884615384615384 0.040865384615384616
2 0.23557692307692307 0.3161057692307692 0.018028846153846152 0.025240384615384616
2 0.17908653846153846 0.3954326923076923 0.038461538461538464 0.027644230769230768
2 0.26802884615384615 0.47475961538461536 0.05048076923076923 0.04326923076923077
2 0.4362980769230769 0.6971153846153846 0.03125 0.07451923076923077
2 0.17067307692307693 0.7776442307692307 0.055288461538461536 0.06971153846153846
2 0.6526442307692307 0.7596153846153846 0.0733173076923077 0.109375
2 0.6310096153846154 0.7055288461538461 0.06971153846153846 0.10697115384615384
2 0.5060096153846154 0.4951923076923077 0.04567307692307692 0.057692307692307696
2 0.21995192307692307 0.59375 0.06490384615384616 0.10697115384615384
2 0.1814903846153846 0.5745192307692307 0.042067307692307696 0.09254807692307693
2 0.10096153846153846 0.5228365384615384 0.036057692307692304 0.028846153846153848