3 0.6478365384615384 0.4483173076923077 0.04567307692307692 0.06850961538461539
0 0.7944711538461539 0.7932692307692307 0.046875 0.09254807692307693
0 0.7235576923076923 0.8569711538461539 0.055288461538461536 0.11177884615384616
0 0.7716346153846154 0.9507211538461539 0.04447115384615385 0.09735576923076923
0 0.5985576923076923 0.8329326923076923 0.052884615384615384 0.0985576923076923
0 0.640625 0.7427884615384616 0.0673076923076923 0.10336538461538461
0 0.3233173076923077 0.5673076923076923 0.039663461538461536 0.0625
0 0.4170673076923077 0.7716346153846154 0.038461538461538464 0.08052884615384616
0 0.5036057692307693 0.5564903846153846 0.04927884615384615 0.08413461538461539
0 0.46274038461538464 0.41346153846153844 0.03365384615384615 0.05889423076923077
0 0.5096153846153846 0.3088942307692308 0.046875 0.07692307692307693
0 0.3545673076923077 0.47836538461538464 0.040865384615384616 0.057692307692307696
0 0.037259615384615384 0.9591346153846154 0.038461538461538464 0.07091346153846154
0 0.11177884615384616 0.6670673076923077 0.04807692307692308 0.07932692307692307