3 0.43149038461538464 0.3473557692307692 0.09014423076923077 0.0889423076923077
3 0.34375 0.4543269230769231 0.09014423076923077 0.11057692307692307
2 0.5456730769230769 0.2512019230769231 0.04326923076923077 0.052884615384615384
2 0.5048076923076923 0.23197115384615385 0.04447115384615385 0.04807692307692308
2 0.8990384615384616 0.37740384615384615 0.06610576923076923 0.10216346153846154
2 0.6574519230769231 0.5949519230769231 0.06490384615384616 0.0673076923076923
2 0.5985576923076923 0.7872596153846154 0.06971153846153846 0.11538461538461539
2 0.5264423076923077 0.6334134615384616 0.037259615384615384 0.0829326923076923
2 0.2704326923076923 0.6622596153846154 0.05048076923076923 0.08653846153846154
0 0.8617788461538461 0.703125 0.026442307692307692 0.05889423076923077
2 0.44471153846153844 0.43990384615384615 0.038461538461538464 0.06370192307692307
2 0.16947115384615385 0.6141826923076923 0.039663461538461536 0.08052884615384616