1 0.9615384615384616 0.9399038461538461 0.07572115384615384 0.0673076923076923
2 0.5769230769230769 0.9002403846153846 0.046875 0.0829326923076923
2 0.6935096153846154 0.9002403846153846 0.040865384615384616 0.07091346153846154
2 0.6538461538461539 0.8004807692307693 0.06009615384615385 0.078125
2 0.7043269230769231 0.6730769230769231 0.04807692307692308 0.07572115384615384
2 0.9411057692307693 0.6754807692307693 0.05889423076923077 0.09014423076923077
2 0.8822115384615384 0.9290865384615384 0.051682692307692304 0.07692307692307693
2 0.8209134615384616 0.8449519230769231 0.06610576923076923 0.0889423076923077
2 0.7644230769230769 0.9158653846153846 0.03365384615384615 0.055288461538461536
2 0.453125 0.8822115384615384 0.04447115384615385 0.08653846153846154
2 0.3954326923076923 0.8665865384615384 0.05048076923076923 0.0829326923076923
2 0.3954326923076923 0.9411057692307693 0.038461538461538464 0.0733173076923077