0 0.17668269230769232 0.3786057692307692 0.040865384615384616 0.07451923076923077
0 0.2920673076923077 0.5853365384615384 0.03485576923076923 0.07692307692307693
0 0.203125 0.28846153846153844 0.040865384615384616 0.057692307692307696
0 0.3629807692307692 0.08653846153846154 0.05048076923076923 0.07692307692307693
0 0.31971153846153844 0.1875 0.036057692307692304 0.06490384615384616
0 0.36899038461538464 0.3173076923076923 0.051682692307692304 0.08052884615384616
0 0.47475961538461536 0.5625 0.06370192307692307 0.11658653846153846
0 0.5096153846153846 0.4699519230769231 0.06009615384615385 0.08052884615384616
0 0.5024038461538461 0.7319711538461539 0.06129807692307692 0.11298076923076923
0 0.5889423076923077 0.5625 0.05048076923076923 0.10697115384615384
0 0.6382211538461539 0.6526442307692307 0.04927884615384615 0.10697115384615384
0 0.6538461538461539 0.5084134615384616 0.04326923076923077 0.09254807692307693
3 0.5132211538461539 0.2091346153846154 0.051682692307692304 0.07211538461538461