3 0.40625 0.484375 0.03485576923076923 0.056490384615384616
2 0.6117788461538461 0.17427884615384615 0.03125 0.027644230769230768
2 0.6694711538461539 0.14182692307692307 0.03245192307692308 0.042067307692307696
3 0.8149038461538461 0.030048076923076924 0.06490384615384616 0.056490384615384616
3 0.8245192307692307 0.16105769230769232 0.11177884615384616 0.07932692307692307
3 0.9375 0.2091346153846154 0.12259615384615384 0.09134615384615384
3 0.7043269230769231 0.31009615384615385 0.08052884615384616 0.1310096153846154
3 0.6682692307692307 0.42427884615384615 0.10697115384615384 0.17307692307692307
3 0.5961538461538461 0.36899038461538464 0.08533653846153846 0.0985576923076923
3 0.5072115384615384 0.4735576923076923 0.09735576923076923 0.18269230769230768
3 0.30528846153846156 0.5889423076923077 0.04927884615384615 0.06610576923076923
3 0.44711538461538464 0.3870192307692308 0.06610576923076923 0.11538461538461539
3 0.36778846153846156 0.5877403846153846 0.05889423076923077 0.07932692307692307
3 0.21153846153846154 0.765625 0.07211538461538461 0.12259615384615384
3 0.2920673076923077 0.7283653846153846 0.056490384615384616 0.0625
3 0.4170673076923077 0.6923076923076923 0.06370192307692307 0.19591346153846154
3 0.3557692307692308 0.75 0.055288461538461536 0.12740384615384615
3 0.29447115384615385 0.8149038461538461 0.07692307692307693 0.12259615384615384
3 0.3389423076923077 0.8521634615384616 0.04447115384615385 0.109375
3 0.3473557692307692 0.921875 0.039663461538461536 0.15384615384615385
3 0.12980769230769232 0.9579326923076923 0.05889423076923077 0.0829326923076923
3 0.03485576923076923 0.9362980769230769 0.06610576923076923 0.125
3 0.28125 0.9387019230769231 0.09134615384615384 0.11778846153846154
1 0.5216346153846154 0.6394230769230769 0.09254807692307693 0.2860576923076923
2 0.17548076923076922 0.5985576923076923 0.04927884615384615 0.057692307692307696
3 0.11298076923076923 0.43028846153846156 0.055288461538461536 0.05048076923076923
3 0.5901442307692307 0.23677884615384615 0.06009615384615385 0.078125