2 0.5793269230769231 0.6983173076923077 0.037259615384615384 0.054086538461538464
2 0.4543269230769231 0.7139423076923077 0.036057692307692304 0.06610576923076923
2 0.4807692307692308 0.6802884615384616 0.03485576923076923 0.046875
2 0.6021634615384616 0.8052884615384616 0.04447115384615385 0.07932692307692307
2 0.7860576923076923 0.9170673076923077 0.07091346153846154 0.11057692307692307
2 0.5480769230769231 0.609375 0.03485576923076923 0.06490384615384616
2 0.6105769230769231 0.9759615384615384 0.056490384615384616 0.046875
2 0.6814903846153846 0.6850961538461539 0.039663461538461536 0.042067307692307696
2 0.09615384615384616 0.6454326923076923 0.038461538461538464 0.056490384615384616
2 0.421875 0.7271634615384616 0.036057692307692304 0.06009615384615385
2 0.38221153846153844 0.7776442307692307 0.03485576923076923 0.06009615384615385
2 0.3401442307692308 0.6105769230769231 0.030048076923076924 0.04326923076923077
2 0.38461538461538464 0.48197115384615385 0.027644230769230768 0.046875
2 0.6021634615384616 0.5456730769230769 0.026442307692307692 0.05048076923076923
2 0.9591346153846154 0.5805288461538461 0.06850961538461539 0.10216346153846154
2 0.8521634615384616 0.4567307692307692 0.036057692307692304 0.06850961538461539