2 0.9338942307692307 0.6081730769230769 0.036057692307692304 0.06850961538461539
2 0.6538461538461539 0.6814903846153846 0.03245192307692308 0.05889423076923077
2 0.7079326923076923 0.5877403846153846 0.036057692307692304 0.06610576923076923
2 0.8161057692307693 0.609375 0.037259615384615384 0.06490384615384616
2 0.7860576923076923 0.7175480769230769 0.03485576923076923 0.07692307692307693
2 0.8221153846153846 0.7211538461538461 0.03485576923076923 0.0625
2 0.9254807692307693 0.7956730769230769 0.04567307692307692 0.08052884615384616
2 0.7884615384615384 0.9362980769230769 0.04326923076923077 0.08774038461538461
2 0.6394230769230769 0.7283653846153846 0.025240384615384616 0.04927884615384615
2 0.39302884615384615 0.8485576923076923 0.03365384615384615 0.056490384615384616
2 0.41947115384615385 0.7524038461538461 0.03365384615384615 0.0625
2 0.46274038461538464 0.6514423076923077 0.028846153846153848 0.06009615384615385
2 0.9495192307692307 0.5324519230769231 0.036057692307692304 0.06850961538461539
2 0.13341346153846154 0.36778846153846156 0.026442307692307692 0.042067307692307696