2 0.7019230769230769 0.3786057692307692 0.054086538461538464 0.056490384615384616
2 0.1466346153846154 0.5372596153846154 0.04807692307692308 0.04807692307692308
2 0.24639423076923078 0.8173076923076923 0.03485576923076923 0.078125
2 0.06490384615384616 0.65625 0.07572115384615384 0.11538461538461539
2 0.02283653846153846 0.6466346153846154 0.020432692307692308 0.05048076923076923
2 0.7403846153846154 0.06009615384615385 0.038461538461538464 0.052884615384615384
2 0.3713942307692308 0.5997596153846154 0.04447115384615385 0.06850961538461539
2 0.4579326923076923 0.8581730769230769 0.0625 0.08774038461538461
2 0.4579326923076923 0.9411057692307693 0.08413461538461539 0.11298076923076923
2 0.1658653846153846 0.0625 0.036057692307692304 0.02283653846153846
1 0.4266826923076923 0.39302884615384615 0.11057692307692307 0.06610576923076923
1 0.10336538461538461 0.33413461538461536 0.0733173076923077 0.055288461538461536
1 0.054086538461538464 0.08533653846153846 0.056490384615384616 0.039663461538461536