3 0.6778846153846154 0.3317307692307692 0.06610576923076923 0.09134615384615384
3 0.7596153846153846 0.6105769230769231 0.09014423076923077 0.13701923076923078
2 0.7283653846153846 0.3269230769230769 0.03485576923076923 0.04326923076923077
2 0.8365384615384616 0.3112980769230769 0.039663461538461536 0.04807692307692308
2 0.9194711538461539 0.46153846153846156 0.052884615384615384 0.05889423076923077
2 0.9338942307692307 0.1658653846153846 0.04447115384615385 0.046875
2 0.41947115384615385 0.21394230769230768 0.030048076923076924 0.03245192307692308
2 0.47596153846153844 0.2247596153846154 0.026442307692307692 0.027644230769230768
2 0.5180288461538461 0.1971153846153846 0.019230769230769232 0.030048076923076924
2 0.5492788461538461 0.19591346153846154 0.025240384615384616 0.030048076923076924
2 0.5745192307692307 0.19951923076923078 0.021634615384615384 0.03245192307692308
2 0.6117788461538461 0.22235576923076922 0.03125 0.04567307692307692
2 0.6069711538461539 0.3581730769230769 0.028846153846153848 0.04326923076923077
2 0.5516826923076923 0.3545673076923077 0.025240384615384616 0.040865384615384616
2 0.38822115384615385 0.3545673076923077 0.03245192307692308 0.03245192307692308
2 0.4326923076923077 0.36658653846153844 0.02283653846153846 0.030048076923076924
2 0.49399038461538464 0.3545673076923077 0.027644230769230768 0.03485576923076923
2 0.47475961538461536 0.43028846153846156 0.026442307692307692 0.036057692307692304
2 0.4362980769230769 0.4338942307692308 0.030048076923076924 0.038461538461538464
2 0.4098557692307692 0.42908653846153844 0.027644230769230768 0.039663461538461536
2 0.36899038461538464 0.47716346153846156 0.04447115384615385 0.055288461538461536
2 0.42788461538461536 0.5084134615384616 0.037259615384615384 0.055288461538461536
2 0.5396634615384616 0.5240384615384616 0.040865384615384616 0.0625
2 0.5637019230769231 0.4375 0.03485576923076923 0.054086538461538464
2 0.6045673076923077 0.4375 0.03365384615384615 0.054086538461538464
2 0.3088942307692308 0.3894230769230769 0.028846153846153848 0.037259615384615384
2 0.32211538461538464 0.4411057692307692 0.03125 0.04447115384615385
2 0.265625 0.44350961538461536 0.03125 0.039663461538461536
2 0.31971153846153844 0.34375 0.03485576923076923 0.04447115384615385
2 0.06610576923076923 0.49158653846153844 0.03485576923076923 0.037259615384615384
2 0.17548076923076922 0.39302884615384615 0.03245192307692308 0.036057692307692304
2 0.21634615384615385 0.4423076923076923 0.03245192307692308 0.04447115384615385
2 0.234375 0.40384615384615385 0.028846153846153848 0.04326923076923077
2 0.2644230769230769 0.40625 0.026442307692307692 0.04447115384615385
2 0.21394230769230768 0.5 0.030048076923076924 0.04567307692307692
2 0.27884615384615385 0.49399038461538464 0.025240384615384616 0.04807692307692308
2 0.3581730769230769 0.5576923076923077 0.036057692307692304 0.06490384615384616
2 0.13581730769230768 0.48677884615384615 0.039663461538461536 0.039663461538461536
2 0.4050480769230769 0.5384615384615384 0.037259615384615384 0.05889423076923077
2 0.4266826923076923 0.578125 0.036057692307692304 0.05048076923076923
2 0.42788461538461536 0.6514423076923077 0.040865384615384616 0.06490384615384616
2 0.5300480769230769 0.703125 0.046875 0.07211538461538461
2 0.515625 0.6538461538461539 0.037259615384615384 0.04807692307692308
2 0.6646634615384616 0.7259615384615384 0.04447115384615385 0.078125
2 0.6778846153846154 0.5192307692307693 0.03485576923076923 0.051682692307692304
2 0.6802884615384616 0.8401442307692307 0.055288461538461536 0.09615384615384616
2 0.59375 0.8725961538461539 0.055288461538461536 0.10096153846153846
2 0.5360576923076923 0.8689903846153846 0.056490384615384616 0.10096153846153846
2 0.47596153846153844 0.9290865384615384 0.056490384615384616 0.078125
2 0.4230769230769231 0.7319711538461539 0.03245192307692308 0.0625
2 0.13942307692307693 0.6802884615384616 0.052884615384615384 0.06850961538461539
2 0.27884615384615385 0.6382211538461539 0.04567307692307692 0.08533653846153846
2 0.3173076923076923 0.6706730769230769 0.046875 0.08052884615384616
2 0.3485576923076923 0.7463942307692307 0.06009615384615385 0.0889423076923077
2 0.4182692307692308 0.8052884615384616 0.046875 0.07451923076923077
2 0.6802884615384616 0.45913461538461536 0.030048076923076924 0.038461538461538464