2 0.6298076923076923 0.5841346153846154 0.1141826923076923 0.19951923076923078
2 0.9519230769230769 0.8677884615384616 0.09134615384615384 0.25961538461538464
2 0.8353365384615384 0.4495192307692308 0.10096153846153846 0.11298076923076923
2 0.7463942307692307 0.1622596153846154 0.07091346153846154 0.08653846153846154
2 0.9338942307692307 0.265625 0.056490384615384616 0.06971153846153846
2 0.125 0.15504807692307693 0.04927884615384615 0.0625
2 0.2764423076923077 0.16466346153846154 0.078125 0.10096153846153846
2 0.38341346153846156 0.07932692307692307 0.07572115384615384 0.08173076923076923
2 0.018028846153846152 0.44711538461538464 0.030048076923076924 0.0985576923076923
2 0.8966346153846154 0.12860576923076922 0.11778846153846154 0.15504807692307693
2 0.6009615384615384 0.17908653846153846 0.09014423076923077 0.09495192307692307
2 0.8137019230769231 0.24519230769230768 0.0889423076923077 0.10697115384615384
2 0.5324519230769231 0.9206730769230769 0.1778846153846154 0.15745192307692307