3 0.47596153846153844 0.6478365384615384 0.038461538461538464 0.054086538461538464
3 0.7367788461538461 0.24879807692307693 0.03485576923076923 0.052884615384615384
3 0.5697115384615384 0.0733173076923077 0.030048076923076924 0.03485576923076923
3 0.43990384615384615 0.14543269230769232 0.02283653846153846 0.037259615384615384
3 0.49278846153846156 0.06971153846153846 0.040865384615384616 0.04807692307692308
3 0.34615384615384615 0.5721153846153846 0.03485576923076923 0.05048076923076923
3 0.25961538461538464 0.5528846153846154 0.036057692307692304 0.046875
3 0.24759615384615385 0.49158653846153844 0.030048076923076924 0.038461538461538464
3 0.17908653846153846 0.53125 0.03125 0.039663461538461536
3 0.08413461538461539 0.3894230769230769 0.03125 0.040865384615384616
3 0.5961538461538461 0.7908653846153846 0.05889423076923077 0.0889423076923077