3 0.8581730769230769 0.5096153846153846 0.05889423076923077 0.040865384615384616
3 0.8990384615384616 0.3269230769230769 0.054086538461538464 0.038461538461538464
3 0.7632211538461539 0.5168269230769231 0.06610576923076923 0.09375
2 0.6598557692307693 0.9338942307692307 0.07451923076923077 0.11538461538461539
2 0.484375 0.8401442307692307 0.06129807692307692 0.08052884615384616
2 0.49158653846153844 0.6682692307692307 0.04927884615384615 0.08052884615384616
3 0.4182692307692308 0.7223557692307693 0.0625 0.08413461538461539
3 0.38461538461538464 0.1935096153846154 0.05889423076923077 0.10697115384615384
3 0.49158653846153844 0.2403846153846154 0.06971153846153846 0.09615384615384616
2 0.24639423076923078 0.7980769230769231 0.06009615384615385 0.06971153846153846
1 0.14783653846153846 0.7271634615384616 0.04567307692307692 0.17067307692307693