0 0.4411057692307692 0.6430288461538461 0.028846153846153848 0.0625
0 0.2860576923076923 0.046875 0.07211538461538461 0.08413461538461539
0 0.40625 0.109375 0.04567307692307692 0.0889423076923077
0 0.44591346153846156 0.21153846153846154 0.06370192307692307 0.1045673076923077
0 0.6358173076923077 0.3016826923076923 0.027644230769230768 0.06490384615384616
0 0.7692307692307693 0.36538461538461536 0.020432692307692308 0.04326923076923077
0 0.8401442307692307 0.3629807692307692 0.018028846153846152 0.021634615384615384
0 0.890625 0.43990384615384615 0.02283653846153846 0.030048076923076924
0 0.8990384615384616 0.3389423076923077 0.019230769230769232 0.026442307692307692
0 0.9615384615384616 0.41947115384615385 0.026442307692307692 0.03245192307692308
0 0.9903846153846154 0.33052884615384615 0.014423076923076924 0.036057692307692304
0 0.6947115384615384 0.5336538461538461 0.038461538461538464 0.05048076923076923
0 0.7584134615384616 0.4987980769230769 0.036057692307692304 0.07211538461538461