2 0.6430288461538461 0.6322115384615384 0.05048076923076923 0.06971153846153846
1 0.6899038461538461 0.8533653846153846 0.05048076923076923 0.054086538461538464
1 0.7728365384615384 0.8521634615384616 0.08173076923076923 0.06129807692307692
1 0.9326923076923077 0.7548076923076923 0.13341346153846154 0.08052884615384616
2 0.9098557692307693 0.8028846153846154 0.039663461538461536 0.07692307692307693
2 0.8269230769230769 0.7463942307692307 0.054086538461538464 0.07091346153846154
2 0.7800480769230769 0.6838942307692307 0.052884615384615384 0.06850961538461539
2 0.6610576923076923 0.9266826923076923 0.05048076923076923 0.0829326923076923
2 0.9122596153846154 0.9663461538461539 0.07932692307692307 0.0625
2 0.671875 0.7079326923076923 0.040865384615384616 0.06129807692307692
2 0.6911057692307693 0.5432692307692307 0.042067307692307696 0.0625
2 0.7271634615384616 0.7283653846153846 0.02403846153846154 0.038461538461538464
2 0.7175480769230769 0.9098557692307693 0.04326923076923077 0.08413461538461539
2 0.46274038461538464 0.6959134615384616 0.037259615384615384 0.06370192307692307