3 0.1935096153846154 0.7800480769230769 0.040865384615384616 0.055288461538461536
3 0.36658653846153844 0.7836538461538461 0.03125 0.040865384615384616
3 0.28846153846153844 0.6574519230769231 0.037259615384615384 0.04807692307692308
3 0.3605769230769231 0.6057692307692307 0.036057692307692304 0.04567307692307692
3 0.6935096153846154 0.8341346153846154 0.03365384615384615 0.051682692307692304
3 0.5661057692307693 0.6502403846153846 0.02403846153846154 0.039663461538461536
2 0.7572115384615384 0.8689903846153846 0.020432692307692308 0.025240384615384616
2 0.5913461538461539 0.6766826923076923 0.025240384615384616 0.03365384615384615
2 0.6658653846153846 0.7223557692307693 0.021634615384615384 0.03125
2 0.4543269230769231 0.5913461538461539 0.025240384615384616 0.03485576923076923
2 0.40865384615384615 0.5841346153846154 0.027644230769230768 0.037259615384615384
2 0.5300480769230769 0.6382211538461539 0.025240384615384616 0.025240384615384616
2 0.43149038461538464 0.6334134615384616 0.020432692307692308 0.03485576923076923
2 0.4567307692307692 0.6658653846153846 0.020432692307692308 0.027644230769230768
2 0.484375 0.6754807692307693 0.019230769230769232 0.03365384615384615
2 0.4182692307692308 0.6754807692307693 0.02283653846153846 0.042067307692307696
2 0.31971153846153844 0.6394230769230769 0.026442307692307692 0.03365384615384615
2 0.27163461538461536 0.5432692307692307 0.018028846153846152 0.028846153846153848
2 0.24759615384615385 0.5408653846153846 0.025240384615384616 0.03365384615384615
2 0.20673076923076922 0.8942307692307693 0.03245192307692308 0.055288461538461536
2 0.5252403846153846 0.8088942307692307 0.025240384615384616 0.028846153846153848
2 0.4795673076923077 0.8028846153846154 0.025240384615384616 0.03485576923076923
2 0.46153846153846156 0.78125 0.02403846153846154 0.037259615384615384
2 0.48677884615384615 0.8533653846153846 0.03245192307692308 0.040865384615384616
2 0.4026442307692308 0.7608173076923077 0.025240384615384616 0.038461538461538464
2 0.35216346153846156 0.6802884615384616 0.025240384615384616 0.03125
2 0.7836538461538461 0.9867788461538461 0.02403846153846154 0.021634615384615384
2 0.4579326923076923 0.6177884615384616 0.028846153846153848 0.03245192307692308
2 0.43990384615384615 0.6177884615384616 0.020432692307692308 0.020432692307692308
3 0.43509615384615385 0.7223557692307693 0.037259615384615384 0.04807692307692308
3 0.3762019230769231 0.3762019230769231 0.02403846153846154 0.037259615384615384
2 0.265625 0.29927884615384615 0.02403846153846154 0.028846153846153848
2 0.2668269230769231 0.390625 0.019230769230769232 0.025240384615384616
2 0.25961538461538464 0.3581730769230769 0.02403846153846154 0.030048076923076924
2 0.31009615384615385 0.46033653846153844 0.02283653846153846 0.021634615384615384