2 0.14302884615384615 0.7716346153846154 0.03125 0.026442307692307692
2 0.12860576923076922 0.7463942307692307 0.030048076923076924 0.027644230769230768
0 0.11778846153846154 0.7295673076923077 0.02283653846153846 0.021634615384615384
0 0.4014423076923077 0.7163461538461539 0.04447115384615385 0.07572115384615384
3 0.09134615384615384 0.7283653846153846 0.03485576923076923 0.03365384615384615
3 0.054086538461538464 0.7199519230769231 0.037259615384615384 0.03245192307692308
2 0.04567307692307692 0.7427884615384616 0.03125 0.02283653846153846
2 0.04326923076923077 0.7692307692307693 0.038461538461538464 0.03245192307692308
3 0.06610576923076923 0.7956730769230769 0.038461538461538464 0.030048076923076924
3 0.15985576923076922 0.8401442307692307 0.046875 0.046875
3 0.34375 0.9651442307692307 0.057692307692307696 0.05889423076923077
3 0.9110576923076923 0.8377403846153846 0.09375 0.0733173076923077
2 0.296875 0.7740384615384616 0.03365384615384615 0.026442307692307692
2 0.11778846153846154 0.6959134615384616 0.021634615384615384 0.027644230769230768