2 0.6490384615384616 0.6141826923076923 0.07451923076923077 0.109375
2 0.5889423076923077 0.6298076923076923 0.07692307692307693 0.11658653846153846
2 0.7572115384615384 0.7127403846153846 0.07091346153846154 0.11899038461538461
2 0.7175480769230769 0.8137019230769231 0.09014423076923077 0.1346153846153846
2 0.5612980769230769 0.90625 0.06490384615384616 0.13221153846153846
2 0.49038461538461536 0.8858173076923077 0.0625 0.12860576923076922
1 0.9471153846153846 0.31850961538461536 0.1045673076923077 0.1310096153846154
2 0.25 0.21875 0.04807692307692308 0.056490384615384616
2 0.29447115384615385 0.39783653846153844 0.051682692307692304 0.0733173076923077
2 0.24519230769230768 0.3786057692307692 0.04567307692307692 0.07211538461538461
2 0.32572115384615385 0.019230769230769232 0.039663461538461536 0.037259615384615384
2 0.39302884615384615 0.03125 0.037259615384615384 0.04807692307692308
2 0.5060096153846154 0.20673076923076922 0.052884615384615384 0.06490384615384616
2 0.5612980769230769 0.0673076923076923 0.04447115384615385 0.04927884615384615
2 0.8545673076923077 0.06610576923076923 0.054086538461538464 0.06971153846153846
2 0.6129807692307693 0.3173076923076923 0.04807692307692308 0.07692307692307693
2 0.5456730769230769 0.3161057692307692 0.04927884615384615 0.054086538461538464
2 0.7259615384615384 0.4110576923076923 0.06490384615384616 0.08173076923076923
2 0.7007211538461539 0.17307692307692307 0.046875 0.04927884615384615
3 0.8473557692307693 0.29086538461538464 0.12980769230769232 0.1658653846153846
2 0.9110576923076923 0.171875 0.04326923076923077 0.052884615384615384
2 0.11177884615384616 0.5793269230769231 0.054086538461538464 0.04447115384615385