3 0.9375 0.7536057692307693 0.036057692307692304 0.07692307692307693
0 0.5060096153846154 0.25721153846153844 0.03485576923076923 0.07451923076923077
3 0.7848557692307693 0.8341346153846154 0.09254807692307693 0.13701923076923078
3 0.8125 0.9483173076923077 0.0625 0.10096153846153846
3 0.9158653846153846 0.9519230769230769 0.06610576923076923 0.09495192307692307
3 0.9350961538461539 0.27884615384615385 0.046875 0.05048076923076923
3 0.8894230769230769 0.21754807692307693 0.04927884615384615 0.06129807692307692
2 0.31009615384615385 0.2848557692307692 0.06009615384615385 0.06850961538461539
2 0.14903846153846154 0.3245192307692308 0.055288461538461536 0.055288461538461536
2 0.17067307692307693 0.265625 0.04807692307692308 0.08413461538461539
2 0.28365384615384615 0.5336538461538461 0.05889423076923077 0.06490384615384616
2 0.2644230769230769 0.38100961538461536 0.07451923076923077 0.04447115384615385
2 0.21033653846153846 0.08173076923076923 0.06850961538461539 0.04447115384615385
2 0.109375 0.2704326923076923 0.08052884615384616 0.05889423076923077
2 0.2848557692307692 0.9459134615384616 0.11778846153846154 0.10336538461538461
3 0.6081730769230769 0.9074519230769231 0.09014423076923077 0.1466346153846154
3 0.8161057692307693 0.7115384615384616 0.038461538461538464 0.08533653846153846
3 0.7692307692307693 0.6826923076923077 0.056490384615384616 0.10817307692307693
3 0.4675480769230769 0.7019230769230769 0.08774038461538461 0.13341346153846154
3 0.7007211538461539 0.5600961538461539 0.06850961538461539 0.09375
3 0.6850961538461539 0.4963942307692308 0.04927884615384615 0.046875
3 0.6346153846153846 0.484375 0.057692307692307696 0.06610576923076923
3 0.6213942307692307 0.5444711538461539 0.06610576923076923 0.10336538461538461
3 0.5528846153846154 0.5204326923076923 0.0733173076923077 0.11057692307692307
3 0.5625 0.4651442307692308 0.06129807692307692 0.05048076923076923
3 0.4795673076923077 0.5276442307692307 0.06490384615384616 0.09254807692307693
3 0.4026442307692308 0.5372596153846154 0.07692307692307693 0.11057692307692307
2 0.20793269230769232 0.5480769230769231 0.06009615384615385 0.08413461538461539
3 0.3701923076923077 0.3894230769230769 0.0829326923076923 0.11057692307692307
3 0.32091346153846156 0.49158653846153844 0.07211538461538461 0.07692307692307693
3 0.2439903846153846 0.31490384615384615 0.06850961538461539 0.08413461538461539
3 0.08052884615384616 0.13341346153846154 0.0829326923076923 0.10096153846153846
3 0.49158653846153844 0.4423076923076923 0.08413461538461539 0.078125
3 0.4723557692307692 0.32091346153846156 0.06971153846153846 0.054086538461538464
3 0.5300480769230769 0.35697115384615385 0.042067307692307696 0.0829326923076923
3 0.7512019230769231 0.4050480769230769 0.037259615384615384 0.07692307692307693
3 0.6730769230769231 0.3389423076923077 0.052884615384615384 0.11538461538461539
3 0.6262019230769231 0.39663461538461536 0.04567307692307692 0.08413461538461539
3 0.5805288461538461 0.37740384615384615 0.040865384615384616 0.054086538461538464
3 0.6189903846153846 0.1971153846153846 0.07211538461538461 0.12860576923076922
3 0.5528846153846154 0.04807692307692308 0.056490384615384616 0.08413461538461539
3 0.5240384615384616 0.1141826923076923 0.054086538461538464 0.11658653846153846
3 0.4254807692307692 0.08533653846153846 0.051682692307692304 0.07211538461538461