2 0.48197115384615385 0.33533653846153844 0.0625 0.08653846153846154
2 0.5096153846153846 0.43149038461538464 0.06490384615384616 0.0889423076923077
2 0.5528846153846154 0.3233173076923077 0.051682692307692304 0.06370192307692307
2 0.328125 0.3425480769230769 0.05889423076923077 0.07572115384615384
2 0.27403846153846156 0.5348557692307693 0.055288461538461536 0.052884615384615384
2 0.12980769230769232 0.4891826923076923 0.06971153846153846 0.08052884615384616
2 0.36658653846153844 0.4699519230769231 0.05889423076923077 0.08052884615384616
2 0.43509615384615385 0.44591346153846156 0.056490384615384616 0.08173076923076923
2 0.40865384615384615 0.3894230769230769 0.046875 0.08052884615384616
2 0.44350961538461536 0.30408653846153844 0.04927884615384615 0.056490384615384616
2 0.25721153846153844 0.49759615384615385 0.057692307692307696 0.054086538461538464
2 0.16826923076923078 0.6646634615384616 0.07451923076923077 0.09615384615384616
2 0.8100961538461539 0.20552884615384615 0.04807692307692308 0.042067307692307696
2 0.5264423076923077 0.20072115384615385 0.03485576923076923 0.0625
2 0.4362980769230769 0.19591346153846154 0.037259615384615384 0.042067307692307696
2 0.9314903846153846 0.9362980769230769 0.13581730769230768 0.12620192307692307
2 0.8293269230769231 0.7548076923076923 0.1875 0.27163461538461536
2 0.9194711538461539 0.8269230769230769 0.09735576923076923 0.17548076923076922
2 0.90625 0.9050480769230769 0.10697115384615384 0.14182692307692307