2 0.9254807692307693 0.5036057692307693 0.03125 0.03485576923076923
0 0.6153846153846154 0.9350961538461539 0.04567307692307692 0.0733173076923077
3 0.40625 0.9699519230769231 0.03365384615384615 0.05889423076923077
3 0.4807692307692308 0.7379807692307693 0.05048076923076923 0.08413461538461539
3 0.45552884615384615 0.5877403846153846 0.04447115384615385 0.057692307692307696
3 0.6117788461538461 0.5673076923076923 0.03125 0.055288461538461536
3 0.6430288461538461 0.5324519230769231 0.03125 0.052884615384615384
3 0.7596153846153846 0.43028846153846156 0.037259615384615384 0.052884615384615384
3 0.9290865384615384 0.4362980769230769 0.04807692307692308 0.052884615384615384
1 0.84375 0.6141826923076923 0.055288461538461536 0.052884615384615384
2 0.44471153846153844 0.7728365384615384 0.025240384615384616 0.040865384615384616
2 0.5877403846153846 0.8040865384615384 0.025240384615384616 0.036057692307692304
2 0.7043269230769231 0.875 0.030048076923076924 0.046875
2 0.7548076923076923 0.8341346153846154 0.03125 0.056490384615384616
2 0.7776442307692307 0.8497596153846154 0.025240384615384616 0.039663461538461536
2 0.8161057692307693 0.8473557692307693 0.030048076923076924 0.037259615384615384
2 0.7415865384615384 0.6814903846153846 0.027644230769230768 0.028846153846153848
2 0.7463942307692307 0.6610576923076923 0.027644230769230768 0.027644230769230768
2 0.8449519230769231 0.7584134615384616 0.03365384615384615 0.042067307692307696
2 0.7091346153846154 0.8401442307692307 0.027644230769230768 0.036057692307692304
2 0.7836538461538461 0.6418269230769231 0.025240384615384616 0.03245192307692308
2 0.8737980769230769 0.9350961538461539 0.025240384615384616 0.05889423076923077
2 0.8882211538461539 0.5216346153846154 0.028846153846153848 0.030048076923076924
2 0.9855769230769231 0.7680288461538461 0.027644230769230768 0.042067307692307696