2 0.6105769230769231 0.5144230769230769 0.04927884615384615 0.05048076923076923
2 0.8798076923076923 0.15264423076923078 0.057692307692307696 0.055288461538461536
2 0.7295673076923077 0.2644230769230769 0.06850961538461539 0.056490384615384616
2 0.8918269230769231 0.33653846153846156 0.08413461538461539 0.078125
2 0.7403846153846154 0.4098557692307692 0.09014423076923077 0.09735576923076923
2 0.375 0.38461538461538464 0.055288461538461536 0.06610576923076923
2 0.44711538461538464 0.5865384615384616 0.03125 0.05889423076923077
2 0.8689903846153846 0.2668269230769231 0.03485576923076923 0.036057692307692304
2 0.4098557692307692 0.42908653846153844 0.026442307692307692 0.038461538461538464
2 0.5985576923076923 0.4387019230769231 0.03125 0.0673076923076923
2 0.8100961538461539 0.2692307692307692 0.06009615384615385 0.056490384615384616
2 0.921875 0.1622596153846154 0.04927884615384615 0.04326923076923077
2 0.7860576923076923 0.2403846153846154 0.027644230769230768 0.03365384615384615
2 0.38461538461538464 0.40865384615384615 0.03245192307692308 0.03245192307692308
2 0.6153846153846154 0.3713942307692308 0.027644230769230768 0.03365384615384615
2 0.6802884615384616 0.34375 0.040865384615384616 0.040865384615384616