2 0.5216346153846154 0.4651442307692308 0.056490384615384616 0.0673076923076923
2 0.7319711538461539 0.671875 0.0889423076923077 0.11658653846153846
2 0.5492788461538461 0.8557692307692307 0.10576923076923077 0.14543269230769232
2 0.8028846153846154 0.8341346153846154 0.09735576923076923 0.13942307692307693
2 0.6887019230769231 0.45072115384615385 0.036057692307692304 0.03245192307692308
2 0.5396634615384616 0.5661057692307693 0.02403846153846154 0.04447115384615385
2 0.4723557692307692 0.5625 0.04326923076923077 0.04326923076923077
2 0.6153846153846154 0.5673076923076923 0.054086538461538464 0.046875
2 0.6274038461538461 0.32091346153846156 0.07211538461538461 0.06009615384615385
2 0.3401442307692308 0.4074519230769231 0.055288461538461536 0.05889423076923077
2 0.8497596153846154 0.15504807692307693 0.042067307692307696 0.038461538461538464
2 0.8112980769230769 0.36177884615384615 0.057692307692307696 0.056490384615384616
2 0.03485576923076923 0.4639423076923077 0.06370192307692307 0.057692307692307696