2 0.8966346153846154 0.9663461538461539 0.036057692307692304 0.05048076923076923
3 0.515625 0.90625 0.051682692307692304 0.08052884615384616
3 0.48677884615384615 0.7331730769230769 0.04447115384615385 0.06129807692307692
3 0.6454326923076923 0.7079326923076923 0.03245192307692308 0.057692307692307696
3 0.9735576923076923 0.6021634615384616 0.04807692307692308 0.06971153846153846
3 0.7944711538461539 0.5721153846153846 0.042067307692307696 0.054086538461538464
1 0.8882211538461539 0.7908653846153846 0.0673076923076923 0.054086538461538464
2 0.78125 0.859375 0.02403846153846154 0.030048076923076924
2 0.9759615384615384 0.671875 0.038461538461538464 0.038461538461538464
2 0.7932692307692307 0.8016826923076923 0.03245192307692308 0.036057692307692304
2 0.9338942307692307 0.6899038461538461 0.037259615384615384 0.04447115384615385
2 0.7487980769230769 0.8209134615384616 0.02283653846153846 0.051682692307692304
2 0.7572115384615384 0.7836538461538461 0.02283653846153846 0.03125
2 0.8269230769230769 0.8161057692307693 0.026442307692307692 0.03125
2 0.8100961538461539 0.8365384615384616 0.020432692307692308 0.04807692307692308
2 0.8473557692307693 0.8064903846153846 0.018028846153846152 0.018028846153846152
2 0.8461538461538461 0.84375 0.027644230769230768 0.028846153846153848
2 0.7848557692307693 0.8329326923076923 0.02403846153846154 0.03365384615384615