2 0.9230769230769231 0.6971153846153846 0.03485576923076923 0.07091346153846154
2 0.6670673076923077 0.46274038461538464 0.03125 0.06850961538461539
2 0.47475961538461536 0.5673076923076923 0.03125 0.05889423076923077
3 0.47115384615384615 0.9747596153846154 0.05889423076923077 0.04807692307692308
3 0.44711538461538464 0.9230769230769231 0.057692307692307696 0.09134615384615384
2 0.34375 0.2127403846153846 0.037259615384615384 0.04927884615384615
2 0.421875 0.5552884615384616 0.03485576923076923 0.05048076923076923
2 0.4807692307692308 0.390625 0.03245192307692308 0.05889423076923077
2 0.7103365384615384 0.20192307692307693 0.030048076923076924 0.046875
2 0.5024038461538461 0.4831730769230769 0.027644230769230768 0.040865384615384616
2 0.36778846153846156 0.6754807692307693 0.02283653846153846 0.03485576923076923
2 0.43149038461538464 0.6478365384615384 0.025240384615384616 0.03245192307692308
2 0.5384615384615384 0.5961538461538461 0.030048076923076924 0.04567307692307692