2 0.7680288461538461 0.7620192307692307 0.021634615384615384 0.037259615384615384
2 0.8064903846153846 0.765625 0.026442307692307692 0.03125
2 0.8545673076923077 0.7608173076923077 0.028846153846153848 0.04326923076923077
2 0.9795673076923077 0.6658653846153846 0.039663461538461536 0.04447115384615385
0 0.9170673076923077 0.4375 0.028846153846153848 0.027644230769230768
0 0.6069711538461539 0.8497596153846154 0.03485576923076923 0.06850961538461539
2 0.7379807692307693 0.59375 0.026442307692307692 0.030048076923076924
2 0.734375 0.6165865384615384 0.026442307692307692 0.026442307692307692
2 0.8100961538461539 0.8930288461538461 0.03365384615384615 0.04927884615384615
2 0.6598557692307693 0.8954326923076923 0.03365384615384615 0.046875
2 0.6947115384615384 0.7932692307692307 0.03485576923076923 0.040865384615384616
2 0.7475961538461539 0.7548076923076923 0.03125 0.051682692307692304
2 0.4326923076923077 0.7007211538461539 0.02403846153846154 0.036057692307692304
3 0.6033653846153846 0.5084134615384616 0.037259615384615384 0.04447115384615385
3 0.7487980769230769 0.38341346153846156 0.039663461538461536 0.054086538461538464
3 0.9182692307692307 0.37740384615384615 0.046875 0.046875
3 0.4411057692307692 0.5348557692307693 0.046875 0.057692307692307696
3 0.4699519230769231 0.6658653846153846 0.055288461538461536 0.0829326923076923
3 0.3858173076923077 0.9050480769230769 0.046875 0.1045673076923077
1 0.8353365384615384 0.546875 0.057692307692307696 0.040865384615384616
2 0.8377403846153846 0.6814903846153846 0.03365384615384615 0.03485576923076923
2 0.578125 0.7331730769230769 0.025240384615384616 0.03245192307692308
2 0.7067307692307693 0.5841346153846154 0.021634615384615384 0.042067307692307696
2 0.8581730769230769 0.8425480769230769 0.030048076923076924 0.056490384615384616
2 0.8677884615384616 0.9230769230769231 0.038461538461538464 0.04807692307692308
2 0.6237980769230769 0.42427884615384615 0.026442307692307692 0.030048076923076924
3 0.5300480769230769 0.48197115384615385 0.037259615384615384 0.05889423076923077