2 0.65625 0.7596153846153846 0.037259615384615384 0.046875
3 0.3629807692307692 0.7752403846153846 0.07451923076923077 0.11298076923076923
3 0.296875 0.5697115384615384 0.038461538461538464 0.042067307692307696
3 0.46875 0.5540865384615384 0.055288461538461536 0.07211538461538461
3 0.44471153846153844 0.44711538461538464 0.04326923076923077 0.046875
3 0.6033653846153846 0.42908653846153844 0.028846153846153848 0.04447115384615385
1 0.5733173076923077 0.8918269230769231 0.046875 0.1346153846153846
0 0.6009615384615384 0.7127403846153846 0.037259615384615384 0.056490384615384616
2 0.6850961538461539 0.8617788461538461 0.04567307692307692 0.0673076923076923
2 0.42908653846153844 0.5841346153846154 0.02283653846153846 0.03245192307692308
2 0.6862980769230769 0.8617788461538461 0.040865384615384616 0.057692307692307696
3 0.35096153846153844 0.5805288461538461 0.036057692307692304 0.056490384615384616
2 0.8617788461538461 0.7764423076923077 0.03245192307692308 0.04807692307692308
2 0.8125 0.7536057692307693 0.05048076923076923 0.056490384615384616
3 0.7560096153846154 0.31490384615384615 0.03125 0.042067307692307696
3 0.9278846153846154 0.2956730769230769 0.05048076923076923 0.046875
1 0.8353365384615384 0.4519230769230769 0.06129807692307692 0.04567307692307692
2 0.8725961538461539 0.9278846153846154 0.056490384615384616 0.07451923076923077
2 0.7439903846153846 0.6346153846153846 0.030048076923076924 0.04447115384615385
2 0.7644230769230769 0.6454326923076923 0.020432692307692308 0.028846153846153848
2 0.7391826923076923 0.5 0.025240384615384616 0.027644230769230768
2 0.7331730769230769 0.5168269230769231 0.03125 0.03245192307692308
2 0.8365384615384616 0.5721153846153846 0.028846153846153848 0.03485576923076923
2 0.9771634615384616 0.5492788461538461 0.037259615384615384 0.03365384615384615
2 0.9278846153846154 0.8305288461538461 0.039663461538461536 0.052884615384615384