0 0.6658653846153846 0.6201923076923077 0.03365384615384615 0.06370192307692307
0 0.7247596153846154 0.7043269230769231 0.04927884615384615 0.06009615384615385
0 0.8353365384615384 0.21033653846153846 0.038461538461538464 0.06490384615384616
0 0.7788461538461539 0.15264423076923078 0.03485576923076923 0.054086538461538464
0 0.5444711538461539 0.09615384615384616 0.02283653846153846 0.051682692307692304
0 0.5096153846153846 0.12860576923076922 0.030048076923076924 0.04447115384615385
0 0.4699519230769231 0.30408653846153844 0.03245192307692308 0.03485576923076923
0 0.4579326923076923 0.25600961538461536 0.026442307692307692 0.039663461538461536
0 0.7920673076923077 0.4831730769230769 0.046875 0.06610576923076923
0 0.5408653846153846 0.6538461538461539 0.040865384615384616 0.05889423076923077
0 0.5721153846153846 0.0889423076923077 0.02403846153846154 0.04326923076923077
0 0.6322115384615384 0.5901442307692307 0.025240384615384616 0.042067307692307696
0 0.8942307692307693 0.11538461538461539 0.056490384615384616 0.0985576923076923