0 0.2692307692307692 0.38341346153846156 0.04807692307692308 0.08173076923076923
0 0.6742788461538461 0.04927884615384615 0.04927884615384615 0.08173076923076923
0 0.49158653846153844 0.23197115384615385 0.039663461538461536 0.06009615384615385
0 0.6105769230769231 0.1778846153846154 0.03365384615384615 0.078125
0 0.6334134615384616 0.37259615384615385 0.056490384615384616 0.11658653846153846
0 0.4567307692307692 0.3233173076923077 0.038461538461538464 0.06490384615384616
0 0.5420673076923077 0.5552884615384616 0.037259615384615384 0.08052884615384616
0 0.71875 0.7211538461538461 0.07211538461538461 0.12860576923076922
0 0.7740384615384616 0.6358173076923077 0.07572115384615384 0.11778846153846154
0 0.7223557692307693 0.8834134615384616 0.078125 0.125
0 0.9230769230769231 0.9146634615384616 0.0673076923076923 0.12259615384615384
0 0.8701923076923077 0.7836538461538461 0.06610576923076923 0.12860576923076922
3 0.8461538461538461 0.25600961538461536 0.06850961538461539 0.10216346153846154