2 0.28725961538461536 0.21995192307692307 0.052884615384615384 0.054086538461538464
2 0.23197115384615385 0.23317307692307693 0.055288461538461536 0.06370192307692307
2 0.2439903846153846 0.39663461538461536 0.06009615384615385 0.08653846153846154
2 0.40384615384615385 0.40625 0.0625 0.08774038461538461
2 0.7764423076923077 0.8581730769230769 0.09735576923076923 0.15264423076923078
2 0.5168269230769231 0.23918269230769232 0.040865384615384616 0.05889423076923077
2 0.5793269230769231 0.10336538461538461 0.055288461538461536 0.06009615384615385
2 0.23317307692307693 0.5108173076923077 0.03485576923076923 0.051682692307692304
2 0.375 0.4807692307692308 0.06850961538461539 0.09975961538461539
2 0.33653846153846156 0.47596153846153844 0.042067307692307696 0.05048076923076923
2 0.26802884615384615 0.4651442307692308 0.07211538461538461 0.08413461538461539