2 0.5024038461538461 0.7103365384615384 0.04326923076923077 0.0625
2 0.4963942307692308 0.8966346153846154 0.06490384615384616 0.08774038461538461
2 0.46033653846153844 0.8497596153846154 0.06370192307692307 0.1045673076923077
2 0.6105769230769231 0.8810096153846154 0.06370192307692307 0.09495192307692307
2 0.7007211538461539 0.8882211538461539 0.051682692307692304 0.09375
2 0.5588942307692307 0.5612980769230769 0.054086538461538464 0.05889423076923077
2 0.4230769230769231 0.5697115384615384 0.03365384615384615 0.051682692307692304
2 0.41225961538461536 0.6165865384615384 0.04927884615384615 0.07091346153846154
1 0.4014423076923077 0.8185096153846154 0.056490384615384616 0.09735576923076923
2 0.5805288461538461 0.6370192307692307 0.04567307692307692 0.05048076923076923
2 0.6802884615384616 0.6778846153846154 0.04927884615384615 0.0625
2 0.5769230769230769 0.7163461538461539 0.051682692307692304 0.06009615384615385
2 0.6213942307692307 0.4495192307692308 0.03485576923076923 0.04927884615384615
2 0.5985576923076923 0.4567307692307692 0.021634615384615384 0.03485576923076923
2 0.6310096153846154 0.6262019230769231 0.036057692307692304 0.055288461538461536
2 0.6358173076923077 0.5901442307692307 0.026442307692307692 0.04447115384615385
2 0.5132211538461539 0.41466346153846156 0.03485576923076923 0.042067307692307696
2 0.6935096153846154 0.7560096153846154 0.054086538461538464 0.07451923076923077
2 0.27163461538461536 0.5396634615384616 0.037259615384615384 0.05889423076923077
2 0.7944711538461539 0.25600961538461536 0.028846153846153848 0.036057692307692304