2 0.6081730769230769 0.5204326923076923 0.046875 0.04807692307692308
2 0.7403846153846154 0.40865384615384615 0.08533653846153846 0.09014423076923077
2 0.7271634615384616 0.2644230769230769 0.054086538461538464 0.05048076923076923
2 0.8894230769230769 0.3401442307692308 0.08052884615384616 0.08173076923076923
2 0.8786057692307693 0.15504807692307693 0.056490384615384616 0.057692307692307696
2 0.5925480769230769 0.4423076923076923 0.036057692307692304 0.057692307692307696
2 0.8076923076923077 0.26322115384615385 0.06490384615384616 0.054086538461538464
2 0.7836538461538461 0.24639423076923078 0.038461538461538464 0.028846153846153848
2 0.8677884615384616 0.2704326923076923 0.03245192307692308 0.03245192307692308
2 0.9302884615384616 0.17908653846153846 0.03125 0.036057692307692304
2 0.6153846153846154 0.36658653846153844 0.027644230769230768 0.036057692307692304
2 0.6790865384615384 0.3425480769230769 0.039663461538461536 0.038461538461538464
2 0.37259615384615385 0.38100961538461536 0.055288461538461536 0.06009615384615385