3 0.6947115384615384 0.9014423076923077 0.12980769230769232 0.19230769230769232
2 0.5216346153846154 0.4495192307692308 0.037259615384615384 0.05048076923076923
2 0.7572115384615384 0.27403846153846156 0.042067307692307696 0.06610576923076923
2 0.40865384615384615 0.4963942307692308 0.04567307692307692 0.0673076923076923
2 0.7680288461538461 0.45552884615384615 0.06370192307692307 0.09495192307692307
2 0.8786057692307693 0.4567307692307692 0.05889423076923077 0.09014423076923077
2 0.8990384615384616 0.3473557692307692 0.054086538461538464 0.0733173076923077
2 0.5733173076923077 0.2764423076923077 0.04567307692307692 0.0673076923076923
2 0.6237980769230769 0.15504807692307693 0.04447115384615385 0.055288461538461536
2 0.6213942307692307 0.0733173076923077 0.03125 0.04807692307692308
2 0.9783653846153846 0.125 0.038461538461538464 0.07211538461538461
2 0.5228365384615384 0.20552884615384615 0.046875 0.056490384615384616
2 0.49278846153846156 0.2536057692307692 0.05048076923076923 0.07451923076923077
2 0.3786057692307692 0.5925480769230769 0.042067307692307696 0.06129807692307692
2 0.5252403846153846 0.5276442307692307 0.052884615384615384 0.06610576923076923
2 0.7980769230769231 0.33653846153846156 0.038461538461538464 0.06490384615384616
2 0.8413461538461539 0.3401442307692308 0.04927884615384615 0.05889423076923077
2 0.9639423076923077 0.9507211538461539 0.0673076923076923 0.09375