2 0.6490384615384616 0.6274038461538461 0.03245192307692308 0.05889423076923077
2 0.6490384615384616 0.671875 0.03485576923076923 0.06850961538461539
2 0.7079326923076923 0.7283653846153846 0.051682692307692304 0.0889423076923077
2 0.59375 0.7752403846153846 0.052884615384615384 0.07572115384615384
2 0.5949519230769231 0.6814903846153846 0.046875 0.055288461538461536
2 0.5697115384615384 0.6069711538461539 0.056490384615384616 0.06490384615384616
2 0.42427884615384615 0.6153846153846154 0.037259615384615384 0.06009615384615385
2 0.41225961538461536 0.6694711538461539 0.052884615384615384 0.07451923076923077
2 0.5120192307692307 0.7800480769230769 0.051682692307692304 0.06009615384615385
2 0.4735576923076923 0.9423076923076923 0.07091346153846154 0.11298076923076923
2 0.6394230769230769 0.9555288461538461 0.07451923076923077 0.08774038461538461
2 0.7451923076923077 0.9603365384615384 0.06971153846153846 0.078125
2 0.25721153846153844 0.5901442307692307 0.04447115384615385 0.07692307692307693
1 0.40625 0.9074519230769231 0.07091346153846154 0.11057692307692307
2 0.7271634615384616 0.8245192307692307 0.056490384615384616 0.078125
2 0.5144230769230769 0.4362980769230769 0.03365384615384615 0.04447115384615385
2 0.5829326923076923 0.41346153846153844 0.030048076923076924 0.037259615384615384
2 0.6057692307692307 0.48197115384615385 0.02403846153846154 0.040865384615384616
2 0.6298076923076923 0.47475961538461536 0.038461538461538464 0.054086538461538464
2 0.8004807692307693 0.2620192307692308 0.03485576923076923 0.038461538461538464
2 0.7019230769230769 0.22235576923076922 0.03245192307692308 0.03485576923076923