3 0.5228365384615384 0.9399038461538461 0.055288461538461536 0.0889423076923077
3 0.49278846153846156 0.7548076923076923 0.04447115384615385 0.05889423076923077
3 0.6526442307692307 0.7307692307692307 0.028846153846153848 0.06009615384615385
1 0.9014423076923077 0.8197115384615384 0.06850961538461539 0.05889423076923077
2 0.7920673076923077 0.8858173076923077 0.027644230769230768 0.03485576923076923
2 0.9855769230769231 0.6995192307692307 0.02403846153846154 0.038461538461538464
2 0.8389423076923077 0.8461538461538461 0.028846153846153848 0.03365384615384615
2 0.7608173076923077 0.8461538461538461 0.016826923076923076 0.042067307692307696
2 0.796875 0.8629807692307693 0.030048076923076924 0.03245192307692308
2 0.8052884615384616 0.8305288461538461 0.036057692307692304 0.040865384615384616
2 0.7704326923076923 0.8088942307692307 0.018028846153846152 0.026442307692307692
2 0.8221153846153846 0.8665865384615384 0.021634615384615384 0.04567307692307692
2 0.8605769230769231 0.8377403846153846 0.026442307692307692 0.021634615384615384
2 0.8569711538461539 0.8762019230769231 0.028846153846153848 0.028846153846153848
2 0.9495192307692307 0.7235576923076923 0.046875 0.04927884615384615
3 0.8076923076923077 0.5901442307692307 0.038461538461538464 0.046875
3 0.9783653846153846 0.6201923076923077 0.042067307692307696 0.0625