3 0.5336538461538461 0.9567307692307693 0.056490384615384616 0.08413461538461539
3 0.5 0.7728365384615384 0.04326923076923077 0.056490384615384616
3 0.6622596153846154 0.7475961538461539 0.03245192307692308 0.04927884615384615
1 0.9110576923076923 0.8425480769230769 0.07451923076923077 0.0625
2 0.8004807692307693 0.9098557692307693 0.030048076923076924 0.03365384615384615
2 0.8665865384615384 0.8978365384615384 0.02283653846153846 0.028846153846153848
2 0.8449519230769231 0.8677884615384616 0.02403846153846154 0.03365384615384615
2 0.8665865384615384 0.859375 0.016826923076923076 0.021634615384615384
2 0.7680288461538461 0.8677884615384616 0.018028846153846152 0.046875
2 0.8076923076923077 0.8822115384615384 0.015625 0.039663461538461536
2 0.8137019230769231 0.8473557692307693 0.027644230769230768 0.040865384615384616
2 0.8293269230769231 0.8846153846153846 0.018028846153846152 0.04326923076923077
2 0.7776442307692307 0.8305288461538461 0.019230769230769232 0.025240384615384616
3 0.8149038461538461 0.6033653846153846 0.03485576923076923 0.051682692307692304
3 0.9855769230769231 0.6310096153846154 0.02403846153846154 0.05048076923076923