2 0.32091346153846156 0.2403846153846154 0.051682692307692304 0.06009615384615385
2 0.6201923076923077 0.10817307692307693 0.06129807692307692 0.06490384615384616
2 0.5612980769230769 0.25240384615384615 0.04807692307692308 0.0673076923076923
2 0.8689903846153846 0.9158653846153846 0.12620192307692307 0.16706730769230768
2 0.2800480769230769 0.4266826923076923 0.06129807692307692 0.0985576923076923
2 0.44350961538461536 0.43028846153846156 0.06370192307692307 0.09615384615384616
2 0.2764423076923077 0.25 0.03485576923076923 0.046875
2 0.30408653846153844 0.4879807692307692 0.07451923076923077 0.07572115384615384
2 0.4170673076923077 0.5060096153846154 0.06129807692307692 0.10697115384615384
2 0.3798076923076923 0.5048076923076923 0.04326923076923077 0.040865384615384616
2 0.2668269230769231 0.5432692307692307 0.03365384615384615 0.051682692307692304