2 0.7355769230769231 0.9014423076923077 0.038461538461538464 0.06850961538461539
2 0.7331730769230769 0.9555288461538461 0.05048076923076923 0.08173076923076923
2 0.6694711538461539 0.9543269230769231 0.057692307692307696 0.07451923076923077
2 0.7319711538461539 0.6502403846153846 0.030048076923076924 0.06009615384615385
2 0.7055288461538461 0.6766826923076923 0.038461538461538464 0.07091346153846154
2 0.46274038461538464 0.90625 0.06129807692307692 0.10096153846153846
2 0.4735576923076923 0.8425480769230769 0.046875 0.08533653846153846
2 0.6370192307692307 0.8341346153846154 0.0673076923076923 0.09254807692307693
2 0.6766826923076923 0.6802884615384616 0.027644230769230768 0.06009615384615385
2 0.6478365384615384 0.59375 0.042067307692307696 0.042067307692307696
2 0.8846153846153846 0.42908653846153844 0.036057692307692304 0.052884615384615384