3 0.9507211538461539 0.6706730769230769 0.037259615384615384 0.04807692307692308
0 0.8149038461538461 0.6658653846153846 0.052884615384615384 0.1141826923076923
0 0.7584134615384616 0.5901442307692307 0.042067307692307696 0.1045673076923077
0 0.5697115384615384 0.84375 0.04807692307692308 0.07211538461538461
0 0.5865384615384616 0.5192307692307693 0.04927884615384615 0.08413461538461539
0 0.5348557692307693 0.4362980769230769 0.040865384615384616 0.046875
0 0.32091346153846156 0.3401442307692308 0.027644230769230768 0.0625
0 0.2920673076923077 0.34134615384615385 0.02403846153846154 0.04927884615384615
0 0.25240384615384615 0.3858173076923077 0.030048076923076924 0.04807692307692308
0 0.1935096153846154 0.546875 0.030048076923076924 0.04927884615384615
0 0.20673076923076922 0.6117788461538461 0.04567307692307692 0.052884615384615384
0 0.6754807692307693 0.35697115384615385 0.038461538461538464 0.07692307692307693
0 0.6286057692307693 0.3918269230769231 0.036057692307692304 0.078125
3 0.9855769230769231 0.8521634615384616 0.027644230769230768 0.0625
0 0.6754807692307693 0.23557692307692307 0.028846153846153848 0.042067307692307696
0 0.7524038461538461 0.1971153846153846 0.04326923076923077 0.042067307692307696