2 0.8269230769230769 0.9326923076923077 0.026442307692307692 0.03485576923076923
2 0.7524038461538461 0.7512019230769231 0.02283653846153846 0.030048076923076924
2 0.6814903846153846 0.7235576923076923 0.02403846153846154 0.03485576923076923
3 0.49278846153846156 0.8028846153846154 0.051682692307692304 0.08173076923076923
3 0.4651442307692308 0.6454326923076923 0.04447115384615385 0.057692307692307696
3 0.7692307692307693 0.49038461538461536 0.028846153846153848 0.04447115384615385
3 0.9399038461538461 0.5060096153846154 0.046875 0.06009615384615385
3 0.6201923076923077 0.6213942307692307 0.03125 0.037259615384615384
2 0.453125 0.8401442307692307 0.027644230769230768 0.040865384615384616
2 0.7668269230769231 0.9146634615384616 0.028846153846153848 0.05048076923076923
2 0.8581730769230769 0.8425480769230769 0.028846153846153848 0.040865384615384616
2 0.7884615384615384 0.9302884615384616 0.025240384615384616 0.03245192307692308
2 0.7127403846153846 0.9567307692307693 0.03485576923076923 0.042067307692307696
2 0.5985576923076923 0.8774038461538461 0.03125 0.036057692307692304
2 0.875 0.9326923076923077 0.03365384615384615 0.052884615384615384
2 0.9375 0.5721153846153846 0.030048076923076924 0.028846153846153848
1 0.8557692307692307 0.6838942307692307 0.06370192307692307 0.04807692307692308
2 0.7632211538461539 0.7043269230769231 0.03245192307692308 0.04447115384615385