2 0.6706730769230769 0.38822115384615385 0.06971153846153846 0.0673076923076923
2 0.3918269230769231 0.44591346153846156 0.056490384615384616 0.06370192307692307
2 0.578125 0.9326923076923077 0.09134615384615384 0.13341346153846154
2 0.8257211538461539 0.9459134615384616 0.09375 0.10336538461538461
2 0.7596153846153846 0.7884615384615384 0.08653846153846154 0.12379807692307693
2 0.5637019230769231 0.5372596153846154 0.055288461538461536 0.06971153846153846
2 0.8569711538461539 0.45552884615384615 0.056490384615384616 0.06610576923076923
2 0.7271634615384616 0.5444711538461539 0.039663461538461536 0.04447115384615385
2 0.5144230769230769 0.6346153846153846 0.036057692307692304 0.04447115384615385
2 0.5769230769230769 0.6454326923076923 0.028846153846153848 0.036057692307692304
2 0.6514423076923077 0.6574519230769231 0.052884615384615384 0.054086538461538464
2 0.7379807692307693 0.4495192307692308 0.03245192307692308 0.05048076923076923
2 0.6923076923076923 0.4639423076923077 0.0625 0.0625
2 0.109375 0.46875 0.055288461538461536 0.04807692307692308
2 0.9122596153846154 0.21754807692307693 0.04326923076923077 0.04927884615384615