2 0.6682692307692307 0.6514423076923077 0.038461538461538464 0.05048076923076923
2 0.6658653846153846 0.6935096153846154 0.04927884615384615 0.07091346153846154
2 0.5829326923076923 0.6262019230769231 0.05889423076923077 0.06490384615384616
2 0.6117788461538461 0.7055288461538461 0.046875 0.057692307692307696
2 0.6045673076923077 0.7596153846153846 0.04807692307692308 0.056490384615384616
2 0.7367788461538461 0.7620192307692307 0.054086538461538464 0.078125
2 0.65625 0.8545673076923077 0.04326923076923077 0.06850961538461539
2 0.6165865384615384 0.8161057692307693 0.052884615384615384 0.078125
2 0.5264423076923077 0.8221153846153846 0.057692307692307696 0.07451923076923077
2 0.4170673076923077 0.6971153846153846 0.05889423076923077 0.0733173076923077
2 0.42788461538461536 0.6394230769230769 0.04447115384615385 0.0673076923076923
2 0.4206730769230769 0.5456730769230769 0.027644230769230768 0.0625
1 0.4110576923076923 0.9471153846153846 0.07091346153846154 0.1045673076923077
2 0.49278846153846156 0.9699519230769231 0.07572115384615384 0.05889423076923077
2 0.7668269230769231 0.8846153846153846 0.05889423076923077 0.07451923076923077
2 0.5901442307692307 0.41586538461538464 0.03485576923076923 0.04326923076923077
2 0.6454326923076923 0.48197115384615385 0.04326923076923077 0.052884615384615384
2 0.6201923076923077 0.4891826923076923 0.021634615384615384 0.038461538461538464
2 0.5204326923076923 0.4423076923076923 0.03485576923076923 0.042067307692307696
2 0.25240384615384615 0.6021634615384616 0.04326923076923077 0.06009615384615385
2 0.8137019230769231 0.2536057692307692 0.03365384615384615 0.03485576923076923