2 0.7283653846153846 0.2620192307692308 0.0625 0.051682692307692304
2 0.8798076923076923 0.15384615384615385 0.056490384615384616 0.054086538461538464
2 0.8894230769230769 0.34134615384615385 0.0829326923076923 0.07692307692307693
2 0.7367788461538461 0.40865384615384615 0.08653846153846154 0.09735576923076923
2 0.6081730769230769 0.5216346153846154 0.04447115384615385 0.04927884615384615
2 0.5913461538461539 0.4483173076923077 0.030048076923076924 0.0625
2 0.8052884615384616 0.265625 0.06610576923076923 0.04927884615384615
2 0.8665865384615384 0.2668269230769231 0.03365384615384615 0.037259615384615384
2 0.7872596153846154 0.24158653846153846 0.025240384615384616 0.030048076923076924
2 0.9314903846153846 0.17548076923076922 0.030048076923076924 0.042067307692307696
2 0.6129807692307693 0.3701923076923077 0.03245192307692308 0.03485576923076923
2 0.6754807692307693 0.3473557692307692 0.04807692307692308 0.037259615384615384
2 0.3737980769230769 0.38341346153846156 0.04927884615384615 0.055288461538461536