2 0.9110576923076923 0.8293269230769231 0.125 0.140625
2 0.7199519230769231 0.3076923076923077 0.052884615384615384 0.052884615384615384
2 0.5649038461538461 0.31009615384615385 0.046875 0.042067307692307696
2 0.4579326923076923 0.44471153846153844 0.055288461538461536 0.051682692307692304
2 0.6550480769230769 0.5637019230769231 0.07932692307692307 0.08413461538461539
2 0.7223557692307693 0.6622596153846154 0.08653846153846154 0.10096153846153846
2 0.4891826923076923 0.7391826923076923 0.09254807692307693 0.11658653846153846
2 0.5588942307692307 0.8810096153846154 0.0733173076923077 0.09375
2 0.6105769230769231 0.39663461538461536 0.026442307692307692 0.036057692307692304
2 0.6153846153846154 0.33052884615384615 0.036057692307692304 0.040865384615384616
2 0.5625 0.3605769230769231 0.042067307692307696 0.036057692307692304
2 0.41586538461538464 0.5252403846153846 0.03125 0.04326923076923077
2 0.4699519230769231 0.5144230769230769 0.042067307692307696 0.03365384615384615
2 0.5516826923076923 0.5420673076923077 0.04447115384615385 0.06129807692307692