2 0.7560096153846154 0.9891826923076923 0.001201923076923077 0.003605769230769231
2 0.8822115384615384 0.7451923076923077 0.11177884615384616 0.12139423076923077
2 0.703125 0.28725961538461536 0.04567307692307692 0.04807692307692308
2 0.4543269230769231 0.44471153846153844 0.04927884615384615 0.05048076923076923
2 0.703125 0.6069711538461539 0.07211538461538461 0.08052884615384616
2 0.5528846153846154 0.8209134615384616 0.07451923076923077 0.07932692307692307
2 0.48677884615384615 0.703125 0.09254807692307693 0.109375
2 0.5528846153846154 0.30528846153846156 0.046875 0.040865384615384616
2 0.41225961538461536 0.5216346153846154 0.03125 0.040865384615384616
2 0.3894230769230769 0.3894230769230769 0.03125 0.02403846153846154
2 0.5384615384615384 0.5432692307692307 0.038461538461538464 0.054086538461538464
2 0.6009615384615384 0.3269230769230769 0.038461538461538464 0.03245192307692308
2 0.5540865384615384 0.35336538461538464 0.028846153846153848 0.038461538461538464
2 0.5985576923076923 0.3786057692307692 0.027644230769230768 0.03365384615384615
2 0.4651442307692308 0.5072115384615384 0.038461538461538464 0.04447115384615385