2 0.5973557692307693 0.21875 0.06370192307692307 0.07451923076923077
2 0.4699519230769231 0.29447115384615385 0.06009615384615385 0.07692307692307693
2 0.4807692307692308 0.35336538461538464 0.06490384615384616 0.0829326923076923
2 0.921875 0.31490384615384615 0.12740384615384615 0.15264423076923078
2 0.8137019230769231 0.6370192307692307 0.13341346153846154 0.18870192307692307
2 0.7824519230769231 0.3449519230769231 0.0889423076923077 0.0889423076923077
2 0.6802884615384616 0.4026442307692308 0.037259615384615384 0.040865384615384616
2 0.6322115384615384 0.41346153846153844 0.03245192307692308 0.04326923076923077
2 0.5144230769230769 0.42427884615384615 0.04807692307692308 0.06009615384615385
2 0.29927884615384615 0.2536057692307692 0.051682692307692304 0.054086538461538464
2 0.3245192307692308 0.3473557692307692 0.07091346153846154 0.09014423076923077
2 0.3269230769230769 0.45072115384615385 0.07932692307692307 0.09375
2 0.03365384615384615 0.671875 0.06370192307692307 0.17908653846153846