2 0.47115384615384615 0.3629807692307692 0.06370192307692307 0.08653846153846154
2 0.5300480769230769 0.140625 0.055288461538461536 0.06129807692307692
2 0.6850961538461539 0.14783653846153846 0.06610576923076923 0.07211538461538461
2 0.8028846153846154 0.6057692307692307 0.051682692307692304 0.07211538461538461
2 0.96875 0.6514423076923077 0.057692307692307696 0.16346153846153846
2 0.49759615384615385 0.6346153846153846 0.08653846153846154 0.13341346153846154
2 0.37740384615384615 0.6274038461538461 0.06009615384615385 0.0889423076923077
2 0.5264423076923077 0.20552884615384615 0.054086538461538464 0.05889423076923077
2 0.6334134615384616 0.18509615384615385 0.039663461538461536 0.039663461538461536
2 0.6826923076923077 0.2512019230769231 0.052884615384615384 0.040865384615384616
2 0.5865384615384616 0.2848557692307692 0.03365384615384615 0.03485576923076923
2 0.9026442307692307 0.40024038461538464 0.054086538461538464 0.07211538461538461
2 0.9675480769230769 0.4206730769230769 0.054086538461538464 0.057692307692307696
2 0.609375 0.5096153846153846 0.054086538461538464 0.055288461538461536
2 0.8425480769230769 0.5012019230769231 0.05048076923076923 0.04326923076923077
2 0.3894230769230769 0.14182692307692307 0.037259615384615384 0.04326923076923077
2 0.5384615384615384 0.96875 0.037259615384615384 0.06129807692307692
2 0.21514423076923078 0.2247596153846154 0.04447115384615385 0.056490384615384616
2 0.546875 0.026442307692307692 0.040865384615384616 0.039663461538461536