2 0.48197115384615385 0.4074519230769231 0.057692307692307696 0.078125
2 0.3894230769230769 0.6862980769230769 0.057692307692307696 0.09014423076923077
2 0.5036057692307693 0.6899038461538461 0.08173076923076923 0.13341346153846154
2 0.8064903846153846 0.6850961538461539 0.055288461538461536 0.07451923076923077
2 0.9711538461538461 0.7548076923076923 0.052884615384615384 0.15384615384615385
2 0.5444711538461539 0.17067307692307693 0.054086538461538464 0.06009615384615385
2 0.703125 0.18629807692307693 0.05889423076923077 0.08052884615384616
2 0.5420673076923077 0.24278846153846154 0.056490384615384616 0.07572115384615384
2 0.6947115384615384 0.24278846153846154 0.039663461538461536 0.06610576923076923
2 0.6490384615384616 0.23798076923076922 0.04447115384615385 0.038461538461538464
2 0.7007211538461539 0.29927884615384615 0.05048076923076923 0.04807692307692308
2 0.5985576923076923 0.33533653846153844 0.03245192307692308 0.038461538461538464
2 0.40384615384615385 0.16826923076923078 0.030048076923076924 0.026442307692307692
2 0.9122596153846154 0.4699519230769231 0.0673076923076923 0.07451923076923077
2 0.9747596153846154 0.49399038461538464 0.04567307692307692 0.06490384615384616
2 0.8473557692307693 0.5793269230769231 0.057692307692307696 0.04567307692307692
2 0.6153846153846154 0.5733173076923077 0.04927884615384615 0.04326923076923077
2 0.5637019230769231 0.052884615384615384 0.046875 0.046875
2 0.7932692307692307 0.07211538461538461 0.040865384615384616 0.046875
2 0.23317307692307693 0.2403846153846154 0.04567307692307692 0.05889423076923077