0 0.5685096153846154 0.8341346153846154 0.1466346153846154 0.30649038461538464
0 0.2512019230769231 0.8701923076923077 0.18028846153846154 0.2548076923076923
0 0.3737980769230769 0.4987980769230769 0.12860576923076922 0.21754807692307693
0 0.18509615384615385 0.6490384615384616 0.14423076923076922 0.23197115384615385
3 0.10697115384615384 0.7680288461538461 0.16346153846153846 0.2620192307692308
3 0.13581730769230768 0.30649038461538464 0.15264423076923078 0.21754807692307693
3 0.28125 0.2860576923076923 0.1346153846153846 0.21754807692307693
3 0.3918269230769231 0.3713942307692308 0.109375 0.16105769230769232
3 0.38221153846153844 0.6754807692307693 0.08052884615384616 0.1658653846153846
3 0.49759615384615385 0.578125 0.14903846153846154 0.28125
3 0.4182692307692308 0.7992788461538461 0.12259615384615384 0.18990384615384615
3 0.6574519230769231 0.6610576923076923 0.1310096153846154 0.21514423076923078