1 0.9254807692307693 0.7932692307692307 0.14543269230769232 0.18509615384615385
3 0.5408653846153846 0.6875 0.07211538461538461 0.10576923076923077
3 0.8834134615384616 0.09495192307692307 0.09134615384615384 0.140625
3 0.7644230769230769 0.44711538461538464 0.1141826923076923 0.15745192307692307
3 0.6658653846153846 0.25600961538461536 0.0889423076923077 0.13581730769230768
3 0.5757211538461539 0.15504807692307693 0.04567307692307692 0.07451923076923077
3 0.4326923076923077 0.2247596153846154 0.04326923076923077 0.07932692307692307
0 0.7463942307692307 0.25600961538461536 0.09495192307692307 0.18509615384615385
0 0.47836538461538464 0.47115384615384615 0.078125 0.11899038461538461
0 0.6586538461538461 0.40384615384615385 0.0889423076923077 0.17548076923076922
0 0.36778846153846156 0.3557692307692308 0.09014423076923077 0.15745192307692307
0 0.29086538461538464 0.8257211538461539 0.08052884615384616 0.140625