1 0.9362980769230769 0.3545673076923077 0.12379807692307693 0.25961538461538464
0 0.20673076923076922 0.14423076923076922 0.1466346153846154 0.21033653846153846
0 0.22355769230769232 0.5600961538461539 0.1502403846153846 0.18269230769230768
1 0.3954326923076923 0.5396634615384616 0.11899038461538461 0.12139423076923077
1 0.390625 0.38461538461538464 0.11778846153846154 0.13822115384615385
1 0.5168269230769231 0.6730769230769231 0.07211538461538461 0.18028846153846154
0 0.3449519230769231 0.71875 0.12379807692307693 0.15264423076923078
0 0.7019230769230769 0.7680288461538461 0.12860576923076922 0.21754807692307693
0 0.359375 0.9627403846153846 0.11538461538461539 0.06971153846153846
0 0.6574519230769231 0.9230769230769231 0.11778846153846154 0.14783653846153846
0 0.5973557692307693 0.6899038461538461 0.1141826923076923 0.19471153846153846