0 0.296875 0.5456730769230769 0.03485576923076923 0.039663461538461536
0 0.02403846153846154 0.7572115384615384 0.04447115384615385 0.06129807692307692
0 0.20192307692307693 0.6045673076923077 0.046875 0.04447115384615385
0 0.4026442307692308 0.5180288461538461 0.05048076923076923 0.08413461538461539
0 0.6213942307692307 0.4519230769230769 0.04807692307692308 0.06971153846153846
0 0.5817307692307693 0.5745192307692307 0.040865384615384616 0.06129807692307692
0 0.3786057692307692 0.6009615384615384 0.046875 0.07211538461538461
0 0.4495192307692308 0.7512019230769231 0.08052884615384616 0.14302884615384615
0 0.5600961538461539 0.8209134615384616 0.06370192307692307 0.140625
0 0.3076923076923077 0.9290865384615384 0.11778846153846154 0.13581730769230768
3 0.6418269230769231 0.796875 0.051682692307692304 0.07692307692307693
3 0.6310096153846154 0.9050480769230769 0.054086538461538464 0.07692307692307693
3 0.7247596153846154 0.6237980769230769 0.05889423076923077 0.07692307692307693
3 0.8245192307692307 0.4423076923076923 0.06009615384615385 0.06370192307692307
3 0.7199519230769231 0.49158653846153844 0.05048076923076923 0.06971153846153846
1 0.28966346153846156 0.625 0.07932692307692307 0.07932692307692307