0 0.8689903846153846 0.38341346153846156 0.04447115384615385 0.07692307692307693
0 0.8389423076923077 0.5096153846153846 0.042067307692307696 0.07211538461538461
0 0.7079326923076923 0.5360576923076923 0.040865384615384616 0.07451923076923077
0 0.5961538461538461 0.7560096153846154 0.051682692307692304 0.06971153846153846
0 0.515625 0.6802884615384616 0.04447115384615385 0.07211538461538461
0 0.4230769230769231 0.8990384615384616 0.04326923076923077 0.09375
0 0.27163461538461536 0.6646634615384616 0.06610576923076923 0.0985576923076923
0 0.29086538461538464 0.26802884615384615 0.056490384615384616 0.09134615384615384
0 0.09615384615384616 0.2848557692307692 0.06850961538461539 0.09615384615384616
0 0.078125 0.6358173076923077 0.0733173076923077 0.11057692307692307
3 0.3870192307692308 0.36899038461538464 0.038461538461538464 0.07692307692307693
3 0.5997596153846154 0.6430288461538461 0.038461538461538464 0.06129807692307692
3 0.7307692307692307 0.6947115384615384 0.04326923076923077 0.08173076923076923
3 0.5901442307692307 0.9483173076923077 0.040865384615384616 0.06971153846153846
3 0.6165865384615384 0.9759615384615384 0.03365384615384615 0.042067307692307696
3 0.640625 0.9639423076923077 0.04326923076923077 0.06610576923076923
3 0.4423076923076923 0.6971153846153846 0.054086538461538464 0.10576923076923077
3 0.47836538461538464 0.6286057692307693 0.03485576923076923 0.07211538461538461
3 0.32211538461538464 0.5192307692307693 0.04567307692307692 0.07692307692307693
3 0.1971153846153846 0.609375 0.06370192307692307 0.11298076923076923