2 0.2692307692307692 0.9519230769230769 0.07211538461538461 0.09134615384615384
0 0.14903846153846154 0.6286057692307693 0.15504807692307693 0.22956730769230768
0 0.17307692307692307 0.8209134615384616 0.16706730769230768 0.19471153846153846
0 0.2608173076923077 0.6899038461538461 0.13581730769230768 0.18990384615384615
0 0.5012019230769231 0.8052884615384616 0.19110576923076922 0.33052884615384615
1 0.3629807692307692 0.9098557692307693 0.13581730769230768 0.17548076923076922
1 0.3473557692307692 0.8149038461538461 0.1346153846153846 0.21754807692307693
0 0.25721153846153844 0.4723557692307692 0.13341346153846154 0.20552884615384615
0 0.19831730769230768 0.2932692307692308 0.13221153846153846 0.1971153846153846
1 0.23798076923076922 0.1971153846153846 0.1502403846153846 0.16346153846153846
1 0.390625 0.5276442307692307 0.18028846153846154 0.18990384615384615
0 0.3629807692307692 0.3605769230769231 0.11057692307692307 0.2127403846153846
0 0.34134615384615385 0.14543269230769232 0.10697115384615384 0.23197115384615385
2 0.45072115384615385 0.2860576923076923 0.09254807692307693 0.1875
1 0.44711538461538464 0.13341346153846154 0.19471153846153846 0.25721153846153844
1 0.6586538461538461 0.8100961538461539 0.1466346153846154 0.375
1 0.7752403846153846 0.7319711538461539 0.20673076923076922 0.4170673076923077
1 0.5961538461538461 0.5072115384615384 0.07932692307692307 0.4026442307692308
0 0.515625 0.39663461538461536 0.11538461538461539 0.2247596153846154
0 0.6574519230769231 0.5060096153846154 0.07451923076923077 0.21754807692307693
1 0.6730769230769231 0.07211538461538461 0.15264423076923078 0.13822115384615385
2 0.6682692307692307 0.18389423076923078 0.12860576923076922 0.22956730769230768
1 0.5661057692307693 0.21754807692307693 0.08052884615384616 0.23677884615384615
0 0.7475961538461539 0.1935096153846154 0.078125 0.2692307692307692
0 0.7091346153846154 0.3762019230769231 0.17908653846153846 0.15504807692307693
0 0.8329326923076923 0.46274038461538464 0.12379807692307693 0.2247596153846154
1 0.8894230769230769 0.41225961538461536 0.1466346153846154 0.5288461538461539
1 0.8930288461538461 0.7427884615384616 0.21153846153846154 0.1971153846153846
1 0.9471153846153846 0.8822115384615384 0.10336538461538461 0.18509615384615385
0 0.9362980769230769 0.2247596153846154 0.09495192307692307 0.21754807692307693
1 0.9747596153846154 0.484375 0.04807692307692308 0.33052884615384615