0 0.6394230769230769 0.3894230769230769 0.040865384615384616 0.057692307692307696
0 0.6802884615384616 0.2848557692307692 0.037259615384615384 0.0625
0 0.6382211538461539 0.2860576923076923 0.026442307692307692 0.038461538461538464
0 0.08052884615384616 0.4254807692307692 0.036057692307692304 0.057692307692307696
0 0.7115384615384616 0.36658653846153844 0.046875 0.07451923076923077
0 0.6153846153846154 0.3329326923076923 0.03125 0.042067307692307696
0 0.7127403846153846 0.29447115384615385 0.04326923076923077 0.05889423076923077
0 0.765625 0.3317307692307692 0.02403846153846154 0.039663461538461536
0 0.5925480769230769 0.453125 0.04326923076923077 0.08653846153846154
0 0.46634615384615385 0.3076923076923077 0.028846153846153848 0.056490384615384616
3 0.1346153846153846 0.6742788461538461 0.06971153846153846 0.09735576923076923
0 0.20192307692307693 0.6971153846153846 0.055288461538461536 0.08774038461538461
0 0.27403846153846156 0.671875 0.03485576923076923 0.05889423076923077
0 0.27283653846153844 0.7524038461538461 0.054086538461538464 0.08774038461538461
3 0.47716346153846156 0.6694711538461539 0.0733173076923077 0.0985576923076923
1 0.5637019230769231 0.5132211538461539 0.10576923076923077 0.16466346153846154
1 0.6129807692307693 0.6382211538461539 0.18389423076923078 0.12980769230769232
3 0.9038461538461539 0.6899038461538461 0.13221153846153846 0.1466346153846154
3 0.6862980769230769 0.4254807692307692 0.040865384615384616 0.0673076923076923
3 0.6850961538461539 0.5384615384615384 0.056490384615384616 0.07451923076923077
3 0.6346153846153846 0.4675480769230769 0.05889423076923077 0.08653846153846154