1 0.47836538461538464 0.16346153846153846 0.06610576923076923 0.04927884615384615
1 0.8197115384615384 0.5048076923076923 0.0829326923076923 0.11658653846153846
1 0.9002403846153846 0.7932692307692307 0.12379807692307693 0.14543269230769232
1 0.36538461538461536 0.8653846153846154 0.08173076923076923 0.12620192307692307
3 0.7079326923076923 0.8509615384615384 0.09495192307692307 0.1502403846153846
3 0.25240384615384615 0.9182692307692307 0.0625 0.08413461538461539
3 0.6394230769230769 0.3918269230769231 0.078125 0.12139423076923077
3 0.34134615384615385 0.6225961538461539 0.0625 0.10817307692307693
0 0.5144230769230769 0.6850961538461539 0.06610576923076923 0.1310096153846154
0 0.07692307692307693 0.6742788461538461 0.06009615384615385 0.08413461538461539
0 0.3233173076923077 0.2800480769230769 0.036057692307692304 0.042067307692307696