3 0.8846153846153846 0.625 0.09254807692307693 0.10817307692307693
0 0.1310096153846154 0.35697115384615385 0.07091346153846154 0.10576923076923077
0 0.5168269230769231 0.18028846153846154 0.046875 0.06370192307692307
0 0.03365384615384615 0.7259615384615384 0.06370192307692307 0.0889423076923077
0 0.12980769230769232 0.9543269230769231 0.08173076923076923 0.08653846153846154
0 0.8197115384615384 0.9375 0.14182692307692307 0.12139423076923077
0 0.7908653846153846 0.6105769230769231 0.07932692307692307 0.11658653846153846
0 0.9483173076923077 0.2980769230769231 0.054086538461538464 0.08173076923076923
0 0.8810096153846154 0.2800480769230769 0.07211538461538461 0.07692307692307693
0 0.9098557692307693 0.390625 0.07932692307692307 0.08413461538461539
0 0.7752403846153846 0.38461538461538464 0.06129807692307692 0.0889423076923077
0 0.6610576923076923 0.4338942307692308 0.052884615384615384 0.06129807692307692
0 0.6598557692307693 0.5 0.038461538461538464 0.06129807692307692
0 0.5757211538461539 0.484375 0.051682692307692304 0.06370192307692307
0 0.5612980769230769 0.6225961538461539 0.09254807692307693 0.11899038461538461
0 0.4266826923076923 0.7944711538461539 0.08413461538461539 0.11298076923076923
0 0.24759615384615385 0.7451923076923077 0.08052884615384616 0.0889423076923077