3 0.2644230769230769 0.8269230769230769 0.13581730769230768 0.25240384615384615
0 0.49038461538461536 0.609375 0.10336538461538461 0.20793269230769232
0 0.3245192307692308 0.6009615384615384 0.11778846153846154 0.19471153846153846
0 0.31850961538461536 0.4495192307692308 0.10697115384615384 0.16826923076923078
0 0.4266826923076923 0.43990384615384615 0.09615384615384616 0.14302884615384615
0 0.4326923076923077 0.33774038461538464 0.08774038461538461 0.12860576923076922
0 0.38221153846153844 0.27524038461538464 0.06971153846153846 0.11057692307692307
0 0.34975961538461536 0.36899038461538464 0.0985576923076923 0.11658653846153846
0 0.45552884615384615 0.23317307692307693 0.0829326923076923 0.11658653846153846
0 0.5420673076923077 0.3329326923076923 0.11057692307692307 0.19230769230769232
0 0.6165865384615384 0.24639423076923078 0.0889423076923077 0.17307692307692307
0 0.6334134615384616 0.4170673076923077 0.09495192307692307 0.1875
0 0.6153846153846154 0.7620192307692307 0.11899038461538461 0.21033653846153846
0 0.7487980769230769 0.734375 0.140625 0.234375
0 0.7067307692307693 0.5408653846153846 0.1502403846153846 0.1971153846153846
0 0.7560096153846154 0.3762019230769231 0.14423076923076922 0.23918269230769232
0 0.8677884615384616 0.49759615384615385 0.15504807692307693 0.2548076923076923
0 0.5805288461538461 0.9555288461538461 0.12259615384615384 0.08413461538461539
0 0.7776442307692307 0.9435096153846154 0.14302884615384615 0.10817307692307693
0 0.8209134615384616 0.8617788461538461 0.10576923076923077 0.18269230769230768
0 0.9447115384615384 0.8677884615384616 0.10697115384615384 0.25961538461538464
0 0.3245192307692308 0.25240384615384615 0.06370192307692307 0.0889423076923077
0 0.3629807692307692 0.19110576923076922 0.06971153846153846 0.09134615384615384
0 0.4362980769230769 0.10096153846153846 0.0625 0.10336538461538461
0 0.1971153846153846 0.44591346153846156 0.10697115384615384 0.12620192307692307
0 0.2403846153846154 0.3713942307692308 0.07211538461538461 0.09134615384615384