3 0.2920673076923077 0.38341346153846156 0.06490384615384616 0.12139423076923077
0 0.5709134615384616 0.7848557692307693 0.042067307692307696 0.07932692307692307
0 0.5949519230769231 0.7584134615384616 0.036057692307692304 0.06370192307692307
0 0.6081730769230769 0.7175480769230769 0.037259615384615384 0.06610576923076923
0 0.6802884615384616 0.5540865384615384 0.036057692307692304 0.06129807692307692
0 0.31490384615384615 0.26322115384615385 0.054086538461538464 0.08173076923076923
0 0.32211538461538464 0.6490384615384616 0.056490384615384616 0.12860576923076922
0 0.29086538461538464 0.7908653846153846 0.06129807692307692 0.1502403846153846
0 0.8545673076923077 0.9579326923076923 0.046875 0.07932692307692307
0 0.7175480769230769 0.7632211538461539 0.05048076923076923 0.0889423076923077
0 0.5841346153846154 0.9639423076923077 0.07451923076923077 0.06610576923076923
0 0.4110576923076923 0.9567307692307693 0.05889423076923077 0.08173076923076923
0 0.09254807692307693 0.6454326923076923 0.15985576923076922 0.18990384615384615