0 0.2439903846153846 0.8161057692307693 0.026442307692307692 0.03365384615384615
0 0.203125 0.9338942307692307 0.039663461538461536 0.056490384615384616
0 0.29447115384615385 0.8076923076923077 0.03365384615384615 0.057692307692307696
0 0.49278846153846156 0.7223557692307693 0.03365384615384615 0.04326923076923077
0 0.7403846153846154 0.5540865384615384 0.03485576923076923 0.05048076923076923
1 0.5961538461538461 0.9026442307692307 0.09134615384615384 0.04807692307692308
0 0.6622596153846154 0.9206730769230769 0.039663461538461536 0.04807692307692308
0 0.7079326923076923 0.84375 0.037259615384615384 0.05048076923076923
0 0.40625 0.9495192307692307 0.051682692307692304 0.0673076923076923
0 0.5444711538461539 0.6935096153846154 0.036057692307692304 0.042067307692307696
0 0.6646634615384616 0.6911057692307693 0.03485576923076923 0.054086538461538464
0 0.4963942307692308 0.8341346153846154 0.039663461538461536 0.05889423076923077