1 0.42908653846153844 0.8485576923076923 0.1141826923076923 0.19831730769230768
1 0.9266826923076923 0.6754807692307693 0.14543269230769232 0.15625
1 0.6382211538461539 0.2956730769230769 0.10216346153846154 0.10096153846153846
0 0.4879807692307692 0.6838942307692307 0.04447115384615385 0.05889423076923077
0 0.609375 0.3629807692307692 0.057692307692307696 0.07091346153846154
0 0.8161057692307693 0.2848557692307692 0.03485576923076923 0.04326923076923077
0 0.7067307692307693 0.07211538461538461 0.03485576923076923 0.054086538461538464
0 0.5649038461538461 0.1310096153846154 0.03485576923076923 0.06490384615384616
0 0.5913461538461539 0.11658653846153846 0.03485576923076923 0.056490384615384616
0 0.4170673076923077 0.2091346153846154 0.038461538461538464 0.056490384615384616
0 0.12139423076923077 0.4951923076923077 0.03125 0.042067307692307696
0 0.056490384615384616 0.3629807692307692 0.046875 0.078125
0 0.1141826923076923 0.15504807692307693 0.040865384615384616 0.054086538461538464
3 0.484375 0.1778846153846154 0.03125 0.03485576923076923
3 0.8305288461538461 0.12860576923076922 0.06490384615384616 0.10336538461538461
3 0.43509615384615385 0.4014423076923077 0.05889423076923077 0.078125