0 0.5144230769230769 0.13581730769230768 0.11057692307692307 0.18269230769230768
0 0.40024038461538464 0.21634615384615385 0.10096153846153846 0.13581730769230768
0 0.4723557692307692 0.31850961538461536 0.15144230769230768 0.17307692307692307
0 0.6177884615384616 0.24158653846153846 0.13221153846153846 0.1971153846153846
0 0.6502403846153846 0.359375 0.15384615384615385 0.23918269230769232
0 0.20072115384615385 0.2608173076923077 0.12139423076923077 0.12620192307692307
0 0.10336538461538461 0.4170673076923077 0.14182692307692307 0.19230769230769232
0 0.13341346153846154 0.6346153846153846 0.14182692307692307 0.2764423076923077
1 0.18389423076923078 0.359375 0.13221153846153846 0.10096153846153846
2 0.2956730769230769 0.140625 0.07211538461538461 0.10817307692307693
1 0.3701923076923077 0.078125 0.07692307692307693 0.11658653846153846
1 0.22956730769230768 0.6129807692307693 0.07692307692307693 0.17548076923076922
2 0.5408653846153846 0.5060096153846154 0.16105769230769232 0.19230769230769232
0 0.8725961538461539 0.18028846153846154 0.18389423076923078 0.25721153846153844
1 0.9375 0.26322115384615385 0.12259615384615384 0.328125
1 0.9014423076923077 0.828125 0.19110576923076922 0.33774038461538464
0 0.8834134615384616 0.5925480769230769 0.23076923076923078 0.3016826923076923
0 0.7055288461538461 0.828125 0.28846153846153844 0.33774038461538464