1 0.8810096153846154 0.5745192307692307 0.23557692307692307 0.2247596153846154
1 0.7091346153846154 0.6935096153846154 0.1045673076923077 0.4050480769230769
1 0.7139423076923077 0.43509615384615385 0.13581730769230768 0.19230769230769232
1 0.4951923076923077 0.4423076923076923 0.15985576923076922 0.15264423076923078
2 0.5865384615384616 0.45072115384615385 0.13942307692307693 0.12139423076923077
2 0.5072115384615384 0.5757211538461539 0.125 0.14302884615384615
2 0.5348557692307693 0.6983173076923077 0.15264423076923078 0.1875
2 0.5625 0.9266826923076923 0.22235576923076922 0.140625
2 0.9519230769230769 0.4387019230769231 0.09254807692307693 0.140625
2 0.9170673076923077 0.31009615384615385 0.15264423076923078 0.18509615384615385
2 0.9723557692307693 0.0985576923076923 0.052884615384615384 0.13341346153846154