3 0.7235576923076923 0.6466346153846154 0.042067307692307696 0.07932692307692307
0 0.8737980769230769 0.8100961538461539 0.051682692307692304 0.07451923076923077
0 0.7992788461538461 0.9591346153846154 0.04567307692307692 0.07692307692307693
0 0.1346153846153846 0.11298076923076923 0.08173076923076923 0.12379807692307693
0 0.2091346153846154 0.3425480769230769 0.06971153846153846 0.12139423076923077
0 0.32211538461538464 0.5252403846153846 0.04807692307692308 0.09615384615384616
0 0.4735576923076923 0.9387019230769231 0.05889423076923077 0.0889423076923077
0 0.30649038461538464 0.24639423076923078 0.055288461538461536 0.12379807692307693
0 0.4831730769230769 0.23197115384615385 0.04326923076923077 0.07451923076923077
0 0.5192307692307693 0.5120192307692307 0.04567307692307692 0.09134615384615384
0 0.7199519230769231 0.47836538461538464 0.042067307692307696 0.07211538461538461