2 0.8365384615384616 0.5805288461538461 0.04447115384615385 0.04447115384615385
0 0.6442307692307693 0.5276442307692307 0.10096153846153846 0.1658653846153846
0 0.484375 0.4423076923076923 0.078125 0.11298076923076923
0 0.4110576923076923 0.22115384615384615 0.046875 0.07211538461538461
1 0.5673076923076923 0.9375 0.040865384615384616 0.10096153846153846
1 0.5048076923076923 0.8737980769230769 0.08173076923076923 0.17307692307692307
1 0.32091346153846156 0.8233173076923077 0.07451923076923077 0.14543269230769232
3 0.9266826923076923 0.2091346153846154 0.07692307692307693 0.10096153846153846
3 0.5360576923076923 0.37259615384615385 0.052884615384615384 0.05889423076923077
3 0.25961538461538464 0.9591346153846154 0.06009615384615385 0.07692307692307693
3 0.6742788461538461 0.9567307692307693 0.08774038461538461 0.08173076923076923
3 0.5012019230769231 0.29086538461538464 0.06610576923076923 0.06370192307692307