0 0.6129807692307693 0.0829326923076923 0.026442307692307692 0.055288461538461536
0 0.8161057692307693 0.2704326923076923 0.026442307692307692 0.046875
0 0.765625 0.7560096153846154 0.042067307692307696 0.06850961538461539
0 0.9507211538461539 0.6694711538461539 0.037259615384615384 0.06370192307692307
0 0.7295673076923077 0.5637019230769231 0.027644230769230768 0.057692307692307696
0 0.5516826923076923 0.9290865384615384 0.03365384615384615 0.06850961538461539
0 0.4639423076923077 0.8810096153846154 0.03365384615384615 0.06490384615384616
0 0.7415865384615384 0.3293269230769231 0.028846153846153848 0.07211538461538461
0 0.4963942307692308 0.057692307692307696 0.03365384615384615 0.05048076923076923
0 0.49038461538461536 0.12139423076923077 0.03485576923076923 0.06370192307692307
0 0.4170673076923077 0.1658653846153846 0.04326923076923077 0.0733173076923077
0 0.328125 0.22235576923076922 0.03125 0.06850961538461539
0 0.2920673076923077 0.1045673076923077 0.040865384615384616 0.06370192307692307
0 0.22596153846153846 0.18629807692307693 0.042067307692307696 0.07692307692307693
0 0.12620192307692307 0.44471153846153844 0.040865384615384616 0.07692307692307693
0 0.13942307692307693 0.609375 0.039663461538461536 0.06850961538461539