1 0.6502403846153846 0.6862980769230769 0.0733173076923077 0.05889423076923077
3 0.5012019230769231 0.21995192307692307 0.06370192307692307 0.12860576923076922
3 0.46634615384615385 0.25600961538461536 0.0625 0.11658653846153846
1 0.49158653846153844 0.9375 0.06971153846153846 0.12139423076923077
0 0.7259615384615384 0.4543269230769231 0.042067307692307696 0.05889423076923077
0 0.6213942307692307 0.4375 0.046875 0.09375
0 0.9266826923076923 0.5673076923076923 0.0733173076923077 0.12860576923076922
0 0.7896634615384616 0.7932692307692307 0.08173076923076923 0.15504807692307693
0 0.7716346153846154 0.9411057692307693 0.12620192307692307 0.11298076923076923
0 0.359375 0.9290865384615384 0.10336538461538461 0.13581730769230768
0 0.22596153846153846 0.3629807692307692 0.1466346153846154 0.22716346153846154