0 0.34975961538461536 0.484375 0.028846153846153848 0.04567307692307692
0 0.4807692307692308 0.29927884615384615 0.021634615384615384 0.04447115384615385
0 0.38461538461538464 0.42788461538461536 0.027644230769230768 0.04326923076923077
0 0.43509615384615385 0.3858173076923077 0.025240384615384616 0.05048076923076923
0 0.6370192307692307 0.027644230769230768 0.02403846153846154 0.036057692307692304
0 0.6141826923076923 0.06850961538461539 0.025240384615384616 0.040865384615384616
0 0.5612980769230769 0.25240384615384615 0.027644230769230768 0.04326923076923077
0 0.6622596153846154 0.2824519230769231 0.04326923076923077 0.0733173076923077
0 0.6706730769230769 0.4567307692307692 0.03365384615384615 0.05889423076923077
0 0.6923076923076923 0.5180288461538461 0.04927884615384615 0.07091346153846154
0 0.6875 0.6394230769230769 0.056490384615384616 0.09134615384615384
0 0.46875 0.7524038461538461 0.046875 0.0985576923076923
0 0.42427884615384615 0.765625 0.03485576923076923 0.09254807692307693
0 0.38100961538461536 0.7427884615384616 0.03125 0.03365384615384615
0 0.3425480769230769 0.8978365384615384 0.037259615384615384 0.08533653846153846
0 0.2764423076923077 0.6382211538461539 0.026442307692307692 0.057692307692307696
0 0.25600961538461536 0.7175480769230769 0.021634615384615384 0.046875
0 0.2127403846153846 0.8161057692307693 0.016826923076923076 0.046875