3 0.5600961538461539 0.6971153846153846 0.056490384615384616 0.19951923076923078
0 0.4519230769230769 0.25961538461538464 0.08173076923076923 0.07932692307692307
0 0.2536057692307692 0.3485576923076923 0.078125 0.11298076923076923
0 0.2608173076923077 0.5877403846153846 0.11658653846153846 0.15264423076923078
0 0.43149038461538464 0.29447115384615385 0.07211538461538461 0.08173076923076923
0 0.44591346153846156 0.40865384615384615 0.06971153846153846 0.10576923076923077
0 0.39903846153846156 0.6658653846153846 0.07932692307692307 0.13581730769230768
0 0.49038461538461536 0.6346153846153846 0.06850961538461539 0.10817307692307693
0 0.5552884615384616 0.4110576923076923 0.056490384615384616 0.11658653846153846
1 0.5072115384615384 0.46033653846153844 0.040865384615384616 0.17067307692307693
0 0.6935096153846154 0.23557692307692307 0.06009615384615385 0.09615384615384616
0 0.6394230769230769 0.3870192307692308 0.06129807692307692 0.08653846153846154
0 0.7019230769230769 0.39663461538461536 0.06490384615384616 0.09615384615384616
0 0.609375 0.5288461538461539 0.07692307692307693 0.10336538461538461
0 0.6081730769230769 0.453125 0.05889423076923077 0.07692307692307693
0 0.7127403846153846 0.5048076923076923 0.0829326923076923 0.11057692307692307
0 0.6911057692307693 0.6225961538461539 0.06971153846153846 0.10336538461538461
0 0.703125 0.8377403846153846 0.1045673076923077 0.16105769230769232
1 0.6358173076923077 0.6502403846153846 0.06850961538461539 0.12139423076923077
0 0.39903846153846156 0.9375 0.109375 0.12139423076923077
0 0.5132211538461539 0.9483173076923077 0.09615384615384616 0.0985576923076923