0 0.10697115384615384 0.7487980769230769 0.1466346153846154 0.20552884615384615
0 0.08774038461538461 0.9122596153846154 0.1502403846153846 0.17067307692307693
0 0.07932692307692307 0.5204326923076923 0.12740384615384615 0.19230769230769232
0 0.1814903846153846 0.5420673076923077 0.11538461538461539 0.19471153846153846
0 0.2512019230769231 0.6887019230769231 0.1310096153846154 0.23677884615384615
0 0.24158653846153846 0.9038461538461539 0.125 0.1875
2 0.34134615384615385 0.7848557692307693 0.125 0.23197115384615385
0 0.3293269230769231 0.5516826923076923 0.10576923076923077 0.16105769230769232
0 0.28846153846153844 0.41947115384615385 0.10336538461538461 0.15745192307692307
0 0.23918269230769232 0.3269230769230769 0.1045673076923077 0.17548076923076922
0 0.33774038461538464 0.3076923076923077 0.08173076923076923 0.15504807692307693
0 0.36658653846153844 0.23557692307692307 0.0889423076923077 0.14543269230769232
0 0.41586538461538464 0.38461538461538464 0.08653846153846154 0.16826923076923078
0 0.46274038461538464 0.11057692307692307 0.08653846153846154 0.14302884615384615
0 0.5012019230769231 0.20793269230769232 0.09134615384615384 0.13822115384615385
0 0.5168269230769231 0.3016826923076923 0.09134615384615384 0.15745192307692307
0 0.49759615384615385 0.46153846153846156 0.10336538461538461 0.18269230769230768
0 0.43149038461538464 0.5913461538461539 0.10697115384615384 0.18509615384615385
0 0.43990384615384615 0.8605769230769231 0.12740384615384615 0.25961538461538464
0 0.5685096153846154 0.8665865384615384 0.12259615384615384 0.23197115384615385
0 0.6021634615384616 0.359375 0.0985576923076923 0.15504807692307693
0 0.6057692307692307 0.49158653846153844 0.1045673076923077 0.16346153846153846
0 0.5949519230769231 0.6478365384615384 0.10697115384615384 0.18028846153846154
0 0.6995192307692307 0.7415865384615384 0.1346153846153846 0.23918269230769232