0 0.08052884615384616 0.2920673076923077 0.0829326923076923 0.09615384615384616
0 0.46634615384615385 0.5408653846153846 0.08774038461538461 0.14302884615384615
0 0.4254807692307692 0.28966346153846156 0.04567307692307692 0.056490384615384616
0 0.47475961538461536 0.34975961538461536 0.06370192307692307 0.10576923076923077
0 0.5913461538461539 0.6646634615384616 0.09254807692307693 0.16346153846153846
0 0.45913461538461536 0.9182692307692307 0.109375 0.15745192307692307
0 0.6658653846153846 0.5492788461538461 0.09134615384615384 0.140625
0 0.6899038461538461 0.7716346153846154 0.08774038461538461 0.08173076923076923
0 0.5384615384615384 0.13942307692307693 0.054086538461538464 0.07692307692307693
0 0.5456730769230769 0.21754807692307693 0.06610576923076923 0.09375
0 0.6057692307692307 0.1622596153846154 0.051682692307692304 0.08173076923076923
0 0.6322115384615384 0.27403846153846156 0.0733173076923077 0.0889423076923077
0 0.6490384615384616 0.390625 0.08774038461538461 0.15264423076923078
1 0.3125 0.4807692307692308 0.0829326923076923 0.21514423076923078