2 0.23918269230769232 0.9495192307692307 0.06009615384615385 0.09615384615384616
0 0.2247596153846154 0.3137019230769231 0.08052884615384616 0.13341346153846154
0 0.18629807692307693 0.39903846153846156 0.06610576923076923 0.09134615384615384
0 0.29086538461538464 0.4206730769230769 0.05048076923076923 0.11658653846153846
0 0.2920673076923077 0.5709134615384616 0.06971153846153846 0.15264423076923078
0 0.6778846153846154 0.5961538461538461 0.17067307692307693 0.3329326923076923
3 0.31490384615384615 0.20793269230769232 0.052884615384615384 0.15745192307692307
3 0.3942307692307692 0.5673076923076923 0.07932692307692307 0.17307692307692307
1 0.3894230769230769 0.8016826923076923 0.07091346153846154 0.09134615384615384
1 0.4567307692307692 0.8365384615384616 0.052884615384615384 0.0985576923076923
3 0.390625 0.8942307692307693 0.04807692307692308 0.07932692307692307