3 0.12620192307692307 0.6959134615384616 0.109375 0.16346153846153846
0 0.18629807692307693 0.4651442307692308 0.10336538461538461 0.16105769230769232
0 0.13581730769230768 0.33774038461538464 0.18629807692307693 0.1875
0 0.09735576923076923 0.4699519230769231 0.09495192307692307 0.11057692307692307
0 0.34375 0.6177884615384616 0.09014423076923077 0.15264423076923078
0 0.25721153846153844 0.609375 0.11057692307692307 0.15264423076923078
0 0.32572115384615385 0.4639423076923077 0.19831730769230768 0.2127403846153846
0 0.5504807692307693 0.6334134615384616 0.234375 0.25961538461538464
0 0.7548076923076923 0.26802884615384615 0.18990384615384615 0.4519230769230769
0 0.1502403846153846 0.12139423076923077 0.1658653846153846 0.2127403846153846
0 0.3485576923076923 0.8737980769230769 0.1466346153846154 0.21754807692307693
0 0.7091346153846154 0.8497596153846154 0.14302884615384615 0.23677884615384615
0 0.06850961538461539 0.9555288461538461 0.0985576923076923 0.08413461538461539
3 0.5661057692307693 0.40384615384615385 0.27524038461538464 0.4423076923076923