0 0.11778846153846154 0.4639423076923077 0.042067307692307696 0.07932692307692307
0 0.27283653846153844 0.5552884615384616 0.054086538461538464 0.06370192307692307
0 0.35336538461538464 0.5216346153846154 0.07451923076923077 0.09615384615384616
0 0.18990384615384615 0.8329326923076923 0.07211538461538461 0.140625
0 0.2848557692307692 0.7896634615384616 0.09014423076923077 0.15264423076923078
0 0.36658653846153844 0.8882211538461539 0.10336538461538461 0.18509615384615385
0 0.15865384615384615 0.953125 0.054086538461538464 0.0889423076923077
0 0.2283653846153846 0.9807692307692307 0.06129807692307692 0.03485576923076923
1 0.5600961538461539 0.8076923076923077 0.038461538461538464 0.08413461538461539
1 0.4266826923076923 0.6442307692307693 0.036057692307692304 0.11298076923076923
0 0.7283653846153846 0.125 0.09975961538461539 0.15504807692307693
0 0.921875 0.04326923076923077 0.12740384615384615 0.08173076923076923
0 0.9038461538461539 0.22235576923076922 0.13221153846153846 0.18269230769230768
3 0.640625 0.8353365384615384 0.04326923076923077 0.06129807692307692
3 0.796875 0.7680288461538461 0.037259615384615384 0.06370192307692307