3 0.9783653846153846 0.5132211538461539 0.042067307692307696 0.0889423076923077
3 0.7139423076923077 0.30649038461538464 0.06610576923076923 0.06129807692307692
3 0.5709134615384616 0.22596153846153846 0.04326923076923077 0.026442307692307692
3 0.6105769230769231 0.9651442307692307 0.1466346153846154 0.06850961538461539
0 0.37740384615384615 0.8665865384615384 0.055288461538461536 0.13221153846153846
0 0.359375 0.703125 0.08052884615384616 0.10697115384615384
3 0.4230769230769231 0.2668269230769231 0.037259615384615384 0.037259615384615384
3 0.33774038461538464 0.23197115384615385 0.03365384615384615 0.037259615384615384
3 0.3245192307692308 0.19591346153846154 0.027644230769230768 0.030048076923076924
3 0.25721153846153844 0.20793269230769232 0.028846153846153848 0.038461538461538464
3 0.16947115384615385 0.15745192307692307 0.030048076923076924 0.042067307692307696