3 0.7091346153846154 0.5348557692307693 0.015625 0.038461538461538464
0 0.7956730769230769 0.14543269230769232 0.03485576923076923 0.078125
0 0.8401442307692307 0.29086538461538464 0.052884615384615384 0.08533653846153846
0 0.6826923076923077 0.47716346153846156 0.02283653846153846 0.04447115384615385
3 0.8846153846153846 0.4699519230769231 0.04927884615384615 0.09134615384615384
3 0.7944711538461539 0.6911057692307693 0.051682692307692304 0.057692307692307696
3 0.7379807692307693 0.6177884615384616 0.04447115384615385 0.06490384615384616
1 0.6947115384615384 0.9855769230769231 0.03365384615384615 0.027644230769230768
0 0.7043269230769231 0.7728365384615384 0.03245192307692308 0.06129807692307692
0 0.7055288461538461 0.9074519230769231 0.03365384615384615 0.06490384615384616
0 0.6550480769230769 0.8713942307692307 0.028846153846153848 0.0733173076923077
0 0.6646634615384616 0.9555288461538461 0.03125 0.0625
2 0.49158653846153844 0.7463942307692307 0.026442307692307692 0.037259615384615384
3 0.5372596153846154 0.7247596153846154 0.03365384615384615 0.04447115384615385
0 0.3269230769230769 0.8209134615384616 0.04326923076923077 0.06971153846153846
0 0.3629807692307692 0.9086538461538461 0.04807692307692308 0.09375
0 0.3389423076923077 0.984375 0.038461538461538464 0.030048076923076924
0 0.28365384615384615 0.9579326923076923 0.04927884615384615 0.0829326923076923
3 0.02283653846153846 0.7295673076923077 0.042067307692307696 0.09735576923076923
0 0.28125 0.30528846153846156 0.046875 0.07572115384615384
0 0.051682692307692304 0.5456730769230769 0.04447115384615385 0.07091346153846154