1 0.5901442307692307 0.25721153846153844 0.08173076923076923 0.11899038461538461
0 0.46033653846153844 0.16466346153846154 0.08413461538461539 0.16105769230769232
0 0.3269230769230769 0.07692307692307693 0.0733173076923077 0.11899038461538461
0 0.18509615384615385 0.3762019230769231 0.0625 0.11057692307692307
0 0.140625 0.4110576923076923 0.06490384615384616 0.11658653846153846
0 0.038461538461538464 0.2127403846153846 0.0625 0.11298076923076923
0 0.20673076923076922 0.5372596153846154 0.07932692307692307 0.10576923076923077
0 0.125 0.7403846153846154 0.12740384615384615 0.17307692307692307
1 0.6959134615384616 0.6201923076923077 0.09495192307692307 0.11298076923076923
1 0.4723557692307692 0.375 0.10096153846153846 0.11899038461538461
1 0.6418269230769231 0.1310096153846154 0.0889423076923077 0.11298076923076923