0 0.078125 0.9675480769230769 0.078125 0.05889423076923077
0 0.31009615384615385 0.7127403846153846 0.038461538461538464 0.08173076923076923
0 0.6009615384615384 0.9603365384615384 0.046875 0.07451923076923077
0 0.40384615384615385 0.7307692307692307 0.055288461538461536 0.09375
0 0.84375 0.8521634615384616 0.051682692307692304 0.08413461538461539
0 0.8004807692307693 0.8209134615384616 0.04567307692307692 0.08173076923076923
0 0.6141826923076923 0.6694711538461539 0.03485576923076923 0.06971153846153846
0 0.6009615384615384 0.7067307692307693 0.037259615384615384 0.06971153846153846
0 0.3713942307692308 0.6550480769230769 0.055288461538461536 0.10576923076923077
0 0.04326923076923077 0.7908653846153846 0.06850961538461539 0.13581730769230768
0 0.17427884615384615 0.6706730769230769 0.07692307692307693 0.11057692307692307
0 0.41586538461538464 0.5216346153846154 0.03245192307692308 0.06129807692307692
0 0.4014423076923077 0.4723557692307692 0.03365384615384615 0.051682692307692304
0 0.3641826923076923 0.4387019230769231 0.027644230769230768 0.042067307692307696
0 0.33774038461538464 0.44471153846153844 0.030048076923076924 0.04927884615384615
0 0.28846153846153844 0.46634615384615385 0.028846153846153848 0.04927884615384615
0 0.26322115384615385 0.46274038461538464 0.03485576923076923 0.06129807692307692