1 0.109375 0.7307692307692307 0.14302884615384615 0.16826923076923078
0 0.5144230769230769 0.4807692307692308 0.030048076923076924 0.051682692307692304
3 0.6346153846153846 0.7067307692307693 0.046875 0.04927884615384615
3 0.49278846153846156 0.7752403846153846 0.052884615384615384 0.06370192307692307
3 0.44350961538461536 0.7403846153846154 0.055288461538461536 0.07932692307692307
3 0.2764423076923077 0.7632211538461539 0.05048076923076923 0.07451923076923077
3 0.2247596153846154 0.5841346153846154 0.06971153846153846 0.11057692307692307
3 0.2091346153846154 0.33533653846153844 0.13221153846153846 0.1778846153846154
0 0.3329326923076923 0.8774038461538461 0.07091346153846154 0.13581730769230768
0 0.3942307692307692 0.6286057692307693 0.06009615384615385 0.13581730769230768
0 0.37259615384615385 0.4050480769230769 0.05048076923076923 0.0889423076923077
0 0.4254807692307692 0.32572115384615385 0.0625 0.09375
0 0.18269230769230768 0.020432692307692308 0.056490384615384616 0.037259615384615384
0 0.12139423076923077 0.10096153846153846 0.06009615384615385 0.07451923076923077