1 0.28725961538461536 0.9459134615384616 0.06370192307692307 0.10336538461538461
3 0.5516826923076923 0.5324519230769231 0.056490384615384616 0.09134615384615384
3 0.2932692307692308 0.6418269230769231 0.07091346153846154 0.06971153846153846
3 0.34134615384615385 0.9723557692307693 0.06370192307692307 0.04927884615384615
3 0.3942307692307692 0.953125 0.052884615384615384 0.0889423076923077
3 0.30649038461538464 0.5661057692307693 0.06850961538461539 0.07692307692307693
1 0.6634615384615384 0.7668269230769231 0.10817307692307693 0.140625
3 0.6105769230769231 0.9194711538461539 0.11298076923076923 0.15504807692307693
3 0.5961538461538461 0.39663461538461536 0.08653846153846154 0.12620192307692307
0 0.16706730769230768 0.5492788461538461 0.042067307692307696 0.07211538461538461
0 0.0985576923076923 0.8100961538461539 0.06129807692307692 0.0985576923076923
0 0.5588942307692307 0.6274038461538461 0.08173076923076923 0.11298076923076923
0 0.8209134615384616 0.5721153846153846 0.10817307692307693 0.1658653846153846
0 0.9411057692307693 0.6490384615384616 0.11538461538461539 0.15745192307692307