2 0.08413461538461539 0.4026442307692308 0.16346153846153846 0.20793269230769232
2 0.13822115384615385 0.20552884615384615 0.140625 0.10817307692307693
2 0.3762019230769231 0.3233173076923077 0.1141826923076923 0.13341346153846154
0 0.6009615384615384 0.140625 0.14543269230769232 0.2127403846153846
0 0.328125 0.46634615384615385 0.1935096153846154 0.24639423076923078
2 0.5348557692307693 0.3233173076923077 0.1622596153846154 0.16826923076923078
2 0.49759615384615385 0.5240384615384616 0.17307692307692307 0.24158653846153846
2 0.3173076923076923 0.7319711538461539 0.17668269230769232 0.3329326923076923
2 0.1502403846153846 0.6682692307692307 0.23317307692307693 0.2439903846153846
2 0.7211538461538461 0.27403846153846156 0.171875 0.2127403846153846
2 0.8497596153846154 0.16105769230769232 0.19951923076923078 0.22716346153846154
2 0.6935096153846154 0.8076923076923077 0.3329326923076923 0.3798076923076923
2 0.796875 0.5637019230769231 0.25240384615384615 0.33774038461538464
0 0.13942307692307693 0.8509615384615384 0.27163461538461536 0.2932692307692308
0 0.9447115384615384 0.6430288461538461 0.10697115384615384 0.41225961538461536
0 0.9399038461538461 0.3425480769230769 0.11778846153846154 0.328125