3 0.5420673076923077 0.40024038461538464 0.04447115384615385 0.06370192307692307
3 0.6033653846153846 0.47115384615384615 0.042067307692307696 0.054086538461538464
3 0.38221153846153844 0.6334134615384616 0.04807692307692308 0.06610576923076923
3 0.33774038461538464 0.6875 0.04807692307692308 0.06129807692307692
0 0.5420673076923077 0.28125 0.020432692307692308 0.030048076923076924
0 0.5721153846153846 0.22596153846153846 0.016826923076923076 0.03245192307692308
0 0.9783653846153846 0.36177884615384615 0.040865384615384616 0.08653846153846154
0 0.9483173076923077 0.22355769230769232 0.042067307692307696 0.06610576923076923
0 0.8677884615384616 0.8353365384615384 0.06009615384615385 0.10576923076923077
0 0.7608173076923077 0.71875 0.05048076923076923 0.10336538461538461
0 0.7740384615384616 0.5901442307692307 0.06370192307692307 0.09375
0 0.6875 0.6105769230769231 0.04447115384615385 0.08173076923076923
0 0.6262019230769231 0.3641826923076923 0.040865384615384616 0.06610576923076923
0 0.44471153846153844 0.9074519230769231 0.042067307692307696 0.08653846153846154
0 0.3894230769230769 0.7908653846153846 0.026442307692307692 0.06610576923076923
0 0.4230769230769231 0.5456730769230769 0.03245192307692308 0.054086538461538464
0 0.3401442307692308 0.5420673076923077 0.026442307692307692 0.06129807692307692
0 0.15865384615384615 0.7776442307692307 0.042067307692307696 0.054086538461538464