0 0.44711538461538464 0.15504807692307693 0.025240384615384616 0.054086538461538464
0 0.4699519230769231 0.21995192307692307 0.03245192307692308 0.04927884615384615
0 0.4050480769230769 0.171875 0.03485576923076923 0.06129807692307692
0 0.21033653846153846 0.8076923076923077 0.14903846153846154 0.25721153846153844
0 0.3545673076923077 0.8762019230769231 0.05889423076923077 0.13822115384615385
0 0.42427884615384615 0.5985576923076923 0.04807692307692308 0.12620192307692307
0 0.4735576923076923 0.6105769230769231 0.06610576923076923 0.12620192307692307
0 0.6502403846153846 0.7331730769230769 0.09014423076923077 0.16346153846153846
0 0.5252403846153846 0.9375 0.06850961538461539 0.12139423076923077
0 0.6105769230769231 0.40625 0.04567307692307692 0.06610576923076923
0 0.4495192307692308 0.38822115384615385 0.051682692307692304 0.0889423076923077
0 0.3161057692307692 0.21995192307692307 0.052884615384615384 0.11298076923076923
0 0.41466346153846156 0.2512019230769231 0.028846153846153848 0.07211538461538461
0 0.44471153846153844 0.27884615384615385 0.030048076923076924 0.07932692307692307
3 0.7163461538461539 0.8149038461538461 0.08173076923076923 0.15264423076923078
3 0.8233173076923077 0.8100961538461539 0.06009615384615385 0.0985576923076923
3 0.9723557692307693 0.5745192307692307 0.052884615384615384 0.08173076923076923
3 0.7608173076923077 0.7091346153846154 0.040865384615384616 0.09375