0 0.33413461538461536 0.5721153846153846 0.11538461538461539 0.21995192307692307
0 0.5504807692307693 0.19831730769230768 0.07451923076923077 0.1502403846153846
1 0.31490384615384615 0.25721153846153844 0.06490384615384616 0.15264423076923078
1 0.6911057692307693 0.6742788461538461 0.056490384615384616 0.2127403846153846
1 0.5721153846153846 0.5528846153846154 0.0625 0.11298076923076923
1 0.484375 0.7680288461538461 0.09495192307692307 0.20192307692307693
1 0.5829326923076923 0.4182692307692308 0.05889423076923077 0.12620192307692307
1 0.18990384615384615 0.6334134615384616 0.11538461538461539 0.11057692307692307
3 0.22235576923076922 0.4543269230769231 0.09495192307692307 0.11298076923076923
3 0.47115384615384615 0.39663461538461536 0.06850961538461539 0.11658653846153846
3 0.6646634615384616 0.5144230769230769 0.06850961538461539 0.09134615384615384
3 0.49278846153846156 0.6526442307692307 0.056490384615384616 0.11057692307692307
3 0.07692307692307693 0.9543269230769231 0.11899038461538461 0.08653846153846154