0 0.125 0.14182692307692307 0.055288461538461536 0.07211538461538461
0 0.1814903846153846 0.3161057692307692 0.07211538461538461 0.12379807692307693
0 0.21514423076923078 0.2548076923076923 0.04447115384615385 0.07451923076923077
0 0.22716346153846154 0.07692307692307693 0.04326923076923077 0.05889423076923077
0 0.39663461538461536 0.1045673076923077 0.051682692307692304 0.07692307692307693
0 0.4254807692307692 0.06009615384615385 0.051682692307692304 0.07692307692307693
0 0.4338942307692308 0.16346153846153846 0.04447115384615385 0.06971153846153846
0 0.47115384615384615 0.20552884615384615 0.026442307692307692 0.05889423076923077
0 0.3954326923076923 0.35697115384615385 0.056490384615384616 0.11658653846153846
0 0.24158653846153846 0.4699519230769231 0.078125 0.12139423076923077
0 0.17548076923076922 0.5612980769230769 0.09014423076923077 0.140625
0 0.12620192307692307 0.056490384615384616 0.05889423076923077 0.0889423076923077
0 0.2980769230769231 0.4807692307692308 0.05048076923076923 0.11057692307692307
0 0.8185096153846154 0.27524038461538464 0.052884615384615384 0.10576923076923077
1 0.5901442307692307 0.42427884615384615 0.056490384615384616 0.06971153846153846
1 0.6237980769230769 0.9206730769230769 0.08413461538461539 0.0889423076923077
3 0.8786057692307693 0.0985576923076923 0.0625 0.05889423076923077