3 0.5709134615384616 0.7788461538461539 0.028846153846153848 0.037259615384615384
0 0.47836538461538464 0.40865384615384615 0.03125 0.04447115384615385
0 0.8641826923076923 0.22596153846153846 0.03365384615384615 0.06129807692307692
0 0.9122596153846154 0.3581730769230769 0.046875 0.07692307692307693
3 0.9675480769230769 0.5264423076923077 0.04567307692307692 0.08653846153846154
0 0.7752403846153846 0.8317307692307693 0.03365384615384615 0.056490384615384616
0 0.7800480769230769 0.9651442307692307 0.028846153846153848 0.06610576923076923
0 0.7235576923076923 0.9206730769230769 0.030048076923076924 0.07451923076923077
0 0.39302884615384615 0.3293269230769231 0.038461538461538464 0.0625
3 0.6069711538461539 0.7668269230769231 0.038461538461538464 0.037259615384615384
0 0.44711538461538464 0.9266826923076923 0.051682692307692304 0.09014423076923077
0 0.37259615384615385 0.9675480769230769 0.04807692307692308 0.0625
0 0.41225961538461536 0.8389423076923077 0.04447115384615385 0.0625
3 0.11899038461538461 0.7259615384615384 0.0673076923076923 0.10096153846153846