0 0.7584134615384616 0.5084134615384616 0.06129807692307692 0.09375
0 0.7127403846153846 0.42427884615384615 0.06370192307692307 0.10336538461538461
0 0.7247596153846154 0.36177884615384615 0.038461538461538464 0.056490384615384616
0 0.7355769230769231 0.32211538461538464 0.04447115384615385 0.06610576923076923
0 0.6069711538461539 0.08774038461538461 0.030048076923076924 0.07211538461538461
0 0.5012019230769231 0.09014423076923077 0.04567307692307692 0.07211538461538461
0 0.4362980769230769 0.07211538461538461 0.04447115384615385 0.07451923076923077
0 0.265625 0.040865384615384616 0.046875 0.07211538461538461
0 0.38100961538461536 0.33653846153846156 0.055288461538461536 0.09134615384615384
0 0.8401442307692307 0.9471153846153846 0.1141826923076923 0.10096153846153846
0 0.6213942307692307 0.7560096153846154 0.051682692307692304 0.0985576923076923
0 0.5228365384615384 0.7211538461538461 0.06850961538461539 0.11298076923076923
0 0.2403846153846154 0.9567307692307693 0.08774038461538461 0.08173076923076923
0 0.27524038461538464 0.671875 0.06850961538461539 0.0985576923076923
0 0.17067307692307693 0.6814903846153846 0.10336538461538461 0.13341346153846154
3 0.16346153846153846 0.1502403846153846 0.06850961538461539 0.09375