0 0.5661057692307693 0.2848557692307692 0.046875 0.06490384615384616
0 0.6983173076923077 0.47716346153846156 0.04326923076923077 0.05889423076923077
3 0.9543269230769231 0.796875 0.03365384615384615 0.08653846153846154
3 0.8100961538461539 0.47836538461538464 0.036057692307692304 0.08052884615384616
3 0.7836538461538461 0.21634615384615385 0.04326923076923077 0.0625
3 0.7764423076923077 0.9110576923076923 0.08173076923076923 0.1045673076923077
3 0.5264423076923077 0.36778846153846156 0.040865384615384616 0.06370192307692307
0 0.8497596153846154 0.3581730769230769 0.05889423076923077 0.12860576923076922
0 0.7560096153846154 0.12139423076923077 0.03485576923076923 0.051682692307692304
0 0.15625 0.17548076923076922 0.036057692307692304 0.055288461538461536
0 0.36658653846153844 0.5865384615384616 0.040865384615384616 0.06971153846153846