3 0.9086538461538461 0.18028846153846154 0.028846153846153848 0.07211538461538461
3 0.8088942307692307 0.4375 0.046875 0.08413461538461539
3 0.7704326923076923 0.35336538461538464 0.056490384615384616 0.12139423076923077
1 0.6658653846153846 0.5829326923076923 0.03365384615384615 0.11778846153846154
1 0.6177884615384616 0.9423076923076923 0.04326923076923077 0.11057692307692307
3 0.3762019230769231 0.8509615384615384 0.028846153846153848 0.030048076923076924
3 0.23918269230769232 0.4567307692307692 0.021634615384615384 0.040865384615384616
3 0.44471153846153844 0.17908653846153846 0.020432692307692308 0.046875
3 0.11778846153846154 0.3016826923076923 0.057692307692307696 0.055288461538461536
0 0.5204326923076923 0.38221153846153844 0.06009615384615385 0.11177884615384616
0 0.4735576923076923 0.8305288461538461 0.0625 0.08653846153846154