2 0.3894230769230769 0.9050480769230769 0.11899038461538461 0.18509615384615385
0 0.7127403846153846 0.054086538461538464 0.08774038461538461 0.10336538461538461
0 0.9146634615384616 0.10576923076923077 0.10096153846153846 0.14302884615384615
0 0.6838942307692307 0.24639423076923078 0.125 0.1971153846153846
0 0.8341346153846154 0.27163461538461536 0.12259615384615384 0.18269230769230768
0 0.9411057692307693 0.49759615384615385 0.11538461538461539 0.18509615384615385
0 0.6237980769230769 0.6225961538461539 0.07211538461538461 0.13822115384615385
0 0.375 0.5540865384615384 0.10817307692307693 0.16105769230769232
0 0.7439903846153846 0.9567307692307693 0.06610576923076923 0.08173076923076923
0 0.24759615384615385 0.6081730769230769 0.08173076923076923 0.11057692307692307
0 0.14543269230769232 0.6310096153846154 0.09014423076923077 0.140625
0 0.8389423076923077 0.6153846153846154 0.07211538461538461 0.11298076923076923
0 0.03245192307692308 0.6153846153846154 0.0625 0.13822115384615385