0 0.47596153846153844 0.6286057692307693 0.08653846153846154 0.14543269230769232
0 0.671875 0.18028846153846154 0.07211538461538461 0.11298076923076923
0 0.7692307692307693 0.13581730769230768 0.08052884615384616 0.14783653846153846
3 0.17908653846153846 0.47836538461538464 0.13942307692307693 0.21995192307692307
3 0.2956730769230769 0.1658653846153846 0.12620192307692307 0.23197115384615385
3 0.6033653846153846 0.2608173076923077 0.10336538461538461 0.17548076923076922
1 0.7175480769230769 0.4098557692307692 0.12259615384615384 0.15745192307692307
1 0.7175480769230769 0.6706730769230769 0.15264423076923078 0.1310096153846154
3 0.8786057692307693 0.1971153846153846 0.09615384615384616 0.12860576923076922
3 0.4266826923076923 0.8810096153846154 0.09134615384615384 0.16346153846153846
3 0.5252403846153846 0.8269230769230769 0.10336538461538461 0.1778846153846154