0 0.39302884615384615 0.5348557692307693 0.036057692307692304 0.06129807692307692
0 0.6418269230769231 0.4723557692307692 0.03365384615384615 0.056490384615384616
0 0.5661057692307693 0.6334134615384616 0.038461538461538464 0.06610576923076923
3 0.7944711538461539 0.8245192307692307 0.07451923076923077 0.0889423076923077
3 0.42788461538461536 0.9699519230769231 0.0625 0.054086538461538464
3 0.4831730769230769 0.9134615384615384 0.06370192307692307 0.08413461538461539
1 0.43028846153846156 0.8798076923076923 0.0625 0.08173076923076923
1 0.6045673076923077 0.9555288461538461 0.07211538461538461 0.08413461538461539
0 0.7223557692307693 0.44711538461538464 0.036057692307692304 0.054086538461538464
0 0.6862980769230769 0.5144230769230769 0.037259615384615384 0.06129807692307692
0 0.8197115384615384 0.6754807692307693 0.056490384615384616 0.09615384615384616
0 0.4338942307692308 0.7632211538461539 0.042067307692307696 0.08413461538461539
0 0.5336538461538461 0.8004807692307693 0.052884615384615384 0.0985576923076923