0 0.828125 0.9326923076923077 0.051682692307692304 0.07091346153846154
0 0.7283653846153846 0.96875 0.04326923076923077 0.06009615384615385
0 0.9759615384615384 0.7872596153846154 0.04326923076923077 0.057692307692307696
0 0.9350961538461539 0.6959134615384616 0.039663461538461536 0.054086538461538464
0 0.9302884615384616 0.6550480769230769 0.04567307692307692 0.055288461538461536
0 0.8713942307692307 0.7055288461538461 0.04927884615384615 0.04567307692307692
0 0.5588942307692307 0.8040865384615384 0.038461538461538464 0.057692307692307696
0 0.4807692307692308 0.8870192307692307 0.030048076923076924 0.056490384615384616
0 0.32572115384615385 0.8725961538461539 0.0673076923076923 0.09375
0 0.4675480769230769 0.7644230769230769 0.04567307692307692 0.06490384615384616
0 0.13581730769230768 0.7451923076923077 0.042067307692307696 0.04326923076923077
0 0.40024038461538464 0.6346153846153846 0.02403846153846154 0.046875
0 0.4807692307692308 0.6129807692307693 0.037259615384615384 0.03485576923076923
0 0.53125 0.5600961538461539 0.03365384615384615 0.039663461538461536
0 0.6165865384615384 0.5288461538461539 0.02403846153846154 0.038461538461538464
0 0.6310096153846154 0.5528846153846154 0.025240384615384616 0.03245192307692308
0 0.6814903846153846 0.6225961538461539 0.02403846153846154 0.040865384615384616
0 0.6682692307692307 0.5132211538461539 0.037259615384615384 0.05048076923076923
0 0.4387019230769231 0.5024038461538461 0.02283653846153846 0.03485576923076923
0 0.4026442307692308 0.44711538461538464 0.038461538461538464 0.05048076923076923
0 0.34615384615384615 0.42788461538461536 0.028846153846153848 0.038461538461538464
0 0.30649038461538464 0.43149038461538464 0.026442307692307692 0.028846153846153848
0 0.2668269230769231 0.515625 0.02283653846153846 0.03245192307692308
0 0.23798076923076922 0.4230769230769231 0.030048076923076924 0.03485576923076923
0 0.2620192307692308 0.3942307692307692 0.02283653846153846 0.03485576923076923
0 0.19471153846153846 0.4963942307692308 0.027644230769230768 0.040865384615384616
0 0.1141826923076923 0.5084134615384616 0.03365384615384615 0.037259615384615384
0 0.11778846153846154 0.47475961538461536 0.027644230769230768 0.037259615384615384
1 0.5637019230769231 0.5877403846153846 0.07091346153846154 0.04326923076923077
1 0.5853365384615384 0.921875 0.11899038461538461 0.10817307692307693
3 0.23798076923076922 0.640625 0.06009615384615385 0.078125
3 0.6514423076923077 0.6814903846153846 0.0625 0.06610576923076923
3 0.7632211538461539 0.6526442307692307 0.046875 0.056490384615384616
3 0.3329326923076923 0.36899038461538464 0.040865384615384616 0.046875
3 0.06370192307692307 0.8100961538461539 0.04927884615384615 0.06850961538461539