0 0.3786057692307692 0.40384615384615385 0.038461538461538464 0.052884615384615384
0 0.671875 0.5336538461538461 0.037259615384615384 0.05048076923076923
0 0.9459134615384616 0.47836538461538464 0.03485576923076923 0.04567307692307692
0 0.8930288461538461 0.4951923076923077 0.04807692307692308 0.057692307692307696
0 0.29086538461538464 0.9495192307692307 0.06370192307692307 0.0985576923076923
0 0.7932692307692307 0.8617788461538461 0.06490384615384616 0.09975961538461539
0 0.41225961538461536 0.7860576923076923 0.042067307692307696 0.05048076923076923
0 0.359375 0.5276442307692307 0.04447115384615385 0.06971153846153846
1 0.6033653846153846 0.5600961538461539 0.10336538461538461 0.1310096153846154
1 0.7872596153846154 0.7055288461538461 0.09375 0.16466346153846154
0 0.5084134615384616 0.24759615384615385 0.036057692307692304 0.057692307692307696
0 0.4951923076923077 0.20192307692307693 0.030048076923076924 0.05048076923076923
0 0.4579326923076923 0.23798076923076922 0.028846153846153848 0.042067307692307696
0 0.4411057692307692 0.1875 0.03365384615384615 0.055288461538461536
0 0.4014423076923077 0.20793269230769232 0.028846153846153848 0.038461538461538464