3 0.8209134615384616 0.23197115384615385 0.05889423076923077 0.07451923076923077
3 0.07572115384615384 0.7235576923076923 0.13701923076923078 0.11298076923076923
3 0.3269230769230769 0.14543269230769232 0.040865384615384616 0.05889423076923077
3 0.4483173076923077 0.23197115384615385 0.038461538461538464 0.07451923076923077
0 0.203125 0.5552884615384616 0.046875 0.07451923076923077
0 0.11538461538461539 0.16346153846153846 0.04326923076923077 0.07932692307692307
0 0.20673076923076922 0.0985576923076923 0.036057692307692304 0.054086538461538464
0 0.9447115384615384 0.07692307692307693 0.05048076923076923 0.07932692307692307
0 0.8653846153846154 0.14783653846153846 0.054086538461538464 0.10817307692307693
0 0.5528846153846154 0.25240384615384615 0.0625 0.0985576923076923
0 0.5096153846153846 0.4206730769230769 0.06850961538461539 0.10576923076923077
0 0.3004807692307692 0.8737980769230769 0.11778846153846154 0.16826923076923078
0 0.296875 0.39663461538461536 0.052884615384615384 0.09134615384615384