0 0.037259615384615384 0.36899038461538464 0.054086538461538464 0.08173076923076923
0 0.22716346153846154 0.3137019230769231 0.040865384615384616 0.08413461538461539
0 0.38100961538461536 0.5012019230769231 0.0625 0.10817307692307693
0 0.5516826923076923 0.5540865384615384 0.06490384615384616 0.10096153846153846
0 0.15144230769230768 0.2620192307692308 0.04447115384615385 0.054086538461538464
0 0.47716346153846156 0.1935096153846154 0.06009615384615385 0.09615384615384616
0 0.5649038461538461 0.2764423076923077 0.051682692307692304 0.12379807692307693
0 0.5913461538461539 0.17548076923076922 0.04567307692307692 0.07932692307692307
0 0.6310096153846154 0.1466346153846154 0.04326923076923077 0.08653846153846154
0 0.6105769230769231 0.35216346153846156 0.05048076923076923 0.08173076923076923
0 0.6730769230769231 0.3473557692307692 0.051682692307692304 0.07211538461538461
0 0.29086538461538464 0.36778846153846156 0.04567307692307692 0.05889423076923077
0 0.2920673076923077 0.9242788461538461 0.08413461538461539 0.14543269230769232
0 0.21754807692307693 0.8353365384615384 0.06971153846153846 0.13581730769230768
0 0.3137019230769231 0.7127403846153846 0.06850961538461539 0.13581730769230768
3 0.5685096153846154 0.671875 0.06009615384615385 0.09375
3 0.5480769230769231 0.8617788461538461 0.06850961538461539 0.11298076923076923
3 0.3918269230769231 0.9158653846153846 0.07932692307692307 0.15745192307692307