0 0.4014423076923077 0.08173076923076923 0.025240384615384616 0.06370192307692307
0 0.921875 0.43028846153846156 0.07932692307692307 0.1310096153846154
3 0.7788461538461539 0.3329326923076923 0.07451923076923077 0.11899038461538461
3 0.056490384615384616 0.46153846153846156 0.05048076923076923 0.06971153846153846
0 0.12620192307692307 0.33052884615384615 0.046875 0.054086538461538464
0 0.3245192307692308 0.38822115384615385 0.04567307692307692 0.06971153846153846
0 0.3269230769230769 0.5721153846153846 0.055288461538461536 0.08653846153846154
0 0.4891826923076923 0.6923076923076923 0.05048076923076923 0.10576923076923077
0 0.5504807692307693 0.7944711538461539 0.042067307692307696 0.08413461538461539
0 0.765625 0.3954326923076923 0.036057692307692304 0.07451923076923077
0 0.7572115384615384 0.8509615384615384 0.0625 0.11658653846153846
0 0.7043269230769231 0.8401442307692307 0.042067307692307696 0.06129807692307692