0 0.5336538461538461 0.21754807692307693 0.0625 0.0985576923076923
0 0.4411057692307692 0.7259615384615384 0.07692307692307693 0.12860576923076922
0 0.2548076923076923 0.8161057692307693 0.08774038461538461 0.1502403846153846
0 0.3293269230769231 0.359375 0.05889423076923077 0.09615384615384616
0 0.1935096153846154 0.31009615384615385 0.07451923076923077 0.11057692307692307
3 0.6225961538461539 0.3894230769230769 0.046875 0.07211538461538461
1 0.5745192307692307 0.3473557692307692 0.06610576923076923 0.14543269230769232
1 0.14182692307692307 0.8786057692307693 0.078125 0.23677884615384615
3 0.3125 0.48677884615384615 0.05889423076923077 0.09375
3 0.27283653846153844 0.6189903846153846 0.0625 0.11658653846153846
3 0.34615384615384615 0.8173076923076923 0.06850961538461539 0.11298076923076923
3 0.6875 0.22716346153846154 0.06129807692307692 0.08413461538461539
3 0.5961538461538461 0.7680288461538461 0.0625 0.07451923076923077
3 0.5012019230769231 0.9495192307692307 0.08413461538461539 0.09615384615384616