1 0.7487980769230769 0.7548076923076923 0.10576923076923077 0.1310096153846154
3 0.30649038461538464 0.30649038461538464 0.0889423076923077 0.10817307692307693
3 0.6586538461538461 0.2608173076923077 0.056490384615384616 0.07211538461538461
3 0.7512019230769231 0.27524038461538464 0.07451923076923077 0.11057692307692307
3 0.6586538461538461 0.7692307692307693 0.07932692307692307 0.14543269230769232
3 0.7247596153846154 0.5913461538461539 0.07932692307692307 0.13581730769230768
0 0.6021634615384616 0.5985576923076923 0.056490384615384616 0.11057692307692307
0 0.6802884615384616 0.1622596153846154 0.04807692307692308 0.07211538461538461
0 0.6382211538461539 0.16346153846153846 0.04807692307692308 0.08413461538461539
0 0.43509615384615385 0.039663461538461536 0.042067307692307696 0.06971153846153846
0 0.4338942307692308 0.296875 0.05889423076923077 0.09375
0 0.20552884615384615 0.3173076923076923 0.07211538461538461 0.09615384615384616