0 0.10576923076923077 0.27403846153846156 0.05889423076923077 0.0985576923076923
0 0.1778846153846154 0.3233173076923077 0.06009615384615385 0.11298076923076923
0 0.21754807692307693 0.3449519230769231 0.055288461538461536 0.08653846153846154
2 0.15144230769230768 0.27524038461538464 0.038461538461538464 0.06129807692307692
2 0.19591346153846154 0.24759615384615385 0.052884615384615384 0.056490384615384616
2 0.2403846153846154 0.203125 0.06370192307692307 0.09615384615384616
2 0.265625 0.2512019230769231 0.054086538461538464 0.07692307692307693
0 0.0829326923076923 0.5733173076923077 0.052884615384615384 0.0985576923076923
2 0.13341346153846154 0.5612980769230769 0.05889423076923077 0.10576923076923077
1 0.17668269230769232 0.6418269230769231 0.1045673076923077 0.12379807692307693
1 0.19591346153846154 0.7115384615384616 0.09735576923076923 0.12860576923076922
0 0.3713942307692308 0.3894230769230769 0.042067307692307696 0.06610576923076923
0 0.3425480769230769 0.6490384615384616 0.078125 0.13822115384615385
1 0.3557692307692308 0.35336538461538464 0.078125 0.04927884615384615
0 0.36177884615384615 0.23557692307692307 0.04807692307692308 0.051682692307692304
2 0.3557692307692308 0.2848557692307692 0.06490384615384616 0.06610576923076923
2 0.3557692307692308 0.5096153846153846 0.04447115384615385 0.11658653846153846
2 0.3798076923076923 0.5733173076923077 0.03485576923076923 0.09375
1 0.40865384615384615 0.6514423076923077 0.046875 0.32091346153846156
2 0.5012019230769231 0.7211538461538461 0.10697115384615384 0.16346153846153846
2 0.4723557692307692 0.5901442307692307 0.07932692307692307 0.09375
2 0.49399038461538464 0.5108173076923077 0.07091346153846154 0.0889423076923077
0 0.5649038461538461 0.5625 0.078125 0.13822115384615385
0 0.5216346153846154 0.4495192307692308 0.06009615384615385 0.0985576923076923
2 0.49399038461538464 0.39663461538461536 0.06009615384615385 0.056490384615384616
0 0.4951923076923077 0.3425480769230769 0.054086538461538464 0.07211538461538461
3 0.4375 0.22716346153846154 0.06971153846153846 0.07932692307692307
3 0.5276442307692307 0.14302884615384615 0.06129807692307692 0.08413461538461539
0 0.4639423076923077 0.2668269230769231 0.052884615384615384 0.06971153846153846
0 0.5348557692307693 0.29086538461538464 0.05889423076923077 0.10817307692307693
0 0.5444711538461539 0.3786057692307692 0.052884615384615384 0.08653846153846154
0 0.5889423076923077 0.3485576923076923 0.06370192307692307 0.09375
0 0.5817307692307693 0.4362980769230769 0.046875 0.08173076923076923
0 0.6237980769230769 0.44350961538461536 0.06490384615384616 0.08653846153846154
1 0.640625 0.49278846153846156 0.06850961538461539 0.09134615384615384
2 0.3701923076923077 0.051682692307692304 0.06009615384615385 0.05889423076923077
1 0.6442307692307693 0.6358173076923077 0.07692307692307693 0.17548076923076922
1 0.6706730769230769 0.6754807692307693 0.09495192307692307 0.140625
1 0.6706730769230769 0.7584134615384616 0.06971153846153846 0.07451923076923077
1 0.7271634615384616 0.45552884615384615 0.11538461538461539 0.17067307692307693
2 0.7463942307692307 0.7067307692307693 0.1045673076923077 0.16826923076923078
2 0.7620192307692307 0.8329326923076923 0.1141826923076923 0.1658653846153846
2 0.8209134615384616 0.7007211538461539 0.08653846153846154 0.13822115384615385
2 0.8966346153846154 0.6947115384615384 0.10336538461538461 0.17548076923076922
0 0.7463942307692307 0.9290865384615384 0.0985576923076923 0.13581730769230768
0 0.8377403846153846 0.8834134615384616 0.10336538461538461 0.1971153846153846
0 0.9411057692307693 0.9146634615384616 0.11538461538461539 0.1658653846153846
2 0.9723557692307693 0.8533653846153846 0.051682692307692304 0.1658653846153846
2 0.8846153846153846 0.33413461538461536 0.0829326923076923 0.1310096153846154