3 0.30288461538461536 0.6298076923076923 0.0625 0.08413461538461539
3 0.5120192307692307 0.5649038461538461 0.10096153846153846 0.14302884615384615
3 0.19471153846153846 0.8137019230769231 0.14302884615384615 0.2439903846153846
3 0.0889423076923077 0.4639423076923077 0.10336538461538461 0.12860576923076922
3 0.14903846153846154 0.328125 0.09495192307692307 0.09375
0 0.7283653846153846 0.8689903846153846 0.09735576923076923 0.15745192307692307
0 0.24759615384615385 0.5336538461538461 0.10096153846153846 0.14783653846153846
0 0.7872596153846154 0.41225961538461536 0.06370192307692307 0.10817307692307693
0 0.5973557692307693 0.47596153846153844 0.06610576923076923 0.12379807692307693
0 0.5372596153846154 0.328125 0.0625 0.12379807692307693
0 0.3870192307692308 0.1346153846153846 0.06370192307692307 0.11658653846153846
0 0.20552884615384615 0.1466346153846154 0.07211538461538461 0.09615384615384616