1 0.4891826923076923 0.7620192307692307 0.05889423076923077 0.13581730769230768
1 0.5588942307692307 0.4723557692307692 0.04567307692307692 0.1502403846153846
1 0.5084134615384616 0.5949519230769231 0.06370192307692307 0.13341346153846154
0 0.40865384615384615 0.6442307692307693 0.042067307692307696 0.07451923076923077
0 0.34615384615384615 0.09495192307692307 0.037259615384615384 0.051682692307692304
0 0.3137019230769231 0.08653846153846154 0.03365384615384615 0.054086538461538464
0 0.27884615384615385 0.09134615384615384 0.036057692307692304 0.05889423076923077
0 0.31009615384615385 0.3004807692307692 0.03365384615384615 0.06610576923076923
1 0.8293269230769231 0.4266826923076923 0.06490384615384616 0.14783653846153846
0 0.4014423076923077 0.9411057692307693 0.07451923076923077 0.11298076923076923
0 0.36778846153846156 0.41466346153846156 0.040865384615384616 0.07932692307692307
0 0.5096153846153846 0.2127403846153846 0.04447115384615385 0.06971153846153846