0 0.17908653846153846 0.5 0.09975961538461539 0.140625
0 0.5853365384615384 0.39663461538461536 0.11778846153846154 0.23918269230769232
0 0.6646634615384616 0.5360576923076923 0.12139423076923077 0.22716346153846154
0 0.7668269230769231 0.4182692307692308 0.125 0.2247596153846154
0 0.9423076923076923 0.3269230769230769 0.11298076923076923 0.27884615384615385
0 0.5600961538461539 0.7560096153846154 0.15985576923076922 0.28125
0 0.7379807692307693 0.8245192307692307 0.13701923076923078 0.2860576923076923
0 0.609375 0.9507211538461539 0.12379807692307693 0.09375
3 0.3112980769230769 0.8076923076923077 0.08774038461538461 0.16346153846153846
3 0.47716346153846156 0.21875 0.08173076923076923 0.1658653846153846
3 0.49759615384615385 0.054086538461538464 0.06009615384615385 0.10336538461538461
3 0.5877403846153846 0.1310096153846154 0.109375 0.24158653846153846
3 0.8100961538461539 0.18870192307692307 0.1658653846153846 0.2692307692307692