0 0.40384615384615385 0.5432692307692307 0.07932692307692307 0.13822115384615385
0 0.35216346153846156 0.6189903846153846 0.0625 0.140625
0 0.29927884615384615 0.5552884615384616 0.07692307692307693 0.14302884615384615
0 0.25600961538461536 0.45072115384615385 0.06610576923076923 0.12620192307692307
0 0.38221153846153844 0.44471153846153844 0.06370192307692307 0.11899038461538461
0 0.3401442307692308 0.24158653846153846 0.06129807692307692 0.0985576923076923
0 0.23677884615384615 0.33052884615384615 0.054086538461538464 0.11899038461538461
0 0.3581730769230769 0.3076923076923077 0.052884615384615384 0.07211538461538461
0 0.3016826923076923 0.2644230769230769 0.05048076923076923 0.11899038461538461
0 0.23557692307692307 0.22235576923076922 0.05048076923076923 0.11899038461538461
0 0.28125 0.20072115384615385 0.04567307692307692 0.07692307692307693
0 0.49038461538461536 0.6346153846153846 0.06850961538461539 0.13822115384615385
0 0.5961538461538461 0.5168269230769231 0.0625 0.12139423076923077
0 0.6598557692307693 0.47596153846153844 0.06129807692307692 0.11899038461538461
0 0.6141826923076923 0.18990384615384615 0.06009615384615385 0.0985576923076923
0 0.16947115384615385 0.8557692307692307 0.11658653846153846 0.17548076923076922
0 0.8173076923076923 0.9471153846153846 0.0985576923076923 0.10096153846153846
3 0.4074519230769231 0.8545673076923077 0.10576923076923077 0.1778846153846154