0 0.17668269230769232 0.20192307692307693 0.06610576923076923 0.07451923076923077
0 0.13221153846153846 0.24278846153846154 0.078125 0.07692307692307693
0 0.3088942307692308 0.06610576923076923 0.046875 0.0985576923076923
0 0.7439903846153846 0.5084134615384616 0.07932692307692307 0.12379807692307693
0 0.7019230769230769 0.5865384615384616 0.09014423076923077 0.1502403846153846
0 0.8064903846153846 0.6021634615384616 0.10697115384615384 0.14302884615384615
0 0.7728365384615384 0.7307692307692307 0.11538461538461539 0.20793269230769232
0 0.8173076923076923 0.49759615384615385 0.09014423076923077 0.17548076923076922
0 0.7331730769230769 0.41225961538461536 0.08052884615384616 0.11899038461538461
0 0.6802884615384616 0.4639423076923077 0.07451923076923077 0.14302884615384615
0 0.6141826923076923 0.5048076923076923 0.08052884615384616 0.14543269230769232
0 0.5841346153846154 0.28966346153846156 0.05889423076923077 0.11057692307692307
0 0.59375 0.1971153846153846 0.06850961538461539 0.11899038461538461
0 0.5528846153846154 0.171875 0.05889423076923077 0.13581730769230768
0 0.27524038461538464 0.38461538461538464 0.13701923076923078 0.15745192307692307
0 0.1935096153846154 0.28725961538461536 0.0889423076923077 0.13581730769230768
0 0.09134615384615384 0.4170673076923077 0.14302884615384615 0.1778846153846154
0 0.7223557692307693 0.29927884615384615 0.07451923076923077 0.0985576923076923
0 0.5300480769230769 0.41225961538461536 0.08173076923076923 0.11899038461538461
0 0.40024038461538464 0.32091346153846156 0.07692307692307693 0.15264423076923078
0 0.46634615384615385 0.5348557692307693 0.078125 0.17548076923076922
0 0.4074519230769231 0.5096153846153846 0.07692307692307693 0.15504807692307693
0 0.25721153846153844 0.5637019230769231 0.12620192307692307 0.19951923076923078
0 0.09254807692307693 0.5516826923076923 0.16947115384615385 0.17548076923076922
0 0.9074519230769231 0.9435096153846154 0.11899038461538461 0.10817307692307693
0 0.41466346153846156 0.9182692307692307 0.17668269230769232 0.15745192307692307
0 0.3545673076923077 0.8209134615384616 0.203125 0.28846153846153844
0 0.22716346153846154 0.9122596153846154 0.2091346153846154 0.17067307692307693
3 0.07692307692307693 0.31490384615384615 0.0889423076923077 0.10096153846153846
3 0.2692307692307692 0.7632211538461539 0.125 0.20793269230769232
3 0.8617788461538461 0.6598557692307693 0.10697115384615384 0.21754807692307693
1 0.6610576923076923 0.6598557692307693 0.078125 0.20793269230769232
1 0.6129807692307693 0.6574519230769231 0.12139423076923077 0.27884615384615385