1 0.20192307692307693 0.40625 0.11778846153846154 0.12139423076923077
3 0.22235576923076922 0.8798076923076923 0.0985576923076923 0.1658653846153846
3 0.5072115384615384 0.8569711538461539 0.08653846153846154 0.14783653846153846
3 0.3425480769230769 0.8028846153846154 0.07932692307692307 0.0889423076923077
0 0.3425480769230769 0.9134615384615384 0.11538461538461539 0.16826923076923078
0 0.6622596153846154 0.9591346153846154 0.11538461538461539 0.07692307692307693
0 0.9362980769230769 0.5324519230769231 0.09134615384615384 0.13581730769230768
0 0.9591346153846154 0.3004807692307692 0.078125 0.10096153846153846
0 0.5240384615384616 0.21514423076923078 0.0625 0.0985576923076923
0 0.5036057692307693 0.6490384615384616 0.06610576923076923 0.15264423076923078
0 0.4567307692307692 0.5 0.07932692307692307 0.140625