2 0.6081730769230769 0.578125 0.08052884615384616 0.13822115384615385
0 0.8557692307692307 0.8233173076923077 0.09495192307692307 0.13581730769230768
0 0.7860576923076923 0.5060096153846154 0.07451923076923077 0.0985576923076923
0 0.9122596153846154 0.06490384615384616 0.08653846153846154 0.10576923076923077
0 0.8858173076923077 0.14543269230769232 0.1141826923076923 0.15745192307692307
0 0.9627403846153846 0.21033653846153846 0.07091346153846154 0.13341346153846154
0 0.1778846153846154 0.1658653846153846 0.1045673076923077 0.15264423076923078
0 0.38100961538461536 0.17067307692307693 0.09495192307692307 0.13822115384615385
0 0.46274038461538464 0.22235576923076922 0.0985576923076923 0.12860576923076922
0 0.5637019230769231 0.30528846153846156 0.109375 0.16105769230769232
0 0.6574519230769231 0.2932692307692308 0.11057692307692307 0.16826923076923078