3 0.96875 0.734375 0.03365384615384615 0.06850961538461539
3 0.9447115384615384 0.38822115384615385 0.06009615384615385 0.06610576923076923
3 0.8088942307692307 0.8040865384615384 0.042067307692307696 0.07692307692307693
3 0.07572115384615384 0.8641826923076923 0.03365384615384615 0.06009615384615385
0 0.5829326923076923 0.7271634615384616 0.038461538461538464 0.052884615384615384
3 0.6274038461538461 0.8088942307692307 0.02403846153846154 0.042067307692307696
3 0.59375 0.859375 0.03245192307692308 0.05889423076923077
3 0.5552884615384616 0.6310096153846154 0.04927884615384615 0.10216346153846154
3 0.4795673076923077 0.35216346153846156 0.027644230769230768 0.06129807692307692
3 0.3389423076923077 0.49158653846153844 0.046875 0.056490384615384616
3 0.4326923076923077 0.2439903846153846 0.03365384615384615 0.06370192307692307