3 0.21514423076923078 0.35697115384615385 0.05048076923076923 0.05889423076923077
3 0.42908653846153844 0.15504807692307693 0.042067307692307696 0.04807692307692308
3 0.27524038461538464 0.2283653846153846 0.056490384615384616 0.08052884615384616
3 0.2932692307692308 0.1466346153846154 0.055288461538461536 0.08173076923076923
3 0.4495192307692308 0.5360576923076923 0.0625 0.11298076923076923
3 0.37740384615384615 0.39783653846153844 0.10697115384615384 0.12740384615384615
3 0.47596153846153844 0.41225961538461536 0.07572115384615384 0.09735576923076923
3 0.375 0.30408653846153844 0.06850961538461539 0.05048076923076923
3 0.4230769230769231 0.25 0.055288461538461536 0.06370192307692307
3 0.4831730769230769 0.24759615384615385 0.06009615384615385 0.078125
3 0.5360576923076923 0.21754807692307693 0.051682692307692304 0.06370192307692307
3 0.6730769230769231 0.1971153846153846 0.06490384615384616 0.0985576923076923
3 0.6490384615384616 0.12259615384615384 0.06129807692307692 0.08052884615384616
3 0.921875 0.7932692307692307 0.09495192307692307 0.13822115384615385
3 0.7151442307692307 0.9375 0.10697115384615384 0.12379807692307693
3 0.15625 0.6021634615384616 0.07572115384615384 0.12379807692307693
3 0.13341346153846154 0.859375 0.08052884615384616 0.18028846153846154
1 0.8677884615384616 0.6189903846153846 0.07451923076923077 0.16466346153846154
1 0.5384615384615384 0.609375 0.10697115384615384 0.11538461538461539