3 0.5817307692307693 0.3269230769230769 0.040865384615384616 0.052884615384615384
3 0.53125 0.234375 0.039663461538461536 0.05889423076923077
3 0.7283653846153846 0.037259615384615384 0.039663461538461536 0.03365384615384615
3 0.9074519230769231 0.5649038461538461 0.028846153846153848 0.04927884615384615
3 0.8197115384615384 0.5492788461538461 0.038461538461538464 0.07572115384615384
3 0.7860576923076923 0.5973557692307693 0.02403846153846154 0.042067307692307696
3 0.7139423076923077 0.7355769230769231 0.03245192307692308 0.04326923076923077
3 0.6237980769230769 0.5480769230769231 0.028846153846153848 0.046875
3 0.3485576923076923 0.6814903846153846 0.04567307692307692 0.08774038461538461
3 0.14423076923076922 0.2608173076923077 0.039663461538461536 0.046875
3 0.14543269230769232 0.14903846153846154 0.03365384615384615 0.021634615384615384
3 0.1622596153846154 0.19831730769230768 0.042067307692307696 0.020432692307692308