2 0.9170673076923077 0.8737980769230769 0.05048076923076923 0.06009615384615385
2 0.6009615384615384 0.5072115384615384 0.055288461538461536 0.0985576923076923
2 0.25721153846153844 0.21514423076923078 0.036057692307692304 0.04807692307692308
2 0.33052884615384615 0.06009615384615385 0.04326923076923077 0.046875
2 0.2692307692307692 0.5733173076923077 0.054086538461538464 0.078125
2 0.34134615384615385 0.46875 0.051682692307692304 0.08173076923076923
2 0.11177884615384616 0.5997596153846154 0.039663461538461536 0.042067307692307696
2 0.7956730769230769 0.9266826923076923 0.11899038461538461 0.14543269230769232
2 0.5769230769230769 0.8305288461538461 0.07572115384615384 0.13942307692307693
2 0.5204326923076923 0.5180288461538461 0.05889423076923077 0.08533653846153846
2 0.5661057692307693 0.2932692307692308 0.05048076923076923 0.0829326923076923
2 0.7115384615384616 0.38461538461538464 0.0625 0.08413461538461539
2 0.46153846153846156 0.1622596153846154 0.039663461538461536 0.06009615384615385
2 0.9507211538461539 0.17548076923076922 0.08774038461538461 0.1141826923076923
2 0.6887019230769231 0.46274038461538464 0.06490384615384616 0.09975961538461539