2 0.6045673076923077 0.8377403846153846 0.052884615384615384 0.08653846153846154
2 0.8822115384615384 0.6334134615384616 0.1466346153846154 0.21514423076923078
2 0.7788461538461539 0.5576923076923077 0.12740384615384615 0.12620192307692307
2 0.5889423076923077 0.9362980769230769 0.12980769230769232 0.12259615384615384
3 0.42427884615384615 0.20432692307692307 0.04807692307692308 0.06610576923076923
3 0.5336538461538461 0.06370192307692307 0.04567307692307692 0.054086538461538464
2 0.028846153846153848 0.6646634615384616 0.04567307692307692 0.0889423076923077
2 0.30649038461538464 0.6117788461538461 0.046875 0.0985576923076923
2 0.34615384615384615 0.7391826923076923 0.057692307692307696 0.11658653846153846
2 0.5673076923076923 0.7980769230769231 0.055288461538461536 0.10216346153846154
2 0.6526442307692307 0.35216346153846156 0.040865384615384616 0.08653846153846154
2 0.3581730769230769 0.3605769230769231 0.037259615384615384 0.06850961538461539
2 0.8509615384615384 0.9507211538461539 0.0889423076923077 0.09735576923076923
2 0.6742788461538461 0.22235576923076922 0.06370192307692307 0.06850961538461539
2 0.6754807692307693 0.38461538461538464 0.04326923076923077 0.0829326923076923