2 0.019230769230769232 0.4879807692307692 0.037259615384615384 0.038461538461538464
2 0.028846153846153848 0.5084134615384616 0.04447115384615385 0.042067307692307696
2 0.5492788461538461 0.59375 0.054086538461538464 0.0829326923076923
2 0.5168269230769231 0.6550480769230769 0.06971153846153846 0.0829326923076923
2 0.9170673076923077 0.453125 0.052884615384615384 0.09014423076923077
2 0.5384615384615384 0.8245192307692307 0.07572115384615384 0.1201923076923077
2 0.484375 0.8533653846153846 0.07932692307692307 0.11778846153846154
2 0.484375 0.5060096153846154 0.11298076923076923 0.15865384615384615
2 0.19591346153846154 0.42788461538461536 0.04447115384615385 0.078125
2 0.12980769230769232 0.4579326923076923 0.056490384615384616 0.07451923076923077
2 0.057692307692307696 0.36899038461538464 0.05048076923076923 0.06850961538461539
2 0.8076923076923077 0.3389423076923077 0.06129807692307692 0.06971153846153846
2 0.734375 0.3389423076923077 0.05048076923076923 0.0673076923076923
2 0.7367788461538461 0.27283653846153844 0.057692307692307696 0.06370192307692307
2 0.7067307692307693 0.44591346153846156 0.06129807692307692 0.07451923076923077
2 0.6117788461538461 0.7716346153846154 0.10336538461538461 0.14302884615384615
2 0.46033653846153844 0.9459134615384616 0.11538461538461539 0.10697115384615384
2 0.9627403846153846 0.8677884615384616 0.0733173076923077 0.1502403846153846
1 0.6370192307692307 0.4098557692307692 0.08052884615384616 0.06490384615384616
2 0.6370192307692307 0.22355769230769232 0.038461538461538464 0.05889423076923077
2 0.6334134615384616 0.17548076923076922 0.03365384615384615 0.046875
2 0.040865384615384616 0.5396634615384616 0.052884615384615384 0.07451923076923077
2 0.1622596153846154 0.390625 0.039663461538461536 0.07091346153846154
2 0.5336538461538461 0.515625 0.055288461538461536 0.10817307692307693