2 0.47475961538461536 0.23317307692307693 0.030048076923076924 0.04807692307692308
2 0.4026442307692308 0.140625 0.037259615384615384 0.051682692307692304
2 0.9110576923076923 0.18990384615384615 0.040865384615384616 0.057692307692307696
1 0.9435096153846154 0.3401442307692308 0.11177884615384616 0.11538461538461539
3 0.8545673076923077 0.3245192307692308 0.11057692307692307 0.16826923076923078
2 0.7007211538461539 0.22716346153846154 0.052884615384615384 0.04807692307692308
2 0.4639423076923077 0.6057692307692307 0.056490384615384616 0.07692307692307693
2 0.5528846153846154 0.3942307692307692 0.04807692307692308 0.0625
2 0.6177884615384616 0.38822115384615385 0.046875 0.078125
2 0.5216346153846154 0.9519230769230769 0.0673076923076923 0.09134615384615384
2 0.5901442307692307 0.953125 0.06370192307692307 0.09134615384615384
2 0.75 0.8725961538461539 0.08774038461538461 0.140625
2 0.7836538461538461 0.765625 0.08173076923076923 0.11899038461538461
2 0.6105769230769231 0.6971153846153846 0.07692307692307693 0.12259615384615384
2 0.6670673076923077 0.671875 0.06971153846153846 0.11658653846153846
2 0.7331730769230769 0.4639423076923077 0.054086538461538464 0.08533653846153846
2 0.8473557692307693 0.109375 0.04927884615384615 0.06490384615384616
2 0.5600961538461539 0.1466346153846154 0.040865384615384616 0.04927884615384615
2 0.6117788461538461 0.14543269230769232 0.052884615384615384 0.0733173076923077
2 0.515625 0.2980769230769231 0.04807692307692308 0.06490384615384616
2 0.2692307692307692 0.4951923076923077 0.05048076923076923 0.06850961538461539
2 0.31971153846153844 0.5024038461538461 0.04807692307692308 0.08173076923076923
2 0.27524038461538464 0.3473557692307692 0.05048076923076923 0.07211538461538461
2 0.3329326923076923 0.1346153846153846 0.04326923076923077 0.040865384615384616