2 0.7908653846153846 0.2776442307692308 0.04326923076923077 0.06009615384615385
2 0.6899038461538461 0.2920673076923077 0.055288461538461536 0.0889423076923077
2 0.7728365384615384 0.10697115384615384 0.07572115384615384 0.07451923076923077
2 0.7427884615384616 0.18028846153846154 0.08653846153846154 0.11057692307692307
2 0.6334134615384616 0.24278846153846154 0.055288461538461536 0.08653846153846154
2 0.203125 0.359375 0.07211538461538461 0.09254807692307693
2 0.3004807692307692 0.25961538461538464 0.05889423076923077 0.0673076923076923
2 0.25 0.28725961538461536 0.03125 0.037259615384615384
2 0.028846153846153848 0.40024038461538464 0.051682692307692304 0.05889423076923077
2 0.3161057692307692 0.11298076923076923 0.05889423076923077 0.05889423076923077
2 0.23798076923076922 0.057692307692307696 0.03485576923076923 0.04447115384615385
2 0.5180288461538461 0.27884615384615385 0.078125 0.11658653846153846
2 0.5805288461538461 0.6141826923076923 0.109375 0.1778846153846154