2 0.5108173076923077 0.2848557692307692 0.05048076923076923 0.07091346153846154
2 0.21754807692307693 0.4098557692307692 0.042067307692307696 0.036057692307692304
2 0.2283653846153846 0.43028846153846156 0.056490384615384616 0.046875
2 0.09615384615384616 0.41586538461538464 0.0673076923076923 0.0625
2 0.2403846153846154 0.45913461538461536 0.057692307692307696 0.056490384615384616
2 0.3293269230769231 0.40024038461538464 0.057692307692307696 0.08413461538461539
2 0.36899038461538464 0.33413461538461536 0.051682692307692304 0.08533653846153846
2 0.39663461538461536 0.3858173076923077 0.04447115384615385 0.08052884615384616
2 0.7127403846153846 0.65625 0.14182692307692307 0.22716346153846154
2 0.7860576923076923 0.7019230769230769 0.08052884615384616 0.15264423076923078
2 0.8076923076923077 0.8425480769230769 0.09495192307692307 0.12740384615384615
2 0.41225961538461536 0.9254807692307693 0.07451923076923077 0.140625
1 0.9519230769230769 0.5733173076923077 0.09495192307692307 0.0889423076923077
2 0.9122596153846154 0.84375 0.08533653846153846 0.1310096153846154
2 0.9723557692307693 0.7728365384615384 0.05048076923076923 0.1466346153846154
2 0.2920673076923077 0.2764423076923077 0.05048076923076923 0.07211538461538461
2 0.4110576923076923 0.25721153846153844 0.04326923076923077 0.051682692307692304
2 0.4411057692307692 0.28725961538461536 0.057692307692307696 0.07211538461538461
2 0.40024038461538464 0.1502403846153846 0.03365384615384615 0.040865384615384616
2 0.49158653846153844 0.1622596153846154 0.03125 0.05048076923076923