3 0.4050480769230769 0.4543269230769231 0.036057692307692304 0.07211538461538461
3 0.5889423076923077 0.8040865384615384 0.021634615384615384 0.040865384615384616
3 0.6286057692307693 0.8317307692307693 0.028846153846153848 0.056490384615384616
3 0.703125 0.859375 0.05889423076923077 0.0889423076923077
2 0.9134615384615384 0.9158653846153846 0.04807692307692308 0.07451923076923077
2 0.8762019230769231 0.07692307692307693 0.036057692307692304 0.04326923076923077
2 0.6682692307692307 0.2403846153846154 0.03245192307692308 0.038461538461538464
3 0.39663461538461536 0.9314903846153846 0.04807692307692308 0.11658653846153846
3 0.47716346153846156 0.8713942307692307 0.06971153846153846 0.24759615384615385
1 0.4411057692307692 0.8317307692307693 0.038461538461538464 0.04927884615384615
2 0.36899038461538464 0.7776442307692307 0.019230769230769232 0.040865384615384616
2 0.375 0.8401442307692307 0.027644230769230768 0.03485576923076923
0 0.2920673076923077 0.5072115384615384 0.018028846153846152 0.037259615384615384
0 0.30528846153846156 0.5420673076923077 0.021634615384615384 0.055288461538461536
0 0.2920673076923077 0.5841346153846154 0.020432692307692308 0.038461538461538464
0 0.3016826923076923 0.6262019230769231 0.019230769230769232 0.04567307692307692
0 0.3269230769230769 0.578125 0.019230769230769232 0.046875
0 0.3401442307692308 0.5036057692307693 0.02403846153846154 0.042067307692307696
0 0.35697115384615385 0.5192307692307693 0.02283653846153846 0.040865384615384616
0 0.35096153846153844 0.6057692307692307 0.021634615384615384 0.04326923076923077
0 0.34134615384615385 0.6574519230769231 0.021634615384615384 0.054086538461538464
0 0.3233173076923077 0.6911057692307693 0.028846153846153848 0.051682692307692304
0 0.35697115384615385 0.7427884615384616 0.02283653846153846 0.057692307692307696
0 0.38100961538461536 0.7103365384615384 0.027644230769230768 0.04927884615384615
0 0.3737980769230769 0.6574519230769231 0.028846153846153848 0.06009615384615385
0 0.38341346153846156 0.6045673076923077 0.025240384615384616 0.051682692307692304
0 0.41586538461538464 0.5841346153846154 0.028846153846153848 0.055288461538461536
0 0.4206730769230769 0.6442307692307693 0.02283653846153846 0.05048076923076923
0 0.4182692307692308 0.6995192307692307 0.028846153846153848 0.054086538461538464
0 0.44591346153846156 0.7007211538461539 0.03245192307692308 0.06490384615384616
0 0.4579326923076923 0.7512019230769231 0.030048076923076924 0.056490384615384616
0 0.47716346153846156 0.5817307692307693 0.028846153846153848 0.056490384615384616
0 0.5432692307692307 0.640625 0.039663461538461536 0.0673076923076923
0 0.5072115384615384 0.6598557692307693 0.02283653846153846 0.040865384615384616
0 0.48197115384615385 0.4699519230769231 0.03485576923076923 0.0733173076923077
0 0.5012019230769231 0.5252403846153846 0.025240384615384616 0.046875
0 0.5276442307692307 0.4963942307692308 0.036057692307692304 0.07211538461538461
0 0.5180288461538461 0.4170673076923077 0.03245192307692308 0.06971153846153846
0 0.578125 0.5180288461538461 0.040865384615384616 0.08413461538461539
0 0.6009615384615384 0.4723557692307692 0.03485576923076923 0.06610576923076923
0 0.6862980769230769 0.3942307692307692 0.04447115384615385 0.08413461538461539
1 0.4483173076923077 0.6045673076923077 0.036057692307692304 0.05889423076923077
1 0.6911057692307693 0.4987980769230769 0.057692307692307696 0.06971153846153846
1 0.6153846153846154 0.28966346153846156 0.042067307692307696 0.0889423076923077
1 0.7908653846153846 0.06610576923076923 0.04326923076923077 0.036057692307692304
1 0.7704326923076923 0.24158653846153846 0.020432692307692308 0.040865384615384616
1 0.8365384615384616 0.20552884615384615 0.037259615384615384 0.05889423076923077