1 0.9603365384615384 0.5192307692307693 0.078125 0.15384615384615385
2 0.6742788461538461 0.3918269230769231 0.06610576923076923 0.09495192307692307
2 0.7091346153846154 0.5697115384615384 0.05048076923076923 0.056490384615384616
2 0.7848557692307693 0.4254807692307692 0.039663461538461536 0.03485576923076923
3 0.3894230769230769 0.7788461538461539 0.09375 0.21995192307692307
3 0.45913461538461536 0.609375 0.10216346153846154 0.13701923076923078
0 0.734375 0.7992788461538461 0.12620192307692307 0.2127403846153846
0 0.7836538461538461 0.9387019230769231 0.11298076923076923 0.12139423076923077
0 0.8509615384615384 0.828125 0.10096153846153846 0.19831730769230768
0 0.9507211538461539 0.8449519230769231 0.09375 0.18509615384615385
0 0.9471153846153846 0.6923076923076923 0.10096153846153846 0.22115384615384615
0 0.8389423076923077 0.5961538461538461 0.11057692307692307 0.21153846153846154
0 0.8858173076923077 0.4567307692307692 0.1201923076923077 0.18870192307692307
0 0.9675480769230769 0.35336538461538464 0.06370192307692307 0.20432692307692307