2 0.3762019230769231 0.3737980769230769 0.03245192307692308 0.04927884615384615
1 0.4423076923076923 0.7932692307692307 0.040865384615384616 0.1045673076923077
3 0.5949519230769231 0.9819711538461539 0.016826923076923076 0.03485576923076923
3 0.7019230769230769 0.9759615384615384 0.046875 0.046875
2 0.8581730769230769 0.8245192307692307 0.046875 0.0625
2 0.33653846153846156 0.41586538461538464 0.025240384615384616 0.040865384615384616
2 0.46634615384615385 0.18028846153846154 0.020432692307692308 0.038461538461538464
1 0.4567307692307692 0.0673076923076923 0.021634615384615384 0.039663461538461536
1 0.41466346153846156 0.11298076923076923 0.027644230769230768 0.028846153846153848
1 0.3918269230769231 0.20072115384615385 0.037259615384615384 0.04447115384615385
1 0.43990384615384615 0.35336538461538464 0.02283653846153846 0.03485576923076923
1 0.484375 0.2932692307692308 0.037259615384615384 0.05048076923076923
1 0.45072115384615385 0.6286057692307693 0.052884615384615384 0.06490384615384616
1 0.3004807692307692 0.5060096153846154 0.027644230769230768 0.11057692307692307
0 0.44471153846153844 0.6875 0.040865384615384616 0.08653846153846154
0 0.41466346153846156 0.546875 0.046875 0.08413461538461539
0 0.39783653846153844 0.9278846153846154 0.042067307692307696 0.08774038461538461
0 0.3449519230769231 0.6947115384615384 0.046875 0.08413461538461539
0 0.3389423076923077 0.7596153846153846 0.039663461538461536 0.06971153846153846
3 0.09495192307692307 0.6346153846153846 0.028846153846153848 0.06850961538461539