2 0.5252403846153846 0.578125 0.03485576923076923 0.06610576923076923
2 0.2776442307692308 0.4831730769230769 0.036057692307692304 0.06971153846153846
2 0.6899038461538461 0.7235576923076923 0.05889423076923077 0.09495192307692307
2 0.7283653846153846 0.39903846153846156 0.09375 0.15985576923076922
2 0.4963942307692308 0.5576923076923077 0.042067307692307696 0.078125
2 0.5 0.6826923076923077 0.10697115384615384 0.14903846153846154
2 0.3161057692307692 0.5661057692307693 0.046875 0.09014423076923077
2 0.02283653846153846 0.5637019230769231 0.042067307692307696 0.07932692307692307
2 0.3269230769230769 0.28846153846153844 0.03245192307692308 0.06490384615384616
2 0.6550480769230769 0.3737980769230769 0.09014423076923077 0.07692307692307693
2 0.578125 0.24519230769230768 0.030048076923076924 0.0733173076923077
2 0.5925480769230769 0.2704326923076923 0.03485576923076923 0.07451923076923077
2 0.6009615384615384 0.1466346153846154 0.054086538461538464 0.046875
2 0.20432692307692307 0.6346153846153846 0.04927884615384615 0.054086538461538464
3 0.38221153846153844 0.15985576923076922 0.05048076923076923 0.051682692307692304
3 0.4795673076923077 0.039663461538461536 0.038461538461538464 0.04927884615384615