3 0.953125 0.2439903846153846 0.0889423076923077 0.10817307692307693
2 0.9459134615384616 0.44471153846153844 0.07451923076923077 0.08533653846153846
2 0.859375 0.4795673076923077 0.10096153846153846 0.10336538461538461
2 0.7764423076923077 0.546875 0.030048076923076924 0.03245192307692308
2 0.7103365384615384 0.5384615384615384 0.07091346153846154 0.0733173076923077
2 0.8894230769230769 0.71875 0.04447115384615385 0.06009615384615385
2 0.9783653846153846 0.8221153846153846 0.042067307692307696 0.140625
2 0.8233173076923077 0.7620192307692307 0.1045673076923077 0.14423076923076922
2 0.4338942307692308 0.5985576923076923 0.039663461538461536 0.04807692307692308
2 0.5144230769230769 0.3293269230769231 0.051682692307692304 0.04807692307692308
2 0.36177884615384615 0.4483173076923077 0.056490384615384616 0.055288461538461536