2 0.7884615384615384 0.6105769230769231 0.055288461538461536 0.0625
2 0.6189903846153846 0.27283653846153844 0.036057692307692304 0.056490384615384616
2 0.5841346153846154 0.2620192307692308 0.03365384615384615 0.039663461538461536
2 0.5024038461538461 0.234375 0.06009615384615385 0.08413461538461539
2 0.5432692307692307 0.2824519230769231 0.054086538461538464 0.08653846153846154
2 0.6069711538461539 0.19230769230769232 0.0733173076923077 0.10697115384615384
2 0.6442307692307693 0.1201923076923077 0.06971153846153846 0.09014423076923077
2 0.6358173076923077 0.6850961538461539 0.14302884615384615 0.20793269230769232
2 0.41947115384615385 0.5420673076923077 0.08653846153846154 0.15144230769230768
2 0.41466346153846156 0.265625 0.057692307692307696 0.07692307692307693
2 0.17668269230769232 0.2932692307692308 0.06129807692307692 0.07572115384615384
2 0.25240384615384615 0.21394230769230768 0.05889423076923077 0.06490384615384616