3 0.8581730769230769 0.5228365384615384 0.06971153846153846 0.08413461538461539
2 0.8978365384615384 0.6310096153846154 0.052884615384615384 0.051682692307692304
2 0.10697115384615384 0.4362980769230769 0.03125 0.051682692307692304
2 0.4326923076923077 0.6129807692307693 0.042067307692307696 0.046875
2 0.4951923076923077 0.7391826923076923 0.028846153846153848 0.03485576923076923
2 0.6826923076923077 0.7175480769230769 0.054086538461538464 0.056490384615384616
2 0.7223557692307693 0.7283653846153846 0.021634615384615384 0.020432692307692308
2 0.7752403846153846 0.6887019230769231 0.05889423076923077 0.06850961538461539
2 0.8317307692307693 0.6706730769230769 0.04807692307692308 0.055288461538461536
2 0.734375 0.8725961538461539 0.05889423076923077 0.08653846153846154
2 0.7776442307692307 0.8497596153846154 0.030048076923076924 0.037259615384615384
2 0.8401442307692307 0.9290865384615384 0.0673076923076923 0.11057692307692307
2 0.9555288461538461 0.6237980769230769 0.0625 0.06009615384615385