0 0.3557692307692308 0.4675480769230769 0.02403846153846154 0.055288461538461536
0 0.34134615384615385 0.4519230769230769 0.021634615384615384 0.04807692307692308
3 0.40024038461538464 0.4014423076923077 0.03365384615384615 0.06610576923076923
2 0.65625 0.1814903846153846 0.028846153846153848 0.036057692307692304
1 0.8221153846153846 0.1466346153846154 0.03245192307692308 0.057692307692307696
1 0.7584134615384616 0.1778846153846154 0.02403846153846154 0.038461538461538464
1 0.6033653846153846 0.23317307692307693 0.04447115384615385 0.08173076923076923
1 0.6742788461538461 0.43028846153846156 0.05048076923076923 0.0625
2 0.8341346153846154 0.7884615384615384 0.04326923076923077 0.0625
0 0.2956730769230769 0.6502403846153846 0.02283653846153846 0.05048076923076923
0 0.31850961538461536 0.6887019230769231 0.028846153846153848 0.04447115384615385
0 0.3605769230769231 0.6778846153846154 0.02283653846153846 0.04326923076923077
0 0.32572115384615385 0.6322115384615384 0.026442307692307692 0.05889423076923077
0 0.34375 0.5961538461538461 0.02403846153846154 0.04927884615384615
0 0.30528846153846156 0.5769230769230769 0.028846153846153848 0.04807692307692308
0 0.2956730769230769 0.53125 0.021634615384615384 0.04807692307692308
0 0.3269230769230769 0.5300480769230769 0.021634615384615384 0.04807692307692308
0 0.3473557692307692 0.5564903846153846 0.025240384615384616 0.040865384615384616
0 0.31009615384615385 0.49038461538461536 0.021634615384615384 0.04567307692307692
0 0.296875 0.4579326923076923 0.019230769230769232 0.039663461538461536
0 0.38100961538461536 0.546875 0.027644230769230768 0.04807692307692308
0 0.3713942307692308 0.6069711538461539 0.028846153846153848 0.052884615384615384
0 0.38341346153846156 0.6490384615384616 0.025240384615384616 0.04807692307692308
0 0.4170673076923077 0.6370192307692307 0.025240384615384616 0.054086538461538464
0 0.4411057692307692 0.6346153846153846 0.02283653846153846 0.05048076923076923
0 0.41947115384615385 0.5877403846153846 0.02283653846153846 0.05048076923076923
0 0.41466346153846156 0.5300480769230769 0.028846153846153848 0.06490384615384616
1 0.44591346153846156 0.5432692307692307 0.027644230769230768 0.055288461538461536
0 0.4735576923076923 0.5240384615384616 0.028846153846153848 0.054086538461538464
0 0.5252403846153846 0.5673076923076923 0.039663461538461536 0.07091346153846154
0 0.47596153846153844 0.41225961538461536 0.040865384615384616 0.0733173076923077
0 0.49399038461538464 0.46153846153846156 0.019230769230769232 0.038461538461538464
0 0.5192307692307693 0.4411057692307692 0.027644230769230768 0.0733173076923077
0 0.5108173076923077 0.3629807692307692 0.03485576923076923 0.07572115384615384
0 0.5685096153846154 0.46033653846153844 0.036057692307692304 0.07451923076923077
0 0.5877403846153846 0.40625 0.03365384615384615 0.06850961538461539
0 0.6694711538461539 0.33413461538461536 0.04447115384615385 0.078125
2 0.37740384615384615 0.7680288461538461 0.021634615384615384 0.03125
2 0.3737980769230769 0.7103365384615384 0.015625 0.036057692307692304
3 0.38100961538461536 0.8401442307692307 0.054086538461538464 0.11298076923076923
3 0.453125 0.7728365384615384 0.06610576923076923 0.22716346153846154
3 0.6538461538461539 0.7439903846153846 0.04447115384615385 0.078125
3 0.5865384615384616 0.7295673076923077 0.025240384615384616 0.04447115384615385
3 0.5516826923076923 0.703125 0.018028846153846152 0.026442307692307692