0 0.5192307692307693 0.10336538461538461 0.08173076923076923 0.140625
0 0.7403846153846154 0.6286057692307693 0.09254807692307693 0.13822115384615385
0 0.6586538461538461 0.6177884615384616 0.08052884615384616 0.14903846153846154
0 0.6153846153846154 0.5204326923076923 0.0889423076923077 0.1310096153846154
0 0.515625 0.5480769230769231 0.09615384615384616 0.16706730769230768
0 0.34375 0.4411057692307692 0.056490384615384616 0.10336538461538461
0 0.15264423076923078 0.40865384615384615 0.12620192307692307 0.1466346153846154
0 0.109375 0.8317307692307693 0.18990384615384615 0.17427884615384615
3 0.0829326923076923 0.11057692307692307 0.13942307692307693 0.13822115384615385
3 0.25 0.49759615384615385 0.11298076923076923 0.17067307692307693
3 0.42788461538461536 0.6634615384615384 0.057692307692307696 0.09615384615384616
3 0.4675480769230769 0.31850961538461536 0.06009615384615385 0.09375
3 0.6225961538461539 0.171875 0.06850961538461539 0.0889423076923077
3 0.7896634615384616 0.19591346153846154 0.0829326923076923 0.07692307692307693