2 0.6105769230769231 0.9735576923076923 0.0625 0.04807692307692308
2 0.16346153846153846 0.5444711538461539 0.037259615384615384 0.06370192307692307
2 0.5012019230769231 0.2608173076923077 0.03485576923076923 0.04927884615384615
2 0.5564903846153846 0.054086538461538464 0.028846153846153848 0.040865384615384616
2 0.7956730769230769 0.025240384615384616 0.04326923076923077 0.04927884615384615
2 0.7283653846153846 0.25961538461538464 0.052884615384615384 0.04927884615384615
2 0.6298076923076923 0.171875 0.06370192307692307 0.0889423076923077
2 0.5889423076923077 0.17307692307692307 0.040865384615384616 0.054086538461538464
2 0.42908653846153844 0.15985576923076922 0.03365384615384615 0.04927884615384615
2 0.6442307692307693 0.421875 0.046875 0.078125
2 0.3629807692307692 0.14543269230769232 0.038461538461538464 0.051682692307692304
2 0.5372596153846154 0.32211538461538464 0.05889423076923077 0.06490384615384616
2 0.8774038461538461 0.15264423076923078 0.052884615384615384 0.078125
1 0.9447115384615384 0.421875 0.10576923076923077 0.11778846153846154
3 0.8774038461538461 0.37259615384615385 0.12620192307692307 0.16947115384615385
2 0.5384615384615384 0.9699519230769231 0.0625 0.055288461538461536
2 0.7632211538461539 0.9278846153846154 0.09375 0.1201923076923077
2 0.8040865384615384 0.8173076923076923 0.07211538461538461 0.11899038461538461
2 0.7536057692307693 0.5072115384615384 0.06370192307692307 0.09014423076923077
2 0.6274038461538461 0.734375 0.07451923076923077 0.1201923076923077
2 0.6875 0.7211538461538461 0.0733173076923077 0.1201923076923077
2 0.3449519230769231 0.5132211538461539 0.05048076923076923 0.06850961538461539
2 0.30408653846153844 0.34975961538461536 0.051682692307692304 0.07091346153846154