0 0.9735576923076923 0.8052884615384616 0.04807692307692308 0.22115384615384615
0 0.9050480769230769 0.8112980769230769 0.10697115384615384 0.19831730769230768
0 0.828125 0.9110576923076923 0.10336538461538461 0.17668269230769232
0 0.9807692307692307 0.3245192307692308 0.03365384615384615 0.12980769230769232
0 0.8173076923076923 0.5492788461538461 0.11778846153846154 0.1814903846153846
0 0.7367788461538461 0.6995192307692307 0.11778846153846154 0.20673076923076922
0 0.7175480769230769 0.8689903846153846 0.12620192307692307 0.22355769230769232
1 0.8689903846153846 0.7487980769230769 0.17307692307692307 0.140625
1 0.49278846153846156 0.08533653846153846 0.039663461538461536 0.1658653846153846
2 0.5264423076923077 0.6598557692307693 0.07572115384615384 0.12620192307692307
2 0.59375 0.8665865384615384 0.05048076923076923 0.06490384615384616
2 0.6466346153846154 0.6742788461538461 0.040865384615384616 0.05048076923076923
2 0.6454326923076923 0.042067307692307696 0.04447115384615385 0.04326923076923077