2 0.7259615384615384 0.8233173076923077 0.027644230769230768 0.03125
2 0.6887019230769231 0.8461538461538461 0.052884615384615384 0.07572115384615384
3 0.8064903846153846 0.5264423076923077 0.0733173076923077 0.06129807692307692
2 0.08774038461538461 0.43990384615384615 0.03125 0.05048076923076923
2 0.40865384615384615 0.6069711538461539 0.038461538461538464 0.04326923076923077
2 0.5120192307692307 0.5372596153846154 0.03365384615384615 0.036057692307692304
2 0.4675480769230769 0.7283653846153846 0.027644230769230768 0.028846153846153848
2 0.6370192307692307 0.7019230769230769 0.04807692307692308 0.06610576923076923
2 0.6790865384615384 0.7163461538461539 0.018028846153846152 0.03125
2 0.7295673076923077 0.6838942307692307 0.057692307692307696 0.06009615384615385
2 0.7824519230769231 0.6622596153846154 0.04447115384615385 0.051682692307692304
2 0.8413461538461539 0.6310096153846154 0.040865384615384616 0.046875
2 0.8954326923076923 0.6286057692307693 0.05889423076923077 0.04447115384615385