2 0.75 0.5504807692307693 0.05048076923076923 0.07572115384615384
2 0.24879807692307693 0.3701923076923077 0.039663461538461536 0.057692307692307696
2 0.48677884615384615 0.2247596153846154 0.03125 0.038461538461538464
2 0.30408653846153844 0.3449519230769231 0.038461538461538464 0.056490384615384616
2 0.08653846153846154 0.41466346153846156 0.046875 0.0733173076923077
2 0.057692307692307696 0.5480769230769231 0.04447115384615385 0.0673076923076923
2 0.07211538461538461 0.5661057692307693 0.046875 0.05889423076923077
2 0.08533653846153846 0.5865384615384616 0.04567307692307692 0.056490384615384616
2 0.6550480769230769 0.32211538461538464 0.055288461538461536 0.07211538461538461
2 0.9735576923076923 0.7271634615384616 0.04807692307692308 0.10336538461538461
2 0.9711538461538461 0.8125 0.052884615384615384 0.11538461538461539
2 0.9483173076923077 0.8786057692307693 0.09014423076923077 0.13822115384615385
2 0.7283653846153846 0.3233173076923077 0.0625 0.07932692307692307
2 0.7944711538461539 0.38100961538461536 0.055288461538461536 0.06490384615384616
2 0.734375 0.38221153846153844 0.057692307692307696 0.07451923076923077
2 0.7067307692307693 0.48677884615384615 0.06129807692307692 0.078125
2 0.5661057692307693 0.6418269230769231 0.046875 0.0733173076923077
2 0.4951923076923077 0.9495192307692307 0.10096153846153846 0.09615384615384616
2 0.6237980769230769 0.7980769230769231 0.09134615384615384 0.14182692307692307
2 0.4987980769230769 0.5516826923076923 0.10336538461538461 0.15264423076923078
2 0.18870192307692307 0.4423076923076923 0.046875 0.07091346153846154
2 0.16346153846153846 0.515625 0.052884615384615384 0.07211538461538461
2 0.2283653846153846 0.4807692307692308 0.056490384615384616 0.08052884615384616