2 0.4987980769230769 0.359375 0.028846153846153848 0.051682692307692304
2 0.6189903846153846 0.40024038461538464 0.042067307692307696 0.0673076923076923
3 0.04326923076923077 0.625 0.08533653846153846 0.1346153846153846
2 0.03485576923076923 0.546875 0.042067307692307696 0.056490384615384616
2 0.08653846153846154 0.4807692307692308 0.03365384615384615 0.057692307692307696
2 0.2512019230769231 0.47836538461538464 0.040865384615384616 0.04326923076923077
2 0.3401442307692308 0.4026442307692308 0.037259615384615384 0.07692307692307693
2 0.4891826923076923 0.3449519230769231 0.05889423076923077 0.06850961538461539
2 0.4891826923076923 0.42908653846153844 0.07932692307692307 0.10697115384615384
2 0.5516826923076923 0.11899038461538461 0.027644230769230768 0.06610576923076923
2 0.5396634615384616 0.10216346153846154 0.025240384615384616 0.057692307692307696
2 0.59375 0.17427884615384615 0.06009615384615385 0.06610576923076923
2 0.6514423076923077 0.17307692307692307 0.07932692307692307 0.1201923076923077
2 0.9663461538461539 0.22956730769230768 0.0625 0.12259615384615384
2 0.328125 0.19591346153846154 0.028846153846153848 0.052884615384615384
2 0.296875 0.35336538461538464 0.03245192307692308 0.0625