0 0.3605769230769231 0.5348557692307693 0.021634615384615384 0.05048076923076923
0 0.3449519230769231 0.5216346153846154 0.019230769230769232 0.04326923076923077
3 0.4026442307692308 0.4735576923076923 0.03245192307692308 0.056490384615384616
1 0.8040865384615384 0.21153846153846154 0.028846153846153848 0.05048076923076923
2 0.6478365384615384 0.25 0.025240384615384616 0.038461538461538464
1 0.5985576923076923 0.29927884615384615 0.038461538461538464 0.07932692307692307
2 0.8112980769230769 0.8257211538461539 0.042067307692307696 0.06490384615384616
1 0.6706730769230769 0.4855769230769231 0.052884615384615384 0.052884615384615384
3 0.6346153846153846 0.7944711538461539 0.046875 0.08413461538461539
0 0.38461538461538464 0.6177884615384616 0.025240384615384616 0.052884615384615384
0 0.38221153846153844 0.671875 0.018028846153846152 0.038461538461538464
0 0.38461538461538464 0.7055288461538461 0.02403846153846154 0.046875
0 0.36538461538461536 0.7439903846153846 0.025240384615384616 0.04567307692307692
0 0.33052884615384615 0.6959134615384616 0.025240384615384616 0.046875
0 0.3473557692307692 0.6646634615384616 0.02403846153846154 0.04927884615384615
0 0.3581730769230769 0.6189903846153846 0.021634615384615384 0.046875
0 0.3016826923076923 0.5228365384615384 0.019230769230769232 0.036057692307692304
0 0.3173076923076923 0.5528846153846154 0.018028846153846152 0.04447115384615385
0 0.30288461538461536 0.5961538461538461 0.025240384615384616 0.038461538461538464
0 0.3125 0.640625 0.02403846153846154 0.05889423076923077
0 0.328125 0.5889423076923077 0.02403846153846154 0.05048076923076923
0 0.41466346153846156 0.5901442307692307 0.03365384615384615 0.06009615384615385
0 0.4230769230769231 0.6466346153846154 0.021634615384615384 0.04567307692307692
0 0.4182692307692308 0.6995192307692307 0.02283653846153846 0.051682692307692304
0 0.44711538461538464 0.6995192307692307 0.03125 0.0625
0 0.4735576923076923 0.5889423076923077 0.03245192307692308 0.06370192307692307
0 0.47716346153846156 0.47475961538461536 0.03125 0.0733173076923077
0 0.49399038461538464 0.5228365384615384 0.02283653846153846 0.040865384615384616
0 0.5180288461538461 0.5060096153846154 0.03365384615384615 0.06971153846153846
0 0.5096153846153846 0.43149038461538464 0.03365384615384615 0.06971153846153846
0 0.5637019230769231 0.515625 0.03485576923076923 0.07091346153846154
0 0.5853365384615384 0.4699519230769231 0.030048076923076924 0.06370192307692307
0 0.6622596153846154 0.39783653846153844 0.046875 0.07692307692307693
3 0.3918269230769231 0.890625 0.046875 0.0985576923076923
3 0.45072115384615385 0.8028846153846154 0.0625 0.17307692307692307
2 0.3786057692307692 0.7704326923076923 0.015625 0.028846153846153848
1 0.7439903846153846 0.24879807692307693 0.020432692307692308 0.036057692307692304
1 0.7668269230769231 0.07932692307692307 0.04326923076923077 0.03485576923076923
3 0.5745192307692307 0.7788461538461539 0.019230769230769232 0.040865384615384616