0 0.8689903846153846 0.19471153846153846 0.038461538461538464 0.06490384615384616
0 0.8509615384615384 0.13942307692307693 0.042067307692307696 0.06370192307692307
2 0.8485576923076923 0.8377403846153846 0.056490384615384616 0.08413461538461539
3 0.8125 0.7536057692307693 0.08413461538461539 0.1502403846153846
3 0.4579326923076923 0.6862980769230769 0.10216346153846154 0.18509615384615385
3 0.7295673076923077 0.34375 0.09375 0.08413461538461539
3 0.4362980769230769 0.29927884615384615 0.04447115384615385 0.08413461538461539
3 0.3137019230769231 0.4723557692307692 0.03245192307692308 0.07932692307692307
3 0.38461538461538464 0.43509615384615385 0.038461538461538464 0.07211538461538461
3 0.4230769230769231 0.4483173076923077 0.055288461538461536 0.06971153846153846
3 0.3701923076923077 0.5420673076923077 0.05889423076923077 0.08774038461538461
3 0.4423076923076923 0.3605769230769231 0.03125 0.054086538461538464
3 0.27163461538461536 0.5997596153846154 0.04567307692307692 0.07932692307692307
1 0.24519230769230768 0.5721153846153846 0.028846153846153848 0.04927884615384615
2 0.5432692307692307 0.37259615384615385 0.03485576923076923 0.039663461538461536
2 0.6971153846153846 0.12860576923076922 0.030048076923076924 0.037259615384615384
2 0.8137019230769231 0.36778846153846156 0.052884615384615384 0.04807692307692308