2 0.6514423076923077 0.7043269230769231 0.06370192307692307 0.09735576923076923
2 0.5276442307692307 0.5324519230769231 0.04567307692307692 0.07692307692307693
2 0.6670673076923077 0.6129807692307693 0.06129807692307692 0.0889423076923077
2 0.5024038461538461 0.7956730769230769 0.04927884615384615 0.07692307692307693
2 0.2247596153846154 0.4807692307692308 0.03485576923076923 0.05889423076923077
2 0.29086538461538464 0.32091346153846156 0.036057692307692304 0.052884615384615384
2 0.3798076923076923 0.042067307692307696 0.026442307692307692 0.040865384615384616
2 0.671875 0.16346153846153846 0.056490384615384616 0.06850961538461539
2 0.5709134615384616 0.16105769230769232 0.078125 0.0985576923076923
2 0.8581730769230769 0.3894230769230769 0.06971153846153846 0.09014423076923077
2 0.7043269230769231 0.7632211538461539 0.06009615384615385 0.09495192307692307
2 0.38100961538461536 0.12740384615384615 0.04567307692307692 0.0673076923076923
2 0.4254807692307692 0.4098557692307692 0.037259615384615384 0.054086538461538464
2 0.47836538461538464 0.44711538461538464 0.02403846153846154 0.037259615384615384
2 0.9399038461538461 0.7403846153846154 0.05048076923076923 0.0985576923076923
2 0.7127403846153846 0.47596153846153844 0.04326923076923077 0.054086538461538464
2 0.7728365384615384 0.2091346153846154 0.06129807692307692 0.07211538461538461