2 0.7956730769230769 0.8822115384615384 0.10817307692307693 0.17668269230769232
2 0.8305288461538461 0.32211538461538464 0.10576923076923077 0.11658653846153846
2 0.7007211538461539 0.11538461538461539 0.0733173076923077 0.08413461538461539
2 0.6370192307692307 0.35336538461538464 0.04927884615384615 0.10096153846153846
2 0.5817307692307693 0.20793269230769232 0.08413461538461539 0.0673076923076923
2 0.46274038461538464 0.12379807692307693 0.06490384615384616 0.07451923076923077
2 0.31971153846153844 0.2127403846153846 0.08052884615384616 0.0985576923076923
2 0.43028846153846156 0.5036057692307693 0.09615384615384616 0.12379807692307693
2 0.35336538461538464 0.4699519230769231 0.08653846153846154 0.11538461538461539
2 0.18269230769230768 0.6322115384615384 0.05048076923076923 0.06850961538461539
2 0.140625 0.26802884615384615 0.0733173076923077 0.09375