0 0.9675480769230769 0.7800480769230769 0.06370192307692307 0.13822115384615385
1 0.9314903846153846 0.3173076923076923 0.13221153846153846 0.10576923076923077
3 0.44350961538461536 0.39783653846153844 0.10817307692307693 0.12139423076923077
3 0.38100961538461536 0.5456730769230769 0.08052884615384616 0.1875
3 0.04927884615384615 0.6153846153846154 0.0673076923076923 0.1778846153846154
2 0.6514423076923077 0.2091346153846154 0.06370192307692307 0.08533653846153846
2 0.4098557692307692 0.9651442307692307 0.04927884615384615 0.06850961538461539
1 0.49278846153846156 0.9350961538461539 0.09615384615384616 0.07692307692307693
0 0.9483173076923077 0.125 0.10216346153846154 0.1935096153846154
0 0.8317307692307693 0.23317307692307693 0.11899038461538461 0.20432692307692307
0 0.7800480769230769 0.36778846153846156 0.11538461538461539 0.21153846153846154
0 0.96875 0.34134615384615385 0.057692307692307696 0.15865384615384615
0 0.8894230769230769 0.42788461538461536 0.0985576923076923 0.19471153846153846
0 0.8725961538461539 0.5528846153846154 0.09014423076923077 0.18389423076923078
0 0.7884615384615384 0.5600961538461539 0.08653846153846154 0.1778846153846154
0 0.7836538461538461 0.8425480769230769 0.08533653846153846 0.14783653846153846
0 0.7259615384615384 0.6959134615384616 0.09495192307692307 0.19230769230769232
0 0.6778846153846154 0.5384615384615384 0.10576923076923077 0.21514423076923078
2 0.6754807692307693 0.3557692307692308 0.04447115384615385 0.04807692307692308
1 0.9747596153846154 0.8689903846153846 0.04927884615384615 0.11298076923076923
1 0.9038461538461539 0.9194711538461539 0.11057692307692307 0.15625