0 0.47475961538461536 0.6009615384615384 0.038461538461538464 0.0625
2 0.5240384615384616 0.1346153846153846 0.02283653846153846 0.042067307692307696
1 0.45552884615384615 0.15745192307692307 0.03485576923076923 0.039663461538461536
0 0.2956730769230769 0.6310096153846154 0.042067307692307696 0.07692307692307693
0 0.328125 0.7115384615384616 0.03485576923076923 0.06610576923076923
0 0.4050480769230769 0.8161057692307693 0.040865384615384616 0.078125
0 0.3858173076923077 0.6766826923076923 0.040865384615384616 0.08052884615384616
0 0.3942307692307692 0.6057692307692307 0.038461538461538464 0.08052884615384616
0 0.46033653846153844 0.47716346153846156 0.042067307692307696 0.08052884615384616
1 0.49278846153846156 0.5625 0.055288461538461536 0.0673076923076923
1 0.3581730769230769 0.43990384615384615 0.030048076923076924 0.09495192307692307
3 0.6646634615384616 0.8425480769230769 0.04807692307692308 0.08173076923076923
2 0.8341346153846154 0.7091346153846154 0.04447115384615385 0.05889423076923077
2 0.3954326923076923 0.3605769230769231 0.028846153846153848 0.037259615384615384
3 0.5841346153846154 0.9134615384615384 0.036057692307692304 0.0625
3 0.5336538461538461 0.9242788461538461 0.030048076923076924 0.04567307692307692
1 0.49038461538461536 0.296875 0.020432692307692308 0.03125
1 0.5336538461538461 0.23557692307692307 0.03485576923076923 0.042067307692307696
1 0.5168269230769231 0.026442307692307692 0.02403846153846154 0.04927884615384615
1 0.4795673076923077 0.07572115384615384 0.021634615384615384 0.037259615384615384