1 0.9555288461538461 0.4170673076923077 0.08413461538461539 0.17548076923076922
0 0.9375 0.5576923076923077 0.1201923076923077 0.20192307692307693
0 0.9399038461538461 0.7043269230769231 0.11538461538461539 0.19230769230769232
0 0.8317307692307693 0.7007211538461539 0.0985576923076923 0.18509615384615385
0 0.8257211538461539 0.9387019230769231 0.0985576923076923 0.11778846153846154
0 0.9711538461538461 0.2548076923076923 0.052884615384615384 0.18269230769230768
0 0.8798076923076923 0.3485576923076923 0.1201923076923077 0.20072115384615385
0 0.8293269230769231 0.49158653846153844 0.12620192307692307 0.2091346153846154
0 0.7091346153846154 0.6682692307692307 0.12379807692307693 0.22596153846153846
2 0.6802884615384616 0.2956730769230769 0.06971153846153846 0.08653846153846154
3 0.46634615384615385 0.49038461538461536 0.11177884615384616 0.1346153846153846
3 0.39903846153846156 0.640625 0.09134615384615384 0.1935096153846154
3 0.04927884615384615 0.6730769230769231 0.06971153846153846 0.17668269230769232
0 0.7716346153846154 0.8365384615384616 0.10336538461538461 0.18269230769230768
2 0.7055288461538461 0.45913461538461536 0.04447115384615385 0.051682692307692304