3 0.5721153846153846 0.203125 0.039663461538461536 0.057692307692307696
3 0.33413461538461536 0.5408653846153846 0.052884615384615384 0.08533653846153846
3 0.18629807692307693 0.7632211538461539 0.06610576923076923 0.0889423076923077
3 0.2776442307692308 0.7512019230769231 0.07091346153846154 0.0889423076923077
3 0.29086538461538464 0.8834134615384616 0.05048076923076923 0.07692307692307693
3 0.4375 0.578125 0.06009615384615385 0.09014423076923077
3 0.5012019230769231 0.2536057692307692 0.109375 0.17908653846153846
3 0.7163461538461539 0.20552884615384615 0.04807692307692308 0.07692307692307693
3 0.8377403846153846 0.08533653846153846 0.052884615384615384 0.07932692307692307
0 0.051682692307692304 0.9819711538461539 0.0733173076923077 0.03485576923076923
0 0.1935096153846154 0.8569711538461539 0.08653846153846154 0.09375
0 0.23197115384615385 0.6538461538461539 0.07451923076923077 0.11538461538461539
0 0.33413461538461536 0.7992788461538461 0.08173076923076923 0.11057692307692307
0 0.34134615384615385 0.8557692307692307 0.055288461538461536 0.05048076923076923
0 0.3870192307692308 0.8858173076923077 0.04807692307692308 0.06490384615384616
0 0.44711538461538464 0.9254807692307693 0.055288461538461536 0.09254807692307693
0 0.5024038461538461 0.5889423076923077 0.08173076923076923 0.109375
0 0.6153846153846154 0.5757211538461539 0.09014423076923077 0.1201923076923077
0 0.7764423076923077 0.8004807692307693 0.12379807692307693 0.11658653846153846
0 0.7608173076923077 0.30288461538461536 0.09495192307692307 0.08774038461538461
0 0.7848557692307693 0.18389423076923078 0.11177884615384616 0.12620192307692307
0 0.9302884615384616 0.5576923076923077 0.13822115384615385 0.12860576923076922
0 0.921875 0.4375 0.15144230769230768 0.1201923076923077
0 0.8641826923076923 0.23197115384615385 0.10697115384615384 0.1201923076923077
0 0.9362980769230769 0.30649038461538464 0.12620192307692307 0.1201923076923077
0 0.8713942307692307 0.12259615384615384 0.05048076923076923 0.08173076923076923