0 0.8353365384615384 0.1466346153846154 0.030048076923076924 0.06009615384615385
0 0.8269230769230769 0.08653846153846154 0.030048076923076924 0.054086538461538464
2 0.7728365384615384 0.6923076923076923 0.04326923076923077 0.0733173076923077
3 0.7463942307692307 0.6213942307692307 0.06370192307692307 0.12860576923076922
3 0.44350961538461536 0.5709134615384616 0.08653846153846154 0.16706730769230768
3 0.7019230769230769 0.27163461538461536 0.08052884615384616 0.06850961538461539
3 0.37740384615384615 0.45913461538461536 0.04807692307692308 0.07692307692307693
3 0.42908653846153844 0.3737980769230769 0.04807692307692308 0.05048076923076923
3 0.39302884615384615 0.36899038461538464 0.03365384615384615 0.0625
3 0.4483173076923077 0.2932692307692308 0.03365384615384615 0.04807692307692308
1 0.35096153846153844 0.7596153846153846 0.054086538461538464 0.125
2 0.203125 0.6310096153846154 0.027644230769230768 0.04326923076923077
2 0.31009615384615385 0.5120192307692307 0.030048076923076924 0.042067307692307696
3 0.3245192307692308 0.39663461538461536 0.026442307692307692 0.056490384615384616
2 0.6899038461538461 0.08173076923076923 0.028846153846153848 0.040865384615384616