1 0.8870192307692307 0.17427884615384615 0.17908653846153846 0.11298076923076923
0 0.7163461538461539 0.23918269230769232 0.109375 0.17908653846153846
0 0.8040865384615384 0.2848557692307692 0.10817307692307693 0.19230769230769232
0 0.7776442307692307 0.3798076923076923 0.09975961538461539 0.19230769230769232
0 0.7163461538461539 0.4170673076923077 0.09014423076923077 0.18269230769230768
0 0.6129807692307693 0.39302884615384615 0.11298076923076923 0.21033653846153846
0 0.6622596153846154 0.5408653846153846 0.12379807692307693 0.20793269230769232
1 0.9158653846153846 0.65625 0.12980769230769232 0.15384615384615385
0 0.9254807692307693 0.5757211538461539 0.08173076923076923 0.12620192307692307
0 0.8509615384615384 0.5709134615384616 0.06971153846153846 0.11658653846153846
3 0.3485576923076923 0.421875 0.07572115384615384 0.14783653846153846
3 0.4110576923076923 0.2824519230769231 0.109375 0.11298076923076923
1 0.8088942307692307 0.7512019230769231 0.11778846153846154 0.24759615384615385
1 0.45072115384615385 0.7752403846153846 0.09975961538461539 0.0625
0 0.7091346153846154 0.6694711538461539 0.07932692307692307 0.13822115384615385
0 0.9122596153846154 0.22716346153846154 0.11177884615384616 0.20072115384615385
0 0.9795673076923077 0.22716346153846154 0.036057692307692304 0.19951923076923078
0 0.7632211538461539 0.11899038461538461 0.11778846153846154 0.20192307692307693
2 0.16947115384615385 0.6682692307692307 0.05048076923076923 0.08413461538461539
2 0.6057692307692307 0.109375 0.055288461538461536 0.07932692307692307
2 0.3701923076923077 0.8137019230769231 0.051682692307692304 0.08774038461538461