3 0.5576923076923077 0.9266826923076923 0.037259615384615384 0.06490384615384616
3 0.6105769230769231 0.9134615384615384 0.03125 0.05889423076923077
3 0.6850961538461539 0.8461538461538461 0.056490384615384616 0.07572115384615384
1 0.49759615384615385 0.5588942307692307 0.055288461538461536 0.054086538461538464
2 0.39663461538461536 0.36538461538461536 0.027644230769230768 0.036057692307692304
2 0.8473557692307693 0.7091346153846154 0.04567307692307692 0.0625
2 0.5228365384615384 0.13942307692307693 0.019230769230769232 0.042067307692307696
1 0.4795673076923077 0.08173076923076923 0.027644230769230768 0.03125
1 0.515625 0.028846153846153848 0.02283653846153846 0.046875
1 0.4543269230769231 0.1622596153846154 0.036057692307692304 0.040865384615384616
1 0.49278846153846156 0.3004807692307692 0.018028846153846152 0.030048076923076924
1 0.5336538461538461 0.23918269230769232 0.03365384615384615 0.039663461538461536
1 0.3605769230769231 0.4423076923076923 0.028846153846153848 0.09495192307692307
0 0.4651442307692308 0.48197115384615385 0.04807692307692308 0.08173076923076923
0 0.48677884615384615 0.6117788461538461 0.039663461538461536 0.06971153846153846
0 0.39903846153846156 0.6141826923076923 0.046875 0.07932692307692307
0 0.3954326923076923 0.6814903846153846 0.042067307692307696 0.078125
0 0.4230769230769231 0.8185096153846154 0.04927884615384615 0.09615384615384616
0 0.33533653846153844 0.7139423076923077 0.040865384615384616 0.07091346153846154
0 0.29927884615384615 0.6394230769230769 0.04447115384615385 0.08052884615384616