2 0.046875 0.3449519230769231 0.05889423076923077 0.07211538461538461
2 0.35216346153846156 0.671875 0.11658653846153846 0.18990384615384615
2 0.6598557692307693 0.7439903846153846 0.11658653846153846 0.17307692307692307
2 0.7608173076923077 0.6574519230769231 0.12139423076923077 0.16706730769230768
2 0.9471153846153846 0.8786057692307693 0.06610576923076923 0.11658653846153846
2 0.7295673076923077 0.1141826923076923 0.0889423076923077 0.09254807692307693
2 0.6971153846153846 0.5216346153846154 0.09254807692307693 0.13822115384615385
1 0.6466346153846154 0.0985576923076923 0.12860576923076922 0.17668269230769232
2 0.8557692307692307 0.40384615384615385 0.08653846153846154 0.13942307692307693
2 0.6430288461538461 0.34975961538461536 0.09134615384615384 0.14543269230769232
2 0.4735576923076923 0.5661057692307693 0.039663461538461536 0.04567307692307692
2 0.40384615384615385 0.9158653846153846 0.07211538461538461 0.16466346153846154
2 0.38461538461538464 0.18870192307692307 0.055288461538461536 0.07211538461538461