2 0.7920673076923077 0.6826923076923077 0.054086538461538464 0.055288461538461536
2 0.6177884615384616 0.27403846153846156 0.078125 0.09735576923076923
2 0.6310096153846154 0.3581730769230769 0.038461538461538464 0.04447115384615385
2 0.6021634615384616 0.33774038461538464 0.03125 0.042067307692307696
2 0.5276442307692307 0.30528846153846156 0.057692307692307696 0.06971153846153846
2 0.5540865384615384 0.35697115384615385 0.055288461538461536 0.07451923076923077
2 0.6586538461538461 0.20552884615384615 0.07572115384615384 0.08052884615384616
2 0.5348557692307693 0.11899038461538461 0.04567307692307692 0.0625
2 0.43990384615384615 0.3401442307692308 0.05048076923076923 0.06009615384615385
2 0.6442307692307693 0.75 0.1310096153846154 0.2127403846153846
2 0.43990384615384615 0.5985576923076923 0.078125 0.13341346153846154
2 0.21153846153846154 0.34375 0.0673076923076923 0.09014423076923077
1 0.9603365384615384 0.21514423076923078 0.07451923076923077 0.12259615384615384
2 0.26322115384615385 0.0625 0.030048076923076924 0.040865384615384616