2 0.7283653846153846 0.09975961538461539 0.03125 0.051682692307692304
2 0.7391826923076923 0.2536057692307692 0.04927884615384615 0.056490384615384616
2 0.7199519230769231 0.3112980769230769 0.039663461538461536 0.04447115384615385
2 0.7259615384615384 0.734375 0.09375 0.140625
2 0.06850961538461539 0.39903846153846156 0.054086538461538464 0.06610576923076923
2 0.17908653846153846 0.4110576923076923 0.040865384615384616 0.055288461538461536
2 0.21634615384615385 0.3786057692307692 0.03485576923076923 0.05889423076923077
2 0.1141826923076923 0.7163461538461539 0.08173076923076923 0.1141826923076923
1 0.35096153846153844 0.640625 0.12259615384615384 0.09134615384615384
2 0.42427884615384615 0.41466346153846156 0.052884615384615384 0.08173076923076923
2 0.5492788461538461 0.36538461538461536 0.04326923076923077 0.051682692307692304
2 0.9014423076923077 0.44591346153846156 0.09375 0.11177884615384616
2 0.8064903846153846 0.40384615384615385 0.08774038461538461 0.10817307692307693
2 0.9579326923076923 0.2824519230769231 0.06370192307692307 0.06370192307692307
2 0.7944711538461539 0.5420673076923077 0.09014423076923077 0.09735576923076923
2 0.9747596153846154 0.515625 0.04927884615384615 0.11778846153846154
2 0.9711538461538461 0.6490384615384616 0.052884615384615384 0.11538461538461539
2 0.9603365384615384 0.7896634615384616 0.078125 0.1814903846153846
2 0.9230769230769231 0.9086538461538461 0.14903846153846154 0.1778846153846154
2 0.5853365384615384 0.6045673076923077 0.0829326923076923 0.08533653846153846
2 0.5048076923076923 0.8197115384615384 0.0829326923076923 0.13822115384615385
2 0.38221153846153844 0.4639423076923077 0.04326923076923077 0.0625
2 0.36778846153846156 0.7271634615384616 0.10216346153846154 0.12259615384615384
2 0.42788461538461536 0.7776442307692307 0.08533653846153846 0.11298076923076923
2 0.5649038461538461 0.8689903846153846 0.07932692307692307 0.11538461538461539
2 0.6201923076923077 0.9158653846153846 0.09254807692307693 0.12980769230769232
2 0.6802884615384616 0.8233173076923077 0.10336538461538461 0.13942307692307693
2 0.7379807692307693 0.15384615384615385 0.04447115384615385 0.04447115384615385
2 0.6454326923076923 0.140625 0.036057692307692304 0.04447115384615385
2 0.6069711538461539 0.16346153846153846 0.03485576923076923 0.04447115384615385
2 0.5721153846153846 0.44591346153846156 0.04927884615384615 0.04927884615384615
2 0.45072115384615385 0.2860576923076923 0.04447115384615385 0.06009615384615385