2 0.37259615384615385 0.49038461538461536 0.030048076923076924 0.052884615384615384
2 0.36177884615384615 0.4651442307692308 0.030048076923076924 0.054086538461538464
2 0.46153846153846156 0.26322115384615385 0.030048076923076924 0.04447115384615385
3 0.6201923076923077 0.07091346153846154 0.052884615384615384 0.07211538461538461
1 0.78125 0.4807692307692308 0.038461538461538464 0.11538461538461539
0 0.4338942307692308 0.7091346153846154 0.056490384615384616 0.1045673076923077
0 0.4735576923076923 0.8713942307692307 0.052884615384615384 0.10817307692307693
1 0.4963942307692308 0.9302884615384616 0.07572115384615384 0.13701923076923078
1 0.47716346153846156 0.8076923076923077 0.06129807692307692 0.07932692307692307
1 0.39783653846153844 0.1814903846153846 0.028846153846153848 0.036057692307692304
1 0.44350961538461536 0.1310096153846154 0.027644230769230768 0.055288461538461536
1 0.3762019230769231 0.2800480769230769 0.040865384615384616 0.04326923076923077
1 0.44711538461538464 0.4651442307692308 0.025240384615384616 0.039663461538461536
1 0.49399038461538464 0.3894230769230769 0.04447115384615385 0.04927884615384615
2 0.328125 0.5420673076923077 0.03365384615384615 0.052884615384615384
1 0.28966346153846156 0.65625 0.03245192307692308 0.14302884615384615
3 0.04326923076923077 0.8076923076923077 0.040865384615384616 0.08052884615384616