2 0.021634615384615384 0.3269230769230769 0.040865384615384616 0.07692307692307693
2 0.4963942307692308 0.47115384615384615 0.0625 0.10096153846153846
2 0.078125 0.42788461538461536 0.06009615384615385 0.07692307692307693
2 0.11658653846153846 0.35336538461538464 0.04447115384615385 0.0733173076923077
2 0.44471153846153844 0.46634615384615385 0.11057692307692307 0.15865384615384615
2 0.5132211538461539 0.5552884615384616 0.0673076923076923 0.08052884615384616
2 0.49038461538461536 0.609375 0.0673076923076923 0.08533653846153846
2 0.5817307692307693 0.7463942307692307 0.11658653846153846 0.140625
2 0.4230769230769231 0.9350961538461539 0.10576923076923077 0.12860576923076922
2 0.9603365384615384 0.8341346153846154 0.07451923076923077 0.18269230769230768
2 0.6838942307692307 0.39783653846153844 0.06129807692307692 0.07091346153846154
2 0.7596153846153846 0.3713942307692308 0.06490384615384616 0.07692307692307693
2 0.796875 0.28125 0.054086538461538464 0.06971153846153846
2 0.7235576923076923 0.22596153846153846 0.054086538461538464 0.0733173076923077
2 0.7259615384615384 0.2764423076923077 0.055288461538461536 0.0733173076923077
2 0.6237980769230769 0.17908653846153846 0.037259615384615384 0.052884615384615384
2 0.6141826923076923 0.12740384615384615 0.038461538461538464 0.0625
2 0.8798076923076923 0.28846153846153844 0.06009615384615385 0.06490384615384616
2 0.052884615384615384 0.5528846153846154 0.07211538461538461 0.09975961538461539
2 0.4362980769230769 0.8185096153846154 0.0829326923076923 0.11658653846153846
2 0.7427884615384616 0.4579326923076923 0.08173076923076923 0.0985576923076923
1 0.6165865384615384 0.35336538461538464 0.09495192307692307 0.06971153846153846
2 0.9014423076923077 0.6490384615384616 0.04326923076923077 0.0625
2 0.5072115384615384 0.7848557692307693 0.08052884615384616 0.13341346153846154
2 0.9242788461538461 0.39302884615384615 0.07211538461538461 0.10336538461538461