2 0.421875 0.7283653846153846 0.040865384615384616 0.08052884615384616
2 0.4014423076923077 0.6887019230769231 0.04567307692307692 0.07572115384615384
2 0.36658653846153844 0.8088942307692307 0.04326923076923077 0.08413461538461539
2 0.5240384615384616 0.4074519230769231 0.038461538461538464 0.06009615384615385
3 0.7223557692307693 0.16826923076923078 0.07091346153846154 0.0889423076923077
1 0.421875 0.2956730769230769 0.03485576923076923 0.04567307692307692
1 0.4831730769230769 0.23197115384615385 0.03365384615384615 0.06490384615384616
1 0.40384615384615385 0.4182692307692308 0.06129807692307692 0.05889423076923077
1 0.5288461538461539 0.7055288461538461 0.04807692307692308 0.08173076923076923
1 0.5961538461538461 0.6057692307692307 0.06971153846153846 0.07091346153846154
1 0.9867788461538461 0.7067307692307693 0.025240384615384616 0.0829326923076923
2 0.8088942307692307 0.08173076923076923 0.027644230769230768 0.038461538461538464
1 0.19831730769230768 0.4795673076923077 0.027644230769230768 0.07572115384615384
1 0.13221153846153846 0.5949519230769231 0.016826923076923076 0.06490384615384616