2 0.9375 0.6947115384615384 0.057692307692307696 0.055288461538461536
2 0.21634615384615385 0.41466346153846156 0.06370192307692307 0.0889423076923077
2 0.046875 0.4495192307692308 0.06129807692307692 0.05889423076923077
2 0.3004807692307692 0.31850961538461536 0.057692307692307696 0.08173076923076923
2 0.21875 0.06971153846153846 0.040865384615384616 0.06129807692307692
2 0.5492788461538461 0.12259615384615384 0.06009615384615385 0.06850961538461539
2 0.49399038461538464 0.3557692307692308 0.06850961538461539 0.11538461538461539
2 0.5865384615384616 0.3173076923076923 0.06610576923076923 0.10576923076923077
2 0.6850961538461539 0.27884615384615385 0.07572115384615384 0.11057692307692307
2 0.7115384615384616 0.1935096153846154 0.07091346153846154 0.08653846153846154
2 0.5516826923076923 0.6658653846153846 0.0829326923076923 0.15384615384615385
2 0.8016826923076923 0.7848557692307693 0.13221153846153846 0.2091346153846154
2 0.7259615384615384 0.36177884615384615 0.052884615384615384 0.06610576923076923
2 0.2956730769230769 0.14543269230769232 0.05048076923076923 0.06610576923076923
2 0.6346153846153846 0.37740384615384615 0.0625 0.10576923076923077