1 0.19831730769230768 0.44711538461538464 0.026442307692307692 0.07572115384615384
2 0.7692307692307693 0.0625 0.026442307692307692 0.038461538461538464
2 0.35216346153846156 0.7271634615384616 0.04447115384615385 0.07091346153846154
2 0.5 0.36538461538461536 0.038461538461538464 0.055288461538461536
3 0.6875 0.14182692307692307 0.06610576923076923 0.0889423076923077
1 0.41225961538461536 0.2644230769230769 0.030048076923076924 0.04927884615384615
1 0.4699519230769231 0.20072115384615385 0.027644230769230768 0.056490384615384616
1 0.3918269230769231 0.3858173076923077 0.057692307692307696 0.056490384615384616
1 0.5024038461538461 0.6310096153846154 0.042067307692307696 0.06610576923076923
1 0.5612980769230769 0.5408653846153846 0.06610576923076923 0.06610576923076923
0 0.515625 0.9615384615384616 0.07932692307692307 0.07211538461538461
1 0.9278846153846154 0.6310096153846154 0.06610576923076923 0.0889423076923077
2 0.3858173076923077 0.6262019230769231 0.040865384615384616 0.06850961538461539
2 0.40384615384615385 0.65625 0.040865384615384616 0.07211538461538461