1 0.953125 0.3557692307692308 0.09254807692307693 0.13221153846153846
2 0.5216346153846154 0.21634615384615385 0.04447115384615385 0.04807692307692308
2 0.5649038461538461 0.33413461538461536 0.04807692307692308 0.052884615384615384
2 0.6298076923076923 0.33774038461538464 0.04567307692307692 0.06490384615384616
2 0.7427884615384616 0.4326923076923077 0.06009615384615385 0.09014423076923077
2 0.8762019230769231 0.09495192307692307 0.052884615384615384 0.07692307692307693
2 0.5829326923076923 0.07932692307692307 0.04447115384615385 0.051682692307692304
2 0.2704326923076923 0.2127403846153846 0.04807692307692308 0.0673076923076923
2 0.3137019230769231 0.38822115384615385 0.04927884615384615 0.08653846153846154
2 0.2620192307692308 0.3713942307692308 0.04326923076923077 0.06850961538461539
2 0.6574519230769231 0.6274038461538461 0.0673076923076923 0.1141826923076923
2 0.5997596153846154 0.640625 0.078125 0.12379807692307693
2 0.4987980769230769 0.8954326923076923 0.05889423076923077 0.13341346153846154
2 0.5685096153846154 0.9098557692307693 0.06850961538461539 0.13581730769230768
2 0.7307692307692307 0.8293269230769231 0.0889423076923077 0.1502403846153846
2 0.7716346153846154 0.7271634615384616 0.07211538461538461 0.11899038461538461
3 0.8725961538461539 0.31971153846153844 0.11658653846153846 0.17427884615384615
2 0.9278846153846154 0.19230769230769232 0.040865384615384616 0.056490384615384616
2 0.7151442307692307 0.19110576923076922 0.04807692307692308 0.06129807692307692
2 0.41225961538461536 0.037259615384615384 0.037259615384615384 0.04447115384615385
2 0.34615384615384615 0.018028846153846152 0.038461538461538464 0.03245192307692308