3 0.8689903846153846 0.2764423076923077 0.10216346153846154 0.125
3 0.9795673076923077 0.09495192307692307 0.039663461538461536 0.08052884615384616
1 0.10096153846153846 0.7271634615384616 0.02403846153846154 0.10216346153846154
1 0.18028846153846154 0.5997596153846154 0.038461538461538464 0.09014423076923077
1 0.44591346153846156 0.5673076923076923 0.08533653846153846 0.0733173076923077
1 0.4651442307692308 0.4098557692307692 0.040865384615384616 0.06129807692307692
1 0.5444711538461539 0.33052884615384615 0.04447115384615385 0.09014423076923077
1 0.7560096153846154 0.890625 0.10697115384615384 0.12379807692307693
2 0.47475961538461536 0.9555288461538461 0.055288461538461536 0.08173076923076923
2 0.5132211538461539 0.9867788461538461 0.04567307692307692 0.021634615384615384
2 0.6189903846153846 0.5769230769230769 0.046875 0.07572115384615384
2 0.9807692307692307 0.1622596153846154 0.03365384615384615 0.06490384615384616
2 0.9567307692307693 0.057692307692307696 0.05889423076923077 0.06971153846153846