2 0.7163461538461539 0.45072115384615385 0.042067307692307696 0.030048076923076924
2 0.6514423076923077 0.6081730769230769 0.05048076923076923 0.055288461538461536
2 0.6069711538461539 0.4326923076923077 0.06850961538461539 0.10096153846153846
0 0.9158653846153846 0.3329326923076923 0.12980769230769232 0.18269230769230768
0 0.8064903846153846 0.47836538461538464 0.11177884615384616 0.1875
0 0.7668269230769231 0.6274038461538461 0.11778846153846154 0.1971153846153846
3 0.3473557692307692 0.8521634615384616 0.09254807692307693 0.1778846153846154
3 0.40384615384615385 0.6983173076923077 0.10576923076923077 0.15144230769230768
0 0.7512019230769231 0.9507211538461539 0.11298076923076923 0.09375
0 0.6875 0.8521634615384616 0.12620192307692307 0.234375
0 0.8064903846153846 0.8485576923076923 0.10576923076923077 0.20673076923076922
0 0.9242788461538461 0.8737980769230769 0.125 0.2091346153846154
0 0.890625 0.6899038461538461 0.11778846153846154 0.23557692307692307
0 0.96875 0.5973557692307693 0.06129807692307692 0.19471153846153846