2 0.5060096153846154 0.4375 0.0673076923076923 0.08173076923076923
2 0.5504807692307693 0.3317307692307692 0.046875 0.0733173076923077
2 0.9002403846153846 0.890625 0.08774038461538461 0.12860576923076922
2 0.9098557692307693 0.7920673076923077 0.09735576923076923 0.17427884615384615
2 0.8100961538461539 0.7439903846153846 0.16105769230769232 0.27163461538461536
2 0.4110576923076923 0.3942307692307692 0.04927884615384615 0.08052884615384616
2 0.4375 0.45072115384615385 0.052884615384615384 0.0673076923076923
2 0.36658653846153844 0.4723557692307692 0.052884615384615384 0.0733173076923077
2 0.13822115384615385 0.5024038461538461 0.06850961538461539 0.0733173076923077
2 0.2776442307692308 0.53125 0.055288461538461536 0.054086538461538464
2 0.9411057692307693 0.9326923076923077 0.11298076923076923 0.12980769230769232
2 0.47716346153846156 0.34375 0.052884615384615384 0.07572115384615384
2 0.4483173076923077 0.3112980769230769 0.042067307692307696 0.06850961538461539
2 0.3317307692307692 0.35096153846153844 0.046875 0.06971153846153846
2 0.43509615384615385 0.20793269230769232 0.03365384615384615 0.04567307692307692
2 0.5300480769230769 0.21153846153846154 0.03125 0.0625
2 0.2608173076923077 0.5036057692307693 0.051682692307692304 0.052884615384615384
2 0.8052884615384616 0.21754807692307693 0.04447115384615385 0.042067307692307696
2 0.17067307692307693 0.6598557692307693 0.07211538461538461 0.09254807692307693