1 0.9302884615384616 0.3076923076923077 0.10336538461538461 0.1141826923076923
2 0.24278846153846154 0.2536057692307692 0.056490384615384616 0.0673076923076923
2 0.11057692307692307 0.6213942307692307 0.052884615384615384 0.055288461538461536
2 0.28846153846153844 0.4182692307692308 0.056490384615384616 0.06971153846153846
2 0.23798076923076922 0.41225961538461536 0.052884615384615384 0.07692307692307693
2 0.4951923076923077 0.21634615384615385 0.052884615384615384 0.06009615384615385
2 0.5432692307692307 0.07932692307692307 0.038461538461538464 0.051682692307692304
2 0.3076923076923077 0.042067307692307696 0.038461538461538464 0.052884615384615384
2 0.37740384615384615 0.054086538461538464 0.039663461538461536 0.04927884615384615
2 0.5336538461538461 0.32572115384615385 0.05048076923076923 0.054086538461538464
2 0.5997596153846154 0.32211538461538464 0.046875 0.078125
2 0.7139423076923077 0.39903846153846156 0.06009615384615385 0.08052884615384616
2 0.8341346153846154 0.056490384615384616 0.052884615384615384 0.07091346153846154
3 0.8377403846153846 0.26802884615384615 0.12620192307692307 0.1658653846153846
2 0.6875 0.16947115384615385 0.055288461538461536 0.052884615384615384
2 0.6418269230769231 0.6081730769230769 0.07211538461538461 0.12259615384615384
2 0.5805288461538461 0.6298076923076923 0.08052884615384616 0.12259615384615384
2 0.4879807692307692 0.8990384615384616 0.057692307692307696 0.12860576923076922
2 0.5612980769230769 0.9050480769230769 0.07091346153846154 0.15745192307692307
2 0.71875 0.8076923076923077 0.09254807692307693 0.1346153846153846
2 0.7560096153846154 0.6947115384615384 0.07932692307692307 0.12740384615384615