2 0.8137019230769231 0.18629807692307693 0.03245192307692308 0.052884615384615384
1 0.49038461538461536 0.7572115384615384 0.11298076923076923 0.1045673076923077
2 0.5120192307692307 0.8425480769230769 0.1045673076923077 0.13822115384615385
2 0.38461538461538464 0.8269230769230769 0.05889423076923077 0.11899038461538461
2 0.06129807692307692 0.6057692307692307 0.055288461538461536 0.08052884615384616
2 0.027644230769230768 0.5588942307692307 0.04807692307692308 0.07932692307692307
2 0.5012019230769231 0.5576923076923077 0.04447115384615385 0.08413461538461539
2 0.5408653846153846 0.5084134615384616 0.052884615384615384 0.08052884615384616
2 0.5564903846153846 0.36177884615384615 0.055288461538461536 0.08533653846153846
2 0.6658653846153846 0.4651442307692308 0.05889423076923077 0.07451923076923077
2 0.6237980769230769 0.578125 0.06971153846153846 0.0985576923076923
2 0.6995192307692307 0.5600961538461539 0.06009615384615385 0.07451923076923077
2 0.7247596153846154 0.7427884615384616 0.0829326923076923 0.09735576923076923
2 0.6574519230769231 0.953125 0.08533653846153846 0.09254807692307693
2 0.5721153846153846 0.9182692307692307 0.09014423076923077 0.11298076923076923
2 0.9350961538461539 0.7091346153846154 0.08653846153846154 0.12259615384615384
2 0.8233173076923077 0.41466346153846156 0.042067307692307696 0.046875
2 0.84375 0.3954326923076923 0.040865384615384616 0.046875
2 0.8341346153846154 0.35697115384615385 0.04567307692307692 0.04567307692307692
2 0.6490384615384616 0.23677884615384615 0.037259615384615384 0.04567307692307692
2 0.30649038461538464 0.4050480769230769 0.036057692307692304 0.051682692307692304
2 0.26802884615384615 0.4483173076923077 0.04447115384615385 0.05048076923076923
2 0.15144230769230768 0.4170673076923077 0.042067307692307696 0.0625
2 0.8798076923076923 0.921875 0.12259615384615384 0.15504807692307693