1 0.9771634615384616 0.4987980769230769 0.04447115384615385 0.09975961538461539
2 0.6995192307692307 0.34375 0.06971153846153846 0.09134615384615384
0 0.859375 0.7716346153846154 0.1141826923076923 0.1875
3 0.052884615384615384 0.7163461538461539 0.07572115384615384 0.1875
3 0.4110576923076923 0.6826923076923077 0.09134615384615384 0.20432692307692307
3 0.4831730769230769 0.5300480769230769 0.10096153846153846 0.11778846153846154
0 0.734375 0.734375 0.11298076923076923 0.21153846153846154
0 0.7848557692307693 0.8918269230769231 0.08052884615384616 0.15504807692307693
0 0.8185096153846154 0.953125 0.08533653846153846 0.09134615384615384
0 0.9543269230769231 0.8088942307692307 0.08653846153846154 0.20432692307692307
0 0.953125 0.6538461538461539 0.0889423076923077 0.20673076923076922
0 0.8485576923076923 0.5528846153846154 0.11298076923076923 0.21153846153846154
0 0.9038461538461539 0.4098557692307692 0.13341346153846154 0.2091346153846154
0 0.9855769230769231 0.32211538461538464 0.027644230769230768 0.17067307692307693
2 0.8088942307692307 0.3798076923076923 0.042067307692307696 0.042067307692307696
2 0.7247596153846154 0.515625 0.04807692307692308 0.056490384615384616