2 0.9591346153846154 0.5877403846153846 0.055288461538461536 0.06971153846153846
2 0.13822115384615385 0.42908653846153844 0.036057692307692304 0.04567307692307692
2 0.10216346153846154 0.47716346153846156 0.042067307692307696 0.052884615384615384
2 0.15625 0.3557692307692308 0.03365384615384615 0.04447115384615385
2 0.35096153846153844 0.45072115384615385 0.038461538461538464 0.056490384615384616
2 0.390625 0.43990384615384615 0.03365384615384615 0.052884615384615384
2 0.41947115384615385 0.3629807692307692 0.036057692307692304 0.04807692307692308
2 0.4326923076923077 0.3173076923076923 0.036057692307692304 0.051682692307692304
2 0.45913461538461536 0.27163461538461536 0.02403846153846154 0.046875
2 0.5108173076923077 0.35336538461538464 0.03485576923076923 0.056490384615384616
2 0.4182692307692308 0.5348557692307693 0.046875 0.07211538461538461
2 0.3173076923076923 0.6730769230769231 0.036057692307692304 0.0625
2 0.35336538461538464 0.7572115384615384 0.04447115384615385 0.09014423076923077
2 0.43509615384615385 0.8629807692307693 0.042067307692307696 0.078125
2 0.4795673076923077 0.6995192307692307 0.04326923076923077 0.06850961538461539
2 0.5060096153846154 0.7091346153846154 0.038461538461538464 0.06610576923076923
2 0.5324519230769231 0.6322115384615384 0.04326923076923077 0.06610576923076923
2 0.5685096153846154 0.5925480769230769 0.040865384615384616 0.07572115384615384
2 0.53125 0.5661057692307693 0.038461538461538464 0.07211538461538461
2 0.5072115384615384 0.47596153846153844 0.038461538461538464 0.0625
2 0.5408653846153846 0.4963942307692308 0.04326923076923077 0.07451923076923077
2 0.6586538461538461 0.6935096153846154 0.05048076923076923 0.08052884615384616
2 0.8064903846153846 0.9182692307692307 0.06009615384615385 0.10697115384615384
2 0.8557692307692307 0.671875 0.09134615384615384 0.12980769230769232
2 0.9399038461538461 0.4807692307692308 0.046875 0.06610576923076923
2 0.6790865384615384 0.3161057692307692 0.03485576923076923 0.04567307692307692
2 0.2776442307692308 0.46153846153846156 0.036057692307692304 0.054086538461538464