3 0.296875 0.8329326923076923 0.09254807692307693 0.12740384615384615
3 0.11538461538461539 0.8040865384615384 0.09014423076923077 0.08533653846153846
3 0.18028846153846154 0.5925480769230769 0.07091346153846154 0.08653846153846154
3 0.35216346153846156 0.2824519230769231 0.08653846153846154 0.07572115384615384
3 0.24879807692307693 0.13581730769230768 0.08774038461538461 0.12860576923076922
3 0.33052884615384615 0.15144230769230768 0.09375 0.1310096153846154
3 0.41586538461538464 0.2548076923076923 0.054086538461538464 0.07211538461538461
0 0.6790865384615384 0.671875 0.04326923076923077 0.07451923076923077
0 0.6526442307692307 0.6538461538461539 0.037259615384615384 0.06370192307692307
0 0.6826923076923077 0.02283653846153846 0.036057692307692304 0.04447115384615385
0 0.6538461538461539 0.08774038461538461 0.03125 0.052884615384615384
0 0.6935096153846154 0.1310096153846154 0.02283653846153846 0.042067307692307696
0 0.7451923076923077 0.11298076923076923 0.020432692307692308 0.03245192307692308
0 0.7427884615384616 0.14423076923076922 0.016826923076923076 0.026442307692307692
3 0.6670673076923077 0.051682692307692304 0.02283653846153846 0.03125
3 0.7307692307692307 0.11899038461538461 0.021634615384615384 0.030048076923076924
3 0.7283653846153846 0.1466346153846154 0.021634615384615384 0.030048076923076924
3 0.7596153846153846 0.2091346153846154 0.016826923076923076 0.03485576923076923
0 0.78125 0.18629807692307693 0.02403846153846154 0.038461538461538464
0 0.7259615384615384 0.18870192307692307 0.01201923076923077 0.021634615384615384
3 0.7848557692307693 0.22235576923076922 0.02403846153846154 0.03485576923076923
3 0.8725961538461539 0.30408653846153844 0.03125 0.042067307692307696
0 0.8209134615384616 0.25721153846153844 0.016826923076923076 0.030048076923076924
0 0.8449519230769231 0.24879807692307693 0.021634615384615384 0.030048076923076924
0 0.8305288461538461 0.2824519230769231 0.020432692307692308 0.027644230769230768
0 0.8185096153846154 0.328125 0.020432692307692308 0.03125
0 0.7560096153846154 0.2608173076923077 0.021634615384615384 0.03365384615384615
0 0.7307692307692307 0.2403846153846154 0.03125 0.054086538461538464
0 0.7932692307692307 0.11057692307692307 0.014423076923076924 0.026442307692307692
3 0.8894230769230769 0.37259615384615385 0.02403846153846154 0.037259615384615384
3 0.9134615384615384 0.4206730769230769 0.02283653846153846 0.038461538461538464
3 0.9435096153846154 0.5084134615384616 0.02403846153846154 0.05048076923076923
3 0.9927884615384616 0.4675480769230769 0.009615384615384616 0.036057692307692304
3 0.9867788461538461 0.5120192307692307 0.02403846153846154 0.054086538461538464
3 0.9603365384615384 0.42427884615384615 0.039663461538461536 0.06370192307692307
0 0.9182692307692307 0.3858173076923077 0.030048076923076924 0.036057692307692304
0 0.9699519230769231 0.3798076923076923 0.03365384615384615 0.042067307692307696
0 0.75 0.3425480769230769 0.04326923076923077 0.046875
3 0.7764423076923077 0.33533653846153844 0.025240384615384616 0.025240384615384616
3 0.7391826923076923 0.4423076923076923 0.038461538461538464 0.054086538461538464
0 0.6778846153846154 0.34975961538461536 0.03365384615384615 0.04567307692307692
0 0.9411057692307693 0.6033653846153846 0.05048076923076923 0.06490384615384616
0 0.8894230769230769 0.7127403846153846 0.051682692307692304 0.06610576923076923
3 0.8449519230769231 0.6983173076923077 0.04807692307692308 0.0625
3 0.6490384615384616 0.21394230769230768 0.026442307692307692 0.052884615384615384
3 0.6081730769230769 0.25600961538461536 0.027644230769230768 0.09014423076923077
0 0.6322115384615384 0.25240384615384615 0.03485576923076923 0.0625
0 0.5829326923076923 0.34375 0.04927884615384615 0.07692307692307693
0 0.6694711538461539 0.4723557692307692 0.046875 0.0829326923076923
0 0.6502403846153846 0.5120192307692307 0.03365384615384615 0.0625
0 0.7788461538461539 0.5949519230769231 0.06009615384615385 0.09735576923076923
3 0.7271634615384616 0.5853365384615384 0.054086538461538464 0.0985576923076923
3 0.6911057692307693 0.5901442307692307 0.051682692307692304 0.08653846153846154
3 0.7211538461538461 0.6526442307692307 0.03485576923076923 0.0625
3 0.5973557692307693 0.5685096153846154 0.027644230769230768 0.0625
3 0.6201923076923077 0.39783653846153844 0.028846153846153848 0.09134615384615384
3 0.5865384615384616 0.6850961538461539 0.055288461538461536 0.08533653846153846
3 0.49759615384615385 0.375 0.0625 0.125
0 0.6622596153846154 0.5793269230769231 0.038461538461538464 0.057692307692307696
0 0.6394230769230769 0.6069711538461539 0.042067307692307696 0.09014423076923077
0 0.5504807692307693 0.4891826923076923 0.07692307692307693 0.1310096153846154
0 0.44591346153846156 0.7536057692307693 0.07572115384615384 0.11899038461538461