2 0.9591346153846154 0.9362980769230769 0.07692307692307693 0.12259615384615384
2 0.9675480769230769 0.34134615384615385 0.06009615384615385 0.1346153846153846
2 0.9411057692307693 0.040865384615384616 0.11658653846153846 0.078125
2 0.8401442307692307 0.10336538461538461 0.08774038461538461 0.07572115384615384
2 0.7668269230769231 0.36538461538461536 0.06129807692307692 0.11057692307692307
2 0.6983173076923077 0.18990384615384615 0.09975961538461539 0.0829326923076923
2 0.5600961538461539 0.0985576923076923 0.07572115384615384 0.0829326923076923
2 0.22596153846153846 0.22956730769230768 0.07451923076923077 0.10336538461538461
2 0.4110576923076923 0.18028846153846154 0.08413461538461539 0.11538461538461539
2 0.5336538461538461 0.5 0.09735576923076923 0.14302884615384615
2 0.45552884615384615 0.4651442307692308 0.08052884615384616 0.11057692307692307
2 0.27163461538461536 0.6237980769230769 0.051682692307692304 0.07692307692307693
2 0.11538461538461539 0.453125 0.07451923076923077 0.11298076923076923