2 0.19230769230769232 0.18509615384615385 0.08533653846153846 0.08653846153846154
2 0.056490384615384616 0.5997596153846154 0.051682692307692304 0.07211538461538461
2 0.5612980769230769 0.9507211538461539 0.1201923076923077 0.09735576923076923
2 0.5877403846153846 0.6887019230769231 0.07932692307692307 0.1310096153846154
2 0.7055288461538461 0.7632211538461539 0.10216346153846154 0.15745192307692307
2 0.9447115384615384 0.8533653846153846 0.10576923076923077 0.19230769230769232
2 0.6394230769230769 0.23197115384615385 0.08173076923076923 0.09134615384615384
2 0.22115384615384615 0.4206730769230769 0.08413461538461539 0.10336538461538461
2 0.2920673076923077 0.43990384615384615 0.09254807692307693 0.11057692307692307
2 0.3317307692307692 0.09254807692307693 0.06009615384615385 0.07692307692307693
2 0.4326923076923077 0.15865384615384615 0.07932692307692307 0.06850961538461539
2 0.4735576923076923 0.2764423076923077 0.051682692307692304 0.08173076923076923