2 0.5733173076923077 0.7824519230769231 0.052884615384615384 0.07692307692307693
2 0.7800480769230769 0.8930288461538461 0.07932692307692307 0.12620192307692307
2 0.020432692307692308 0.6442307692307693 0.036057692307692304 0.08653846153846154
2 0.3485576923076923 0.36899038461538464 0.03485576923076923 0.06971153846153846
2 0.28966346153846156 0.5985576923076923 0.046875 0.078125
2 0.3329326923076923 0.7091346153846154 0.046875 0.09014423076923077
2 0.5504807692307693 0.7512019230769231 0.08052884615384616 0.10697115384615384
2 0.5408653846153846 0.8978365384615384 0.140625 0.19110576923076922
2 0.640625 0.24278846153846154 0.06850961538461539 0.052884615384615384
2 0.640625 0.390625 0.042067307692307696 0.07211538461538461
2 0.6225961538461539 0.3557692307692308 0.03125 0.07692307692307693
2 0.7223557692307693 0.546875 0.11298076923076923 0.11538461538461539
2 0.8161057692307693 0.5973557692307693 0.13341346153846154 0.18990384615384615
3 0.40625 0.21394230769230768 0.056490384615384616 0.06009615384615385
3 0.515625 0.09615384615384616 0.04447115384615385 0.04807692307692308