3 0.31490384615384615 0.31009615384615385 0.03485576923076923 0.057692307692307696
2 0.13341346153846154 0.44471153846153844 0.02283653846153846 0.03245192307692308
0 0.984375 0.20192307692307693 0.030048076923076924 0.078125
0 0.9795673076923077 0.1201923076923077 0.036057692307692304 0.07692307692307693
2 0.9423076923076923 0.15264423076923078 0.040865384615384616 0.078125
2 0.7680288461538461 0.0985576923076923 0.03365384615384615 0.04447115384615385
2 0.5973557692307693 0.38100961538461536 0.037259615384615384 0.037259615384615384
2 0.1971153846153846 0.49278846153846156 0.02403846153846154 0.030048076923076924
2 0.23677884615384615 0.5168269230769231 0.028846153846153848 0.03245192307692308
2 0.18870192307692307 0.5661057692307693 0.027644230769230768 0.03245192307692308
2 0.16947115384615385 0.6213942307692307 0.03125 0.03125
2 0.31850961538461536 0.5745192307692307 0.026442307692307692 0.04807692307692308
2 0.31009615384615385 0.6165865384615384 0.03125 0.054086538461538464
3 0.2776442307692308 0.6129807692307693 0.052884615384615384 0.078125
1 0.24639423076923078 0.5757211538461539 0.030048076923076924 0.06009615384615385
3 0.4675480769230769 0.33052884615384615 0.036057692307692304 0.04326923076923077
3 0.4074519230769231 0.4254807692307692 0.040865384615384616 0.06490384615384616
3 0.4543269230769231 0.4519230769230769 0.06009615384615385 0.078125
3 0.8713942307692307 0.4074519230769231 0.13822115384615385 0.1045673076923077
3 0.9831730769230769 0.953125 0.03245192307692308 0.09134615384615384
3 0.4074519230769231 0.5769230769230769 0.0625 0.09615384615384616
3 0.5276442307692307 0.8149038461538461 0.13221153846153846 0.24639423076923078