2 0.06009615384615385 0.42908653846153844 0.05048076923076923 0.09014423076923077
2 0.06009615384615385 0.5552884615384616 0.055288461538461536 0.0889423076923077
2 0.71875 0.15865384615384615 0.040865384615384616 0.052884615384615384
2 0.7127403846153846 0.20793269230769232 0.042067307692307696 0.05889423076923077
2 0.4807692307692308 0.078125 0.055288461538461536 0.09014423076923077
2 0.4375 0.8954326923076923 0.0985576923076923 0.1778846153846154
2 0.8401442307692307 0.5925480769230769 0.06009615384615385 0.08052884615384616
2 0.9663461538461539 0.5192307692307693 0.0625 0.125
2 0.8629807692307693 0.3641826923076923 0.05048076923076923 0.09254807692307693
2 0.7584134615384616 0.4375 0.07211538461538461 0.09975961538461539
2 0.7091346153846154 0.38100961538461536 0.056490384615384616 0.08774038461538461
2 0.6610576923076923 0.3641826923076923 0.054086538461538464 0.09014423076923077
2 0.609375 0.3713942307692308 0.04927884615384615 0.08052884615384616
2 0.5973557692307693 0.4483173076923077 0.06850961538461539 0.09014423076923077
2 0.5288461538461539 0.4735576923076923 0.0625 0.09735576923076923
2 0.4014423076923077 0.49399038461538464 0.052884615384615384 0.07451923076923077
2 0.47836538461538464 0.37259615384615385 0.054086538461538464 0.08413461538461539
2 0.5384615384615384 0.2692307692307692 0.055288461538461536 0.06971153846153846
2 0.49038461538461536 0.5564903846153846 0.06971153846153846 0.10817307692307693