2 0.3918269230769231 0.8545673076923077 0.04927884615384615 0.09615384615384616
2 0.18990384615384615 0.6838942307692307 0.046875 0.07572115384615384
2 0.6298076923076923 0.13221153846153846 0.06009615384615385 0.07932692307692307
1 0.9447115384615384 0.7307692307692307 0.109375 0.12139423076923077
0 0.9795673076923077 0.25 0.039663461538461536 0.1778846153846154
0 0.9302884615384616 0.234375 0.08173076923076923 0.1466346153846154
1 0.9050480769230769 0.18990384615384615 0.13221153846153846 0.09134615384615384
3 0.04807692307692308 0.5240384615384616 0.06850961538461539 0.15985576923076922
3 0.36778846153846156 0.4495192307692308 0.08173076923076923 0.17427884615384615
3 0.42427884615384615 0.30528846153846156 0.10096153846153846 0.10336538461538461
0 0.6430288461538461 0.4266826923076923 0.10576923076923077 0.19471153846153846
0 0.6923076923076923 0.5661057692307693 0.11658653846153846 0.1971153846153846
0 0.7355769230769231 0.7151442307692307 0.09615384615384616 0.140625
0 0.7487980769230769 0.453125 0.09375 0.17548076923076922
0 0.8161057692307693 0.42908653846153844 0.10336538461538461 0.19230769230769232
0 0.8389423076923077 0.32572115384615385 0.10216346153846154 0.19471153846153846
0 0.7475961538461539 0.2692307692307692 0.11538461538461539 0.1814903846153846
0 0.7896634615384616 0.1502403846153846 0.11899038461538461 0.20432692307692307
1 0.4723557692307692 0.8125 0.10216346153846154 0.0673076923076923
1 0.8413461538461539 0.8197115384615384 0.1201923076923077 0.24519230769230768
0 0.8870192307692307 0.6310096153846154 0.06490384615384616 0.11658653846153846
0 0.9591346153846154 0.6442307692307693 0.07692307692307693 0.14903846153846154