2 0.39663461538461536 0.8810096153846154 0.10336538461538461 0.16826923076923078
0 0.8245192307692307 0.5 0.1502403846153846 0.22716346153846154
2 0.7259615384615384 0.5877403846153846 0.06850961538461539 0.07211538461538461
1 0.3233173076923077 0.1502403846153846 0.09134615384615384 0.08774038461538461
1 0.1814903846153846 0.140625 0.055288461538461536 0.05889423076923077
1 0.019230769230769232 0.5516826923076923 0.03245192307692308 0.11538461538461539
1 0.025240384615384616 0.6790865384615384 0.046875 0.05048076923076923
1 0.057692307692307696 0.6983173076923077 0.051682692307692304 0.08413461538461539
1 0.3918269230769231 0.25961538461538464 0.0889423076923077 0.08774038461538461
1 0.45552884615384615 0.11057692307692307 0.07932692307692307 0.06850961538461539
1 0.5072115384615384 0.0829326923076923 0.09014423076923077 0.08653846153846154