0 0.9603365384615384 0.7007211538461539 0.07572115384615384 0.12139423076923077
1 0.9158653846153846 0.25961538461538464 0.125 0.11057692307692307
2 0.6430288461538461 0.16706730769230768 0.06370192307692307 0.0829326923076923
2 0.484375 0.9519230769230769 0.0985576923076923 0.09495192307692307
2 0.40384615384615385 0.9050480769230769 0.04567307692307692 0.08413461538461539
3 0.43149038461538464 0.35336538461538464 0.10697115384615384 0.1310096153846154
3 0.3762019230769231 0.5012019230769231 0.08052884615384616 0.16947115384615385
3 0.051682692307692304 0.5661057692307693 0.06370192307692307 0.16105769230769232
1 0.48677884615384615 0.8725961538461539 0.0985576923076923 0.0673076923076923
0 0.8161057692307693 0.18629807692307693 0.11899038461538461 0.20552884615384615
0 0.7632211538461539 0.31850961538461536 0.109375 0.19230769230769232
0 0.9591346153846154 0.29447115384615385 0.07692307692307693 0.18028846153846154
0 0.8629807692307693 0.36778846153846156 0.09975961538461539 0.18990384615384615
0 0.8449519230769231 0.484375 0.09134615384615384 0.18990384615384615
0 0.7680288461538461 0.4963942307692308 0.08052884615384616 0.14543269230769232
0 0.7596153846153846 0.7776442307692307 0.08413461538461539 0.1310096153846154
0 0.7079326923076923 0.6237980769230769 0.09735576923076923 0.1778846153846154
0 0.6622596153846154 0.4795673076923077 0.10096153846153846 0.19471153846153846
2 0.6610576923076923 0.30649038461538464 0.04447115384615385 0.046875
1 0.8701923076923077 0.8762019230769231 0.12740384615384615 0.24639423076923078
1 0.9579326923076923 0.7956730769230769 0.07932692307692307 0.1201923076923077