0 0.7776442307692307 0.09014423076923077 0.03125 0.051682692307692304
0 0.7800480769230769 0.03125 0.03125 0.04447115384615385
2 0.20192307692307693 0.5444711538461539 0.02283653846153846 0.036057692307692304
2 0.1814903846153846 0.6081730769230769 0.028846153846153848 0.042067307692307696
1 0.3293269230769231 0.6262019230769231 0.05048076923076923 0.08413461538461539
3 0.3798076923076923 0.30408653846153844 0.03125 0.052884615384615384
3 0.40865384615384615 0.3088942307692308 0.039663461538461536 0.051682692307692304
3 0.359375 0.3786057692307692 0.04326923076923077 0.0625
3 0.9735576923076923 0.07572115384615384 0.04807692307692308 0.11778846153846154
3 0.6514423076923077 0.20552884615384615 0.07091346153846154 0.06850961538461539
3 0.671875 0.5024038461538461 0.05048076923076923 0.10096153846153846
3 0.41586538461538464 0.47475961538461536 0.07692307692307693 0.14302884615384615
3 0.6069711538461539 0.8918269230769231 0.1201923076923077 0.21394230769230768
2 0.6899038461538461 0.5588942307692307 0.040865384615384616 0.06009615384615385