2 0.30288461538461536 0.5072115384615384 0.052884615384615384 0.06009615384615385
2 0.5528846153846154 0.23677884615384615 0.028846153846153848 0.06490384615384616
2 0.46274038461538464 0.23557692307692307 0.037259615384615384 0.040865384615384616
2 0.47716346153846156 0.3329326923076923 0.040865384615384616 0.052884615384615384
2 0.5072115384615384 0.3545673076923077 0.05048076923076923 0.055288461538461536
2 0.5757211538461539 0.34375 0.054086538461538464 0.052884615384615384
2 0.8233173076923077 0.7151442307692307 0.17427884615384615 0.23557692307692307
2 0.9194711538461539 0.7572115384615384 0.11658653846153846 0.16346153846153846
2 0.9038461538461539 0.8509615384615384 0.10096153846153846 0.13581730769230768
2 0.9459134615384616 0.8966346153846154 0.10336538461538461 0.20673076923076922
2 0.39783653846153844 0.49158653846153844 0.056490384615384616 0.078125
2 0.4423076923076923 0.4182692307692308 0.04447115384615385 0.08173076923076923
2 0.4675480769230769 0.46153846153846156 0.052884615384615384 0.0829326923076923
2 0.31971153846153844 0.5420673076923077 0.057692307692307696 0.04807692307692308
2 0.18629807692307693 0.5144230769230769 0.06370192307692307 0.06610576923076923
2 0.3629807692307692 0.3798076923076923 0.04927884615384615 0.07211538461538461