2 0.6430288461538461 0.4807692307692308 0.038461538461538464 0.03125
2 0.5901442307692307 0.6526442307692307 0.051682692307692304 0.057692307692307696
2 0.5372596153846154 0.4795673076923077 0.06490384615384616 0.11057692307692307
1 0.8713942307692307 0.5288461538461539 0.18509615384615385 0.14423076923076922
0 0.8185096153846154 0.3401442307692308 0.1201923076923077 0.171875
0 0.9759615384615384 0.5649038461538461 0.046875 0.17307692307692307
0 0.9050480769230769 0.578125 0.10096153846153846 0.18990384615384615
0 0.7307692307692307 0.484375 0.10817307692307693 0.18990384615384615
0 0.7079326923076923 0.6454326923076923 0.12139423076923077 0.19471153846153846
0 0.8161057692307693 0.6754807692307693 0.10576923076923077 0.21514423076923078
0 0.8461538461538461 0.8545673076923077 0.12379807692307693 0.21394230769230768
0 0.7524038461538461 0.8557692307692307 0.09615384615384616 0.19110576923076922
0 0.7067307692307693 0.9615384615384616 0.10096153846153846 0.07211538461538461
0 0.6334134615384616 0.8882211538461539 0.125 0.22235576923076922
3 0.34975961538461536 0.7908653846153846 0.10216346153846154 0.17427884615384615