2 0.5372596153846154 0.6899038461538461 0.040865384615384616 0.078125
2 0.7235576923076923 0.765625 0.057692307692307696 0.109375
2 0.2764423076923077 0.5564903846153846 0.042067307692307696 0.07572115384615384
2 0.5120192307692307 0.7992788461538461 0.12139423076923077 0.15985576923076922
2 0.71875 0.8798076923076923 0.06490384615384616 0.12620192307692307
2 0.5048076923076923 0.6610576923076923 0.042067307692307696 0.09375
2 0.31850961538461536 0.6454326923076923 0.051682692307692304 0.09615384615384616
2 0.7572115384615384 0.5144230769230769 0.11057692307692307 0.15264423076923078
2 0.6730769230769231 0.46875 0.09254807692307693 0.10216346153846154
2 0.5913461538461539 0.3233173076923077 0.039663461538461536 0.07692307692307693
2 0.6081730769230769 0.34615384615384615 0.040865384615384616 0.078125
2 0.6165865384615384 0.21394230769230768 0.06009615384615385 0.06009615384615385
2 0.3269230769230769 0.3389423076923077 0.036057692307692304 0.054086538461538464
3 0.38822115384615385 0.19951923076923078 0.051682692307692304 0.04807692307692308
3 0.49399038461538464 0.08173076923076923 0.03485576923076923 0.03245192307692308