2 0.4411057692307692 0.3004807692307692 0.028846153846153848 0.04326923076923077
2 0.48197115384615385 0.2776442307692308 0.03485576923076923 0.036057692307692304
2 0.9735576923076923 0.4651442307692308 0.04807692307692308 0.06490384615384616
2 0.8954326923076923 0.9158653846153846 0.06971153846153846 0.10216346153846154
2 0.8629807692307693 0.9627403846153846 0.1201923076923077 0.06971153846153846
2 0.8533653846153846 0.3762019230769231 0.04447115384615385 0.0733173076923077
2 0.8798076923076923 0.35336538461538464 0.04927884615384615 0.0673076923076923
2 0.9122596153846154 0.3329326923076923 0.06009615384615385 0.0625
2 0.8737980769230769 0.4879807692307692 0.056490384615384616 0.07091346153846154
2 0.7908653846153846 0.3870192307692308 0.052884615384615384 0.06610576923076923
2 0.7463942307692307 0.3713942307692308 0.046875 0.05889423076923077
2 0.5528846153846154 0.40865384615384615 0.039663461538461536 0.042067307692307696
2 0.5793269230769231 0.36538461538461536 0.042067307692307696 0.054086538461538464
2 0.40024038461538464 0.7103365384615384 0.07091346153846154 0.07692307692307693
2 0.46274038461538464 0.9014423076923077 0.07451923076923077 0.1045673076923077
2 0.5048076923076923 0.8161057692307693 0.07211538461538461 0.10697115384615384
2 0.7235576923076923 0.71875 0.08533653846153846 0.12860576923076922
2 0.6875 0.8137019230769231 0.09254807692307693 0.11899038461538461
2 0.6310096153846154 0.9350961538461539 0.10697115384615384 0.12740384615384615
2 0.7247596153846154 0.8942307692307693 0.0829326923076923 0.12259615384615384
2 0.9447115384615384 0.6899038461538461 0.109375 0.12740384615384615
2 0.7524038461538461 0.5901442307692307 0.09615384615384616 0.11899038461538461
2 0.6802884615384616 0.5420673076923077 0.054086538461538464 0.08774038461538461
2 0.6105769230769231 0.4951923076923077 0.06129807692307692 0.09014423076923077
2 0.5805288461538461 0.6286057692307693 0.06971153846153846 0.0829326923076923
2 0.28125 0.5540865384615384 0.038461538461538464 0.06850961538461539
2 0.24759615384615385 0.6069711538461539 0.04927884615384615 0.05889423076923077
2 0.07572115384615384 0.5685096153846154 0.030048076923076924 0.039663461538461536
2 0.11177884615384616 0.5348557692307693 0.03245192307692308 0.051682692307692304
2 0.31850961538461536 0.4266826923076923 0.05048076923076923 0.06610576923076923
2 0.59375 0.265625 0.03485576923076923 0.05048076923076923
2 0.43990384615384615 0.2692307692307692 0.03365384615384615 0.036057692307692304
2 0.5913461538461539 0.21514423076923078 0.026442307692307692 0.04807692307692308