2 0.5060096153846154 0.6310096153846154 0.0733173076923077 0.09134615384615384
2 0.8894230769230769 0.390625 0.07572115384615384 0.06971153846153846
2 0.5240384615384616 0.8245192307692307 0.07932692307692307 0.14302884615384615
2 0.1971153846153846 0.1814903846153846 0.04927884615384615 0.0673076923076923
2 0.4651442307692308 0.4855769230769231 0.10697115384615384 0.14182692307692307
2 0.5336538461538461 0.578125 0.0625 0.08533653846153846
2 0.6009615384615384 0.7788461538461539 0.12980769230769232 0.16826923076923078
2 0.43028846153846156 0.9471153846153846 0.10576923076923077 0.1045673076923077
2 0.7536057692307693 0.30288461538461536 0.06850961538461539 0.07091346153846154
2 0.8305288461538461 0.29447115384615385 0.06009615384615385 0.07451923076923077
2 0.7524038461538461 0.23557692307692307 0.056490384615384616 0.06971153846153846
2 0.8197115384615384 0.20072115384615385 0.057692307692307696 0.06490384615384616
2 0.6418269230769231 0.13581730769230768 0.046875 0.06009615384615385
2 0.6454326923076923 0.1778846153846154 0.037259615384615384 0.05889423076923077
2 0.6658653846153846 0.22956730769230768 0.056490384615384616 0.06971153846153846
2 0.7091346153846154 0.4074519230769231 0.06850961538461539 0.07451923076923077
2 0.7728365384615384 0.4831730769230769 0.0733173076923077 0.08774038461538461
1 0.6430288461538461 0.3701923076923077 0.09735576923076923 0.06971153846153846
2 0.8233173076923077 0.5444711538461539 0.04326923076923077 0.051682692307692304
2 0.9435096153846154 0.6850961538461539 0.04447115384615385 0.07091346153846154
2 0.10216346153846154 0.4543269230769231 0.06610576923076923 0.07572115384615384
2 0.14423076923076922 0.38100961538461536 0.05048076923076923 0.07572115384615384
2 0.4495192307692308 0.8521634615384616 0.0985576923076923 0.12259615384615384
2 0.5192307692307693 0.5012019230769231 0.05889423076923077 0.10336538461538461