2 0.6959134615384616 0.5300480769230769 0.06490384615384616 0.09975961538461539
2 0.34615384615384615 0.53125 0.054086538461538464 0.0829326923076923
2 0.2800480769230769 0.6322115384615384 0.057692307692307696 0.09615384615384616
2 0.5829326923076923 0.8966346153846154 0.07572115384615384 0.140625
2 0.5264423076923077 0.5829326923076923 0.0673076923076923 0.13341346153846154
2 0.7115384615384616 0.4495192307692308 0.06370192307692307 0.08533653846153846
2 0.9399038461538461 0.2403846153846154 0.08173076923076923 0.11177884615384616
2 0.4651442307692308 0.2247596153846154 0.037259615384615384 0.06009615384615385
2 0.5709134615384616 0.3605769230769231 0.05048076923076923 0.06971153846153846
2 0.3401442307692308 0.12740384615384615 0.04447115384615385 0.05048076923076923
2 0.265625 0.2764423076923077 0.03365384615384615 0.056490384615384616
2 0.9146634615384616 0.9350961538461539 0.04807692307692308 0.0673076923076923
2 0.8581730769230769 0.04567307692307692 0.06610576923076923 0.055288461538461536