2 0.9290865384615384 0.4735576923076923 0.07211538461538461 0.06610576923076923
2 0.5889423076923077 0.2283653846153846 0.030048076923076924 0.040865384615384616
2 0.6322115384615384 0.22956730769230768 0.038461538461538464 0.03485576923076923
2 0.49158653846153844 0.23798076923076922 0.054086538461538464 0.07692307692307693
2 0.07932692307692307 0.46274038461538464 0.0733173076923077 0.11057692307692307
2 0.12139423076923077 0.3605769230769231 0.036057692307692304 0.055288461538461536
2 0.17427884615384615 0.3329326923076923 0.06370192307692307 0.07451923076923077
2 0.38221153846153844 0.3173076923076923 0.08173076923076923 0.09134615384615384
2 0.43509615384615385 0.6057692307692307 0.10817307692307693 0.16105769230769232
2 0.7620192307692307 0.6670673076923077 0.18629807692307693 0.2920673076923077
2 0.5913461538461539 0.16947115384615385 0.09014423076923077 0.09495192307692307
2 0.6189903846153846 0.09375 0.0673076923076923 0.08533653846153846
2 0.19110576923076922 0.18629807692307693 0.04927884615384615 0.06850961538461539
2 0.5408653846153846 0.27163461538461536 0.055288461538461536 0.0985576923076923