3 0.5444711538461539 0.9651442307692307 0.025240384615384616 0.04807692307692308
3 0.5997596153846154 0.9495192307692307 0.03245192307692308 0.052884615384615384
3 0.6694711538461539 0.8822115384615384 0.052884615384615384 0.0829326923076923
2 0.8305288461538461 0.7403846153846154 0.04567307692307692 0.05889423076923077
2 0.3629807692307692 0.3713942307692308 0.027644230769230768 0.040865384615384616
2 0.4891826923076923 0.14543269230769232 0.02403846153846154 0.040865384615384616
0 0.35697115384615385 0.703125 0.05048076923076923 0.08052884615384616
0 0.36538461538461536 0.6334134615384616 0.040865384615384616 0.07692307692307693
0 0.4326923076923077 0.4951923076923077 0.04447115384615385 0.08413461538461539
0 0.4639423076923077 0.6286057692307693 0.04567307692307692 0.0829326923076923
0 0.39903846153846156 0.8425480769230769 0.04927884615384615 0.08653846153846154
1 0.3245192307692308 0.4579326923076923 0.028846153846153848 0.09495192307692307
1 0.4639423076923077 0.5745192307692307 0.046875 0.052884615384615384
1 0.45913461538461536 0.3125 0.021634615384615384 0.03365384615384615
1 0.5036057692307693 0.25240384615384615 0.038461538461538464 0.038461538461538464
1 0.41586538461538464 0.1658653846153846 0.03485576923076923 0.03485576923076923
1 0.48197115384615385 0.036057692307692304 0.02403846153846154 0.046875
1 0.4411057692307692 0.0733173076923077 0.019230769230769232 0.036057692307692304