2 0.49399038461538464 0.546875 0.03485576923076923 0.04326923076923077
1 0.7776442307692307 0.5180288461538461 0.06971153846153846 0.08413461538461539
2 0.8545673076923077 0.6466346153846154 0.057692307692307696 0.0625
0 0.12379807692307693 0.6862980769230769 0.0733173076923077 0.09254807692307693
3 0.30288461538461536 0.23076923076923078 0.04927884615384615 0.07091346153846154
3 0.39783653846153844 0.8185096153846154 0.056490384615384616 0.11177884615384616
2 0.90625 0.8918269230769231 0.0673076923076923 0.10697115384615384
2 0.90625 0.7608173076923077 0.06490384615384616 0.09735576923076923
2 0.7115384615384616 0.8533653846153846 0.042067307692307696 0.06610576923076923
2 0.4387019230769231 0.9735576923076923 0.040865384615384616 0.04807692307692308
3 0.90625 0.27403846153846156 0.056490384615384616 0.078125
3 0.9110576923076923 0.10817307692307693 0.057692307692307696 0.07572115384615384
3 0.3858173076923077 0.6466346153846154 0.039663461538461536 0.08052884615384616
3 0.9495192307692307 0.48677884615384615 0.055288461538461536 0.0733173076923077