2 0.9747596153846154 0.4639423076923077 0.04927884615384615 0.057692307692307696
3 0.9483173076923077 0.3389423076923077 0.0985576923076923 0.09615384615384616
2 0.8990384615384616 0.4987980769230769 0.0625 0.06490384615384616
2 0.8269230769230769 0.5024038461538461 0.078125 0.08173076923076923
2 0.8846153846153846 0.7704326923076923 0.06971153846153846 0.11298076923076923
2 0.8149038461538461 0.6766826923076923 0.03125 0.040865384615384616
2 0.7620192307692307 0.6959134615384616 0.0673076923076923 0.09975961538461539
2 0.5 0.9146634615384616 0.054086538461538464 0.0889423076923077
2 0.7536057692307693 0.5348557692307693 0.025240384615384616 0.03125
2 0.6995192307692307 0.5108173076923077 0.06610576923076923 0.07932692307692307
2 0.5552884615384616 0.30528846153846156 0.042067307692307696 0.04807692307692308
2 0.09254807692307693 0.15865384615384615 0.03365384615384615 0.051682692307692304
2 0.4266826923076923 0.36899038461538464 0.04447115384615385 0.051682692307692304
2 0.4807692307692308 0.5084134615384616 0.03125 0.040865384615384616