2 0.109375 0.47836538461538464 0.054086538461538464 0.0829326923076923
2 0.040865384615384616 0.5336538461538461 0.04326923076923077 0.056490384615384616
2 0.296875 0.4699519230769231 0.040865384615384616 0.07451923076923077
2 0.3088942307692308 0.5865384615384616 0.05048076923076923 0.09014423076923077
2 0.6502403846153846 0.27884615384615385 0.056490384615384616 0.08653846153846154
2 0.6370192307692307 0.23197115384615385 0.051682692307692304 0.09014423076923077
2 0.6947115384615384 0.09735576923076923 0.07091346153846154 0.06009615384615385
2 0.6923076923076923 0.4831730769230769 0.125 0.14903846153846154
2 0.7716346153846154 0.5709134615384616 0.15504807692307693 0.2439903846153846
2 0.6658653846153846 0.9110576923076923 0.10216346153846154 0.17548076923076922
2 0.49759615384615385 0.7235576923076923 0.040865384615384616 0.05889423076923077
2 0.4639423076923077 0.6742788461538461 0.046875 0.1141826923076923
2 0.44350961538461536 0.859375 0.13942307692307693 0.19951923076923078
3 0.4723557692307692 0.052884615384615384 0.05889423076923077 0.052884615384615384
2 0.20552884615384615 0.6346153846153846 0.036057692307692304 0.052884615384615384
3 0.028846153846153848 0.6526442307692307 0.054086538461538464 0.12860576923076922
2 0.38461538461538464 0.22716346153846154 0.04326923076923077 0.06490384615384616