1 0.8028846153846154 0.9591346153846154 0.09375 0.08052884615384616
2 0.07091346153846154 0.8305288461538461 0.06370192307692307 0.1045673076923077
0 0.9711538461538461 0.13701923076923078 0.052884615384615384 0.1971153846153846
0 0.9038461538461539 0.12860576923076922 0.09735576923076923 0.17307692307692307
0 0.8052884615384616 0.12620192307692307 0.11057692307692307 0.15625
1 0.7872596153846154 0.09615384615384616 0.17307692307692307 0.09014423076923077
0 0.6334134615384616 0.16706730769230768 0.09615384615384616 0.16826923076923078
0 0.7199519230769231 0.19591346153846154 0.08653846153846154 0.15985576923076922
0 0.6862980769230769 0.27524038461538464 0.07451923076923077 0.14543269230769232
0 0.6370192307692307 0.32091346153846156 0.0673076923076923 0.1346153846153846
0 0.6346153846153846 0.5637019230769231 0.078125 0.14182692307692307
0 0.5877403846153846 0.43509615384615385 0.0889423076923077 0.17307692307692307
0 0.5456730769230769 0.31009615384615385 0.09375 0.17908653846153846
2 0.546875 0.0625 0.056490384615384616 0.07091346153846154
2 0.13822115384615385 0.6165865384615384 0.04807692307692308 0.09254807692307693
3 0.30528846153846156 0.36177884615384615 0.0673076923076923 0.1466346153846154
3 0.3581730769230769 0.22716346153846154 0.09495192307692307 0.09975961538461539
1 0.6237980769230769 0.8810096153846154 0.11658653846153846 0.13942307692307693
1 0.7175480769230769 0.6346153846153846 0.11057692307692307 0.23798076923076922
0 0.7512019230769231 0.453125 0.06971153846153846 0.1310096153846154
0 0.8233173076923077 0.46634615384615385 0.0733173076923077 0.12980769230769232
0 0.953125 0.43028846153846156 0.06971153846153846 0.1466346153846154
1 0.8257211538461539 0.5264423076923077 0.12139423076923077 0.17427884615384615
1 0.4014423076923077 0.6826923076923077 0.09615384615384616 0.0673076923076923
2 0.9495192307692307 0.8737980769230769 0.09615384615384616 0.1658653846153846