2 0.48677884615384615 0.2548076923076923 0.030048076923076924 0.039663461538461536
2 0.5901442307692307 0.19831730769230768 0.028846153846153848 0.04807692307692308
2 0.5973557692307693 0.24158653846153846 0.036057692307692304 0.04807692307692308
2 0.2548076923076923 0.5649038461538461 0.04927884615384615 0.06490384615384616
2 0.6286057692307693 0.8798076923076923 0.09615384615384616 0.13822115384615385
2 0.7199519230769231 0.8341346153846154 0.0829326923076923 0.12259615384615384
2 0.8605769230769231 0.921875 0.12139423076923077 0.12259615384615384
2 0.9290865384615384 0.6346153846153846 0.10576923076923077 0.10817307692307693
2 0.75 0.5492788461538461 0.09134615384615384 0.11778846153846154
2 0.7211538461538461 0.6634615384615384 0.08052884615384616 0.11538461538461539
2 0.5132211538461539 0.7536057692307693 0.07211538461538461 0.10336538461538461
2 0.4651442307692308 0.8365384615384616 0.08173076923076923 0.11538461538461539
2 0.5805288461538461 0.5841346153846154 0.07091346153846154 0.07692307692307693
2 0.6081730769230769 0.4567307692307692 0.06850961538461539 0.09254807692307693
2 0.6766826923076923 0.49038461538461536 0.07692307692307693 0.09495192307692307
2 0.8689903846153846 0.4423076923076923 0.054086538461538464 0.07091346153846154
2 0.9086538461538461 0.2980769230769231 0.057692307692307696 0.06971153846153846
2 0.8569711538461539 0.34975961538461536 0.057692307692307696 0.0673076923076923
2 0.8713942307692307 0.3233173076923077 0.04927884615384615 0.0625
2 0.7439903846153846 0.3389423076923077 0.042067307692307696 0.052884615384615384
2 0.5829326923076923 0.34375 0.04326923076923077 0.04807692307692308
2 0.5564903846153846 0.38221153846153844 0.042067307692307696 0.040865384615384616
2 0.3233173076923077 0.4014423076923077 0.056490384615384616 0.07091346153846154
2 0.28846153846153844 0.5180288461538461 0.040865384615384616 0.07451923076923077
2 0.4050480769230769 0.6742788461538461 0.06009615384615385 0.07692307692307693
2 0.12259615384615384 0.5 0.036057692307692304 0.0673076923076923
2 0.026442307692307692 0.8173076923076923 0.051682692307692304 0.11057692307692307
2 0.44471153846153844 0.24278846153846154 0.040865384615384616 0.040865384615384616
2 0.40384615384615385 0.9098557692307693 0.06490384615384616 0.11057692307692307
2 0.44711538461538464 0.2764423076923077 0.027644230769230768 0.038461538461538464