2 0.06610576923076923 0.8149038461538461 0.06971153846153846 0.12139423076923077
2 0.5769230769230769 0.9435096153846154 0.08173076923076923 0.10817307692307693
1 0.7704326923076923 0.9122596153846154 0.09254807692307693 0.09735576923076923
0 0.7980769230769231 0.43509615384615385 0.07692307692307693 0.12620192307692307
0 0.7379807692307693 0.41947115384615385 0.06009615384615385 0.11658653846153846
1 0.7956730769230769 0.4987980769230769 0.11778846153846154 0.1658653846153846
1 0.7055288461538461 0.5757211538461539 0.13221153846153846 0.2704326923076923
0 0.953125 0.10576923076923077 0.09254807692307693 0.203125
0 0.8617788461538461 0.11298076923076923 0.09134615384615384 0.1814903846153846
0 0.7788461538461539 0.11298076923076923 0.09375 0.17908653846153846
0 0.6105769230769231 0.14903846153846154 0.09014423076923077 0.17427884615384615
0 0.6923076923076923 0.171875 0.07932692307692307 0.15264423076923078
0 0.6550480769230769 0.25721153846153844 0.07211538461538461 0.14903846153846154
0 0.6105769230769231 0.29086538461538464 0.06610576923076923 0.12620192307692307
0 0.6069711538461539 0.5300480769230769 0.0673076923076923 0.140625
0 0.5649038461538461 0.4098557692307692 0.07572115384615384 0.18028846153846154
0 0.5288461538461539 0.28846153846153844 0.08653846153846154 0.16826923076923078
3 0.34975961538461536 0.21153846153846154 0.09014423076923077 0.0985576923076923
3 0.2980769230769231 0.3389423076923077 0.0625 0.13942307692307693
0 0.9194711538461539 0.3894230769230769 0.0889423076923077 0.18629807692307693
1 0.6009615384615384 0.828125 0.10697115384615384 0.12980769230769232
2 0.3161057692307692 0.6959134615384616 0.04326923076923077 0.07692307692307693
1 0.38822115384615385 0.6526442307692307 0.0889423076923077 0.06009615384615385
2 0.9134615384615384 0.8173076923076923 0.09254807692307693 0.15985576923076922
2 0.9759615384615384 0.9230769230769231 0.04326923076923077 0.11538461538461539
2 0.9735576923076923 0.7728365384615384 0.04807692307692308 0.08413461538461539
2 0.5324519230769231 0.051682692307692304 0.055288461538461536 0.06850961538461539
2 0.5997596153846154 0.030048076923076924 0.046875 0.04807692307692308
2 0.140625 0.59375 0.05048076923076923 0.08413461538461539