2 0.9735576923076923 0.5024038461538461 0.051682692307692304 0.057692307692307696
3 0.9459134615384616 0.37740384615384615 0.10216346153846154 0.09014423076923077
2 0.7560096153846154 0.5841346153846154 0.027644230769230768 0.026442307692307692
2 0.7055288461538461 0.5564903846153846 0.06610576923076923 0.08653846153846154
2 0.8954326923076923 0.5396634615384616 0.056490384615384616 0.06009615384615385
2 0.8269230769230769 0.546875 0.07572115384615384 0.08052884615384616
2 0.8173076923076923 0.7259615384615384 0.037259615384615384 0.04326923076923077
2 0.8882211538461539 0.8185096153846154 0.07211538461538461 0.11538461538461539
2 0.7680288461538461 0.7463942307692307 0.06971153846153846 0.09495192307692307
2 0.5192307692307693 0.9639423076923077 0.037259615384615384 0.054086538461538464
2 0.43149038461538464 0.421875 0.04807692307692308 0.051682692307692304
2 0.49038461538461536 0.5637019230769231 0.03485576923076923 0.036057692307692304
2 0.09615384615384616 0.21514423076923078 0.03365384615384615 0.046875
2 0.5564903846153846 0.35336538461538464 0.036057692307692304 0.038461538461538464