0 0.5300480769230769 0.5384615384615384 0.04807692307692308 0.09254807692307693
0 0.7115384615384616 0.6129807692307693 0.0733173076923077 0.11057692307692307
0 0.5817307692307693 0.5901442307692307 0.0625 0.10576923076923077
0 0.4699519230769231 0.5456730769230769 0.054086538461538464 0.09975961538461539
0 0.3004807692307692 0.27163461538461536 0.07692307692307693 0.09254807692307693
0 0.25721153846153844 0.17427884615384615 0.07572115384615384 0.09495192307692307
0 0.11538461538461539 0.07211538461538461 0.11899038461538461 0.0829326923076923
0 0.8329326923076923 0.2439903846153846 0.055288461538461536 0.0625
0 0.9038461538461539 0.18990384615384615 0.037259615384615384 0.04927884615384615
0 0.9435096153846154 0.24759615384615385 0.02403846153846154 0.036057692307692304
0 0.8822115384615384 0.13942307692307693 0.027644230769230768 0.03365384615384615
3 0.2283653846153846 0.6586538461538461 0.10216346153846154 0.125
3 0.2824519230769231 0.35216346153846156 0.08413461538461539 0.0829326923076923
3 0.4170673076923077 0.5649038461538461 0.06971153846153846 0.10336538461538461
3 0.5961538461538461 0.5420673076923077 0.06129807692307692 0.08774038461538461
3 0.6586538461538461 0.5492788461538461 0.05889423076923077 0.06610576923076923
3 0.8112980769230769 0.8497596153846154 0.08052884615384616 0.15264423076923078
3 0.8942307692307693 0.8305288461538461 0.11057692307692307 0.12740384615384615
3 0.96875 0.9074519230769231 0.06129807692307692 0.1346153846153846
3 0.8617788461538461 0.5144230769230769 0.07091346153846154 0.1045673076923077
3 0.8209134615384616 0.6838942307692307 0.06490384615384616 0.09254807692307693
3 0.953125 0.5564903846153846 0.078125 0.0673076923076923
3 0.9627403846153846 0.34975961538461536 0.0673076923076923 0.07451923076923077