3 0.18629807692307693 0.8185096153846154 0.11778846153846154 0.140625
0 0.6862980769230769 0.9122596153846154 0.08413461538461539 0.11658653846153846
0 0.7235576923076923 0.78125 0.06971153846153846 0.07211538461538461
0 0.671875 0.7211538461538461 0.051682692307692304 0.10336538461538461
0 0.7776442307692307 0.6790865384615384 0.08173076923076923 0.12379807692307693
0 0.7776442307692307 0.4651442307692308 0.07692307692307693 0.12139423076923077
0 0.6947115384615384 0.5288461538461539 0.0625 0.10817307692307693
0 0.5600961538461539 0.7992788461538461 0.1141826923076923 0.12139423076923077
0 0.45913461538461536 0.8497596153846154 0.056490384615384616 0.10336538461538461
0 0.4723557692307692 0.6634615384615384 0.078125 0.09615384615384616
0 0.3293269230769231 0.6646634615384616 0.06129807692307692 0.11298076923076923
0 0.2247596153846154 0.7007211538461539 0.0733173076923077 0.11899038461538461
0 0.27884615384615385 0.5817307692307693 0.0733173076923077 0.14543269230769232
0 0.359375 0.47836538461538464 0.07692307692307693 0.19471153846153846
0 0.5661057692307693 0.2932692307692308 0.06490384615384616 0.11298076923076923
0 0.6935096153846154 0.21033653846153846 0.06971153846153846 0.0889423076923077
0 0.41225961538461536 0.13942307692307693 0.06610576923076923 0.11057692307692307
0 0.35697115384615385 0.23557692307692307 0.046875 0.07211538461538461
0 0.171875 0.3701923076923077 0.0625 0.10336538461538461
0 0.19471153846153846 0.25240384615384615 0.07932692307692307 0.11298076923076923
0 0.25600961538461536 0.08533653846153846 0.04807692307692308 0.07211538461538461