3 0.37740384615384615 0.6610576923076923 0.057692307692307696 0.09254807692307693
3 0.3545673076923077 0.5793269230769231 0.05048076923076923 0.09254807692307693
0 0.53125 0.41466346153846156 0.03125 0.06610576923076923
0 0.31009615384615385 0.3713942307692308 0.046875 0.08653846153846154
0 0.23197115384615385 0.3557692307692308 0.03125 0.06971153846153846
0 0.038461538461538464 0.3713942307692308 0.042067307692307696 0.056490384615384616
0 0.6899038461538461 0.5096153846153846 0.036057692307692304 0.06370192307692307
0 0.7235576923076923 0.5685096153846154 0.038461538461538464 0.056490384615384616
0 0.7451923076923077 0.7848557692307693 0.05048076923076923 0.06850961538461539
0 0.46634615384615385 0.9158653846153846 0.04447115384615385 0.07932692307692307
1 0.1346153846153846 0.3713942307692308 0.09495192307692307 0.06971153846153846