2 0.36899038461538464 0.5985576923076923 0.03245192307692308 0.038461538461538464
2 0.14543269230769232 0.23197115384615385 0.051682692307692304 0.057692307692307696
2 0.28365384615384615 0.27163461538461536 0.055288461538461536 0.07572115384615384
0 0.7524038461538461 0.33774038461538464 0.06009615384615385 0.10697115384615384
2 0.5709134615384616 0.052884615384615384 0.025240384615384616 0.054086538461538464
2 0.5228365384615384 0.18870192307692307 0.038461538461538464 0.03365384615384615
2 0.7740384615384616 0.18269230769230768 0.03485576923076923 0.056490384615384616
2 0.5120192307692307 0.3641826923076923 0.027644230769230768 0.07451923076923077
2 0.6862980769230769 0.6802884615384616 0.030048076923076924 0.078125
2 0.5564903846153846 0.84375 0.039663461538461536 0.054086538461538464
2 0.671875 0.7487980769230769 0.030048076923076924 0.0673076923076923