1 0.5637019230769231 0.42427884615384615 0.12620192307692307 0.20793269230769232
1 0.6887019230769231 0.5853365384615384 0.22355769230769232 0.1875
1 0.5180288461538461 0.6550480769230769 0.10336538461538461 0.35336538461538464
1 0.3581730769230769 0.4098557692307692 0.12139423076923077 0.07932692307692307
2 0.44350961538461536 0.4362980769230769 0.10697115384615384 0.06610576923076923
2 0.3605769230769231 0.5324519230769231 0.11778846153846154 0.11658653846153846
2 0.3641826923076923 0.6430288461538461 0.14302884615384615 0.1658653846153846
2 0.33774038461538464 0.8942307692307693 0.20793269230769232 0.20793269230769232
2 0.7644230769230769 0.3401442307692308 0.12139423076923077 0.15264423076923078
2 0.8064903846153846 0.47475961538461536 0.1346153846153846 0.140625
2 0.8569711538461539 0.054086538461538464 0.07211538461538461 0.06370192307692307
2 0.8605769230769231 0.1622596153846154 0.0829326923076923 0.11658653846153846
2 0.9471153846153846 0.1466346153846154 0.09134615384615384 0.10096153846153846
2 0.8870192307692307 0.6526442307692307 0.18389423076923078 0.20552884615384615
2 0.9675480769230769 0.5769230769230769 0.0625 0.19471153846153846
1 0.9338942307692307 0.9134615384615384 0.1310096153846154 0.16826923076923078
2 0.828125 0.9555288461538461 0.15985576923076922 0.08413461538461539