3 0.9615384615384616 0.4855769230769231 0.07572115384615384 0.0829326923076923
0 0.7259615384615384 0.2620192307692308 0.02403846153846154 0.036057692307692304
0 0.7512019230769231 0.2536057692307692 0.025240384615384616 0.038461538461538464
0 0.9387019230769231 0.2704326923076923 0.03485576923076923 0.042067307692307696
0 0.5913461538461539 0.3954326923076923 0.02283653846153846 0.030048076923076924
0 0.5961538461538461 0.33653846153846156 0.027644230769230768 0.038461538461538464
0 0.5348557692307693 0.38461538461538464 0.025240384615384616 0.03485576923076923
0 0.23076923076923078 0.7319711538461539 0.02283653846153846 0.037259615384615384
0 0.4338942307692308 0.5396634615384616 0.025240384615384616 0.046875
0 0.5240384615384616 0.6033653846153846 0.040865384615384616 0.046875
0 0.5961538461538461 0.6862980769230769 0.038461538461538464 0.06610576923076923
0 0.7439903846153846 0.49399038461538464 0.037259615384615384 0.05048076923076923
0 0.9375 0.5709134615384616 0.04567307692307692 0.078125
1 0.9338942307692307 0.6550480769230769 0.1310096153846154 0.09975961538461539
1 0.6983173076923077 0.890625 0.0985576923076923 0.10817307692307693
0 0.6394230769230769 0.8245192307692307 0.03485576923076923 0.06850961538461539
0 0.37259615384615385 0.9759615384615384 0.05048076923076923 0.04567307692307692