1 0.9651442307692307 0.5456730769230769 0.06490384615384616 0.0673076923076923
2 0.5444711538461539 0.27884615384615385 0.04447115384615385 0.07091346153846154
2 0.34134615384615385 0.2956730769230769 0.04326923076923077 0.0625
2 0.296875 0.4735576923076923 0.04807692307692308 0.05889423076923077
2 0.37740384615384615 0.4254807692307692 0.054086538461538464 0.07692307692307693
2 0.40865384615384615 0.3557692307692308 0.04807692307692308 0.07572115384615384
2 0.43509615384615385 0.39302884615384615 0.04326923076923077 0.078125
2 0.84375 0.7944711538461539 0.08413461538461539 0.10817307692307693
2 0.8064903846153846 0.7391826923076923 0.07451923076923077 0.10817307692307693
2 0.8269230769230769 0.671875 0.07211538461538461 0.12860576923076922
2 0.7536057692307693 0.6370192307692307 0.12379807692307693 0.21153846153846154
2 0.4567307692307692 0.921875 0.10096153846153846 0.15144230769230768
2 0.1658653846153846 0.44591346153846156 0.06370192307692307 0.07211538461538461
2 0.03485576923076923 0.7872596153846154 0.0673076923076923 0.09735576923076923
2 0.28365384615384615 0.4423076923076923 0.04807692307692308 0.04447115384615385
2 0.4807692307692308 0.28125 0.05048076923076923 0.054086538461538464
2 0.45072115384615385 0.25721153846153844 0.037259615384615384 0.039663461538461536
2 0.4326923076923077 0.16105769230769232 0.04326923076923077 0.055288461538461536
2 0.46875 0.11899038461538461 0.046875 0.038461538461538464
2 0.5228365384615384 0.16706730769230768 0.03245192307692308 0.06129807692307692
2 0.18629807692307693 0.16346153846153846 0.038461538461538464 0.046875