2 0.20673076923076922 0.8918269230769231 0.042067307692307696 0.046875
2 0.21153846153846154 0.6129807692307693 0.03245192307692308 0.05048076923076923
1 0.8052884615384616 0.6658653846153846 0.09495192307692307 0.2283653846153846
1 0.5456730769230769 0.7415865384615384 0.11538461538461539 0.12740384615384615
0 0.3605769230769231 0.5216346153846154 0.037259615384615384 0.046875
0 0.3473557692307692 0.5625 0.026442307692307692 0.054086538461538464
0 0.34134615384615385 0.6298076923076923 0.027644230769230768 0.05889423076923077
0 0.5384615384615384 0.36177884615384615 0.046875 0.0673076923076923
0 0.5276442307692307 0.24519230769230768 0.027644230769230768 0.055288461538461536
0 0.5180288461538461 0.1935096153846154 0.027644230769230768 0.03245192307692308
0 0.5180288461538461 0.1622596153846154 0.020432692307692308 0.03365384615384615
0 0.5949519230769231 0.15865384615384615 0.019230769230769232 0.036057692307692304
0 0.5841346153846154 0.11899038461538461 0.016826923076923076 0.03365384615384615
0 0.5697115384615384 0.09735576923076923 0.02283653846153846 0.02403846153846154
0 0.7848557692307693 0.12259615384615384 0.020432692307692308 0.030048076923076924
0 0.7403846153846154 0.12860576923076922 0.02403846153846154 0.039663461538461536
0 0.7848557692307693 0.07932692307692307 0.019230769230769232 0.037259615384615384
0 0.7608173076923077 0.07091346153846154 0.021634615384615384 0.026442307692307692
0 0.7427884615384616 0.09254807692307693 0.019230769230769232 0.021634615384615384
1 0.6838942307692307 0.11177884615384616 0.056490384615384616 0.040865384615384616