1 0.3329326923076923 0.9038461538461539 0.15264423076923078 0.1875
1 0.4026442307692308 0.8677884615384616 0.0985576923076923 0.19471153846153846
0 0.796875 0.9242788461538461 0.09495192307692307 0.14543269230769232
0 0.9050480769230769 0.7860576923076923 0.09975961538461539 0.16105769230769232
0 0.45913461538461536 0.6153846153846154 0.08173076923076923 0.1778846153846154
0 0.3894230769230769 0.45072115384615385 0.07091346153846154 0.10096153846153846
0 0.6706730769230769 0.46153846153846156 0.06610576923076923 0.12379807692307693
0 0.7199519230769231 0.3605769230769231 0.055288461538461536 0.0985576923076923
0 0.5997596153846154 0.28125 0.04447115384615385 0.06370192307692307
0 0.46033653846153844 0.24639423076923078 0.06009615384615385 0.07932692307692307
0 0.3942307692307692 0.20793269230769232 0.052884615384615384 0.07932692307692307
0 0.6454326923076923 0.24759615384615385 0.04326923076923077 0.051682692307692304