2 0.6959134615384616 0.3762019230769231 0.04447115384615385 0.06971153846153846
2 0.8028846153846154 0.25240384615384615 0.057692307692307696 0.08653846153846154
2 0.6346153846153846 0.8942307692307693 0.06490384615384616 0.09615384615384616
2 0.8617788461538461 0.32572115384615385 0.06370192307692307 0.0829326923076923
2 0.7608173076923077 0.6802884615384616 0.06850961538461539 0.10216346153846154
2 0.6778846153846154 0.6862980769230769 0.07692307692307693 0.09375
2 0.5384615384615384 0.4423076923076923 0.04927884615384615 0.07451923076923077
2 0.5709134615384616 0.4639423076923077 0.051682692307692304 0.07091346153846154
2 0.5865384615384616 0.3641826923076923 0.04447115384615385 0.06490384615384616
2 0.6526442307692307 0.44711538461538464 0.0625 0.09254807692307693
2 0.6069711538461539 0.5180288461538461 0.06370192307692307 0.1045673076923077
2 0.5168269230769231 0.5504807692307693 0.04567307692307692 0.07572115384615384
2 0.4230769230769231 0.4951923076923077 0.04807692307692308 0.055288461538461536
1 0.5997596153846154 0.6923076923076923 0.0829326923076923 0.1201923076923077
2 0.8485576923076923 0.25721153846153844 0.046875 0.07091346153846154
2 0.9302884615384616 0.18269230769230768 0.046875 0.054086538461538464