0 0.1466346153846154 0.4675480769230769 0.036057692307692304 0.05889423076923077
0 0.23557692307692307 0.71875 0.039663461538461536 0.057692307692307696
0 0.5492788461538461 0.6454326923076923 0.03365384615384615 0.04326923076923077
0 0.5 0.6430288461538461 0.019230769230769232 0.037259615384615384
0 0.5072115384615384 0.75 0.042067307692307696 0.06370192307692307
0 0.75 0.9639423076923077 0.036057692307692304 0.07091346153846154
0 0.5 0.8653846153846154 0.04807692307692308 0.08653846153846154
0 0.33653846153846156 0.9771634615384616 0.0625 0.04326923076923077
1 0.25961538461538464 0.8810096153846154 0.057692307692307696 0.19230769230769232
3 0.5853365384615384 0.8100961538461539 0.04807692307692308 0.07692307692307693
3 0.6298076923076923 0.8846153846153846 0.07451923076923077 0.07572115384615384
3 0.12379807692307693 0.7271634615384616 0.06850961538461539 0.06850961538461539