0 0.6730769230769231 0.13581730769230768 0.028846153846153848 0.051682692307692304
2 0.7067307692307693 0.44711538461538464 0.016826923076923076 0.04326923076923077
2 0.24759615384615385 0.3473557692307692 0.05048076923076923 0.056490384615384616
2 0.12379807692307693 0.5420673076923077 0.055288461538461536 0.07451923076923077
1 0.6310096153846154 0.40024038461538464 0.11057692307692307 0.203125
0 0.4014423076923077 0.7019230769230769 0.13221153846153846 0.22115384615384615
0 0.8004807692307693 0.3858173076923077 0.05048076923076923 0.0829326923076923
0 0.9362980769230769 0.5132211538461539 0.039663461538461536 0.0829326923076923
0 0.96875 0.5841346153846154 0.03365384615384615 0.07091346153846154
0 0.28966346153846156 0.2403846153846154 0.06009615384615385 0.09495192307692307
0 0.31971153846153844 0.14543269230769232 0.07572115384615384 0.12980769230769232