2 0.265625 0.6742788461538461 0.04326923076923077 0.04927884615384615
2 0.34134615384615385 0.8137019230769231 0.03365384615384615 0.08653846153846154
2 0.33653846153846156 0.7175480769230769 0.05889423076923077 0.07692307692307693
2 0.24639423076923078 0.9050480769230769 0.038461538461538464 0.056490384615384616
2 0.484375 0.6947115384615384 0.06370192307692307 0.056490384615384616
2 0.8185096153846154 0.6057692307692307 0.06370192307692307 0.08173076923076923
2 0.5240384615384616 0.8822115384615384 0.051682692307692304 0.07211538461538461
2 0.8497596153846154 0.84375 0.037259615384615384 0.051682692307692304
0 0.328125 0.28846153846153844 0.02403846153846154 0.06370192307692307
0 0.36538461538461536 0.43509615384615385 0.028846153846153848 0.07451923076923077
0 0.6574519230769231 0.5432692307692307 0.052884615384615384 0.0889423076923077
0 0.8088942307692307 0.24278846153846154 0.05889423076923077 0.09134615384615384
1 0.828125 0.41346153846153844 0.1346153846153846 0.1310096153846154