0 0.28846153846153844 0.14302884615384615 0.06490384615384616 0.10817307692307693
2 0.6165865384615384 0.09975961538461539 0.08653846153846154 0.11057692307692307
2 0.5228365384615384 0.13701923076923078 0.08413461538461539 0.10096153846153846
1 0.5637019230769231 0.06129807692307692 0.15865384615384615 0.10336538461538461
1 0.8557692307692307 0.16947115384615385 0.12620192307692307 0.19951923076923078
1 0.9591346153846154 0.20673076923076922 0.07932692307692307 0.18990384615384615
1 0.7536057692307693 0.22235576923076922 0.16105769230769232 0.17307692307692307
1 0.7007211538461539 0.31850961538461536 0.12620192307692307 0.20192307692307693
1 0.38341346153846156 0.4807692307692308 0.28365384615384615 0.25961538461538464
0 0.4266826923076923 0.17427884615384615 0.0829326923076923 0.12139423076923077
0 0.3161057692307692 0.2403846153846154 0.0985576923076923 0.140625
0 0.1466346153846154 0.421875 0.0985576923076923 0.15264423076923078
2 0.21394230769230768 0.3449519230769231 0.07451923076923077 0.1502403846153846
2 0.06370192307692307 0.5480769230769231 0.12379807692307693 0.11899038461538461
1 0.06370192307692307 0.7055288461538461 0.12379807692307693 0.21514423076923078
0 0.18509615384615385 0.5829326923076923 0.14302884615384615 0.22235576923076922
0 0.18028846153846154 0.8112980769230769 0.13581730769230768 0.24879807692307693