0 0.5817307692307693 0.23677884615384615 0.038461538461538464 0.06610576923076923
0 0.6153846153846154 0.22355769230769232 0.04326923076923077 0.078125
0 0.16466346153846154 0.8545673076923077 0.038461538461538464 0.078125
0 0.9759615384615384 0.4495192307692308 0.046875 0.07091346153846154
0 0.9807692307692307 0.34615384615384615 0.037259615384615384 0.12379807692307693
0 0.703125 0.38100961538461536 0.04567307692307692 0.07211538461538461
0 0.7512019230769231 0.2980769230769231 0.038461538461538464 0.055288461538461536
0 0.7271634615384616 0.21754807692307693 0.042067307692307696 0.06129807692307692
1 0.39903846153846156 0.5540865384615384 0.054086538461538464 0.055288461538461536
1 0.49399038461538464 0.9387019230769231 0.04927884615384615 0.1201923076923077
1 0.46153846153846156 0.9242788461538461 0.042067307692307696 0.14903846153846154