2 0.9555288461538461 0.6358173076923077 0.08653846153846154 0.28846153846153844
1 0.5036057692307693 0.7451923076923077 0.21995192307692307 0.35096153846153844
0 0.4338942307692308 0.8100961538461539 0.234375 0.375
0 0.9723557692307693 0.296875 0.051682692307692304 0.23197115384615385
0 0.8605769230769231 0.36778846153846156 0.19110576923076922 0.296875
0 0.15865384615384615 0.8569711538461539 0.21995192307692307 0.28125
1 0.36899038461538464 0.3557692307692308 0.17908653846153846 0.11899038461538461
1 0.19831730769230768 0.4675480769230769 0.10817307692307693 0.38221153846153844
0 0.296875 0.4519230769230769 0.14543269230769232 0.2620192307692308
0 0.3942307692307692 0.23798076923076922 0.13341346153846154 0.15504807692307693
2 0.47596153846153844 0.0829326923076923 0.09975961538461539 0.10576923076923077
1 0.6802884615384616 0.042067307692307696 0.0829326923076923 0.07932692307692307
0 0.6778846153846154 0.203125 0.1346153846153846 0.18509615384615385
0 0.8497596153846154 0.12379807692307693 0.171875 0.24158653846153846
2 0.0889423076923077 0.3737980769230769 0.13581730769230768 0.15504807692307693
0 0.25721153846153844 0.12139423076923077 0.0829326923076923 0.14783653846153846