3 0.28365384615384615 0.1658653846153846 0.07211538461538461 0.08653846153846154
2 0.24158653846153846 0.6502403846153846 0.051682692307692304 0.05889423076923077
2 0.3701923076923077 0.7860576923076923 0.054086538461538464 0.07451923076923077
2 0.48677884615384615 0.921875 0.02403846153846154 0.038461538461538464
0 0.5889423076923077 0.06850961538461539 0.0673076923076923 0.08774038461538461
0 0.890625 0.203125 0.07091346153846154 0.11538461538461539
0 0.8846153846153846 0.7355769230769231 0.07572115384615384 0.1310096153846154
0 0.9459134615384616 0.9086538461538461 0.10336538461538461 0.15384615384615385
0 0.3401442307692308 0.46033653846153844 0.05889423076923077 0.08413461538461539
0 0.44471153846153844 0.5973557692307693 0.07451923076923077 0.13581730769230768
0 0.3317307692307692 0.6274038461538461 0.09134615384615384 0.14302884615384615