0 0.96875 0.34975961538461536 0.039663461538461536 0.054086538461538464
0 0.7908653846153846 0.19230769230769232 0.03125 0.04326923076923077
0 0.28125 0.3473557692307692 0.030048076923076924 0.04326923076923077
0 0.3269230769230769 0.3894230769230769 0.030048076923076924 0.052884615384615384
0 0.12259615384615384 0.4495192307692308 0.04326923076923077 0.06370192307692307
0 0.11298076923076923 0.59375 0.038461538461538464 0.054086538461538464
0 0.49278846153846156 0.5360576923076923 0.025240384615384616 0.052884615384615384
0 0.5264423076923077 0.5096153846153846 0.037259615384615384 0.052884615384615384
0 0.6814903846153846 0.36658653846153844 0.027644230769230768 0.04807692307692308
0 0.7199519230769231 0.3125 0.03485576923076923 0.042067307692307696
0 0.7632211538461539 0.296875 0.03365384615384615 0.042067307692307696
0 0.9134615384615384 0.5084134615384616 0.03125 0.056490384615384616
0 0.8822115384615384 0.7740384615384616 0.038461538461538464 0.06850961538461539
0 0.546875 0.9819711538461539 0.05048076923076923 0.03485576923076923
1 0.49278846153846156 0.8545673076923077 0.14423076923076922 0.17307692307692307
3 0.3473557692307692 0.5985576923076923 0.04807692307692308 0.05048076923076923
3 0.19831730769230768 0.5192307692307693 0.055288461538461536 0.0625