1 0.6057692307692307 0.18269230769230768 0.05889423076923077 0.0625
3 0.47716346153846156 0.515625 0.0625 0.11298076923076923
0 0.09375 0.7776442307692307 0.02403846153846154 0.051682692307692304
0 0.4879807692307692 0.21995192307692307 0.026442307692307692 0.03125
0 0.5120192307692307 0.1971153846153846 0.027644230769230768 0.038461538461538464
0 0.49038461538461536 0.2776442307692308 0.030048076923076924 0.037259615384615384
0 0.3954326923076923 0.3641826923076923 0.027644230769230768 0.052884615384615384
0 0.5216346153846154 0.328125 0.025240384615384616 0.046875
0 0.5757211538461539 0.14423076923076922 0.026442307692307692 0.038461538461538464
0 0.6418269230769231 0.24519230769230768 0.03485576923076923 0.042067307692307696
0 0.6802884615384616 0.26802884615384615 0.039663461538461536 0.06129807692307692
0 0.7295673076923077 0.265625 0.03365384615384615 0.042067307692307696
0 0.453125 0.4807692307692308 0.03485576923076923 0.05889423076923077
0 0.2644230769230769 0.6165865384615384 0.025240384615384616 0.05048076923076923
0 0.25961538461538464 0.6802884615384616 0.03125 0.042067307692307696
0 0.20793269230769232 0.7740384615384616 0.02403846153846154 0.04567307692307692
0 0.3954326923076923 0.6610576923076923 0.030048076923076924 0.046875
0 0.2536057692307692 0.9026442307692307 0.046875 0.07451923076923077
0 0.31009615384615385 0.9519230769230769 0.038461538461538464 0.05889423076923077
0 0.34615384615384615 0.9230769230769231 0.03125 0.06129807692307692
0 0.4026442307692308 0.8846153846153846 0.036057692307692304 0.06129807692307692
0 0.5805288461538461 0.5637019230769231 0.03125 0.04807692307692308