0 0.15264423076923078 0.17427884615384615 0.030048076923076924 0.051682692307692304
0 0.6574519230769231 0.5492788461538461 0.028846153846153848 0.04927884615384615
0 0.7572115384615384 0.7800480769230769 0.03365384615384615 0.057692307692307696
1 0.546875 0.7584134615384616 0.07211538461538461 0.15264423076923078
1 0.16947115384615385 0.7055288461538461 0.11658653846153846 0.06610576923076923
0 0.5841346153846154 0.8040865384615384 0.04927884615384615 0.07451923076923077
0 0.6887019230769231 0.96875 0.04447115384615385 0.06129807692307692
0 0.9411057692307693 0.9242788461538461 0.06610576923076923 0.08653846153846154
0 0.32091346153846156 0.5504807692307693 0.039663461538461536 0.07211538461538461
0 0.3858173076923077 0.5228365384615384 0.05048076923076923 0.07211538461538461
0 0.33653846153846156 0.6466346153846154 0.04326923076923077 0.06129807692307692
0 0.19591346153846154 0.39783653846153844 0.042067307692307696 0.07211538461538461
3 0.051682692307692304 0.44591346153846156 0.06610576923076923 0.09014423076923077
0 0.16346153846153846 0.9411057692307693 0.057692307692307696 0.078125