2 0.84375 0.9098557692307693 0.03245192307692308 0.046875
3 0.7572115384615384 0.2668269230769231 0.036057692307692304 0.05889423076923077
3 0.7367788461538461 0.4951923076923077 0.051682692307692304 0.07211538461538461
0 0.2091346153846154 0.4423076923076923 0.03485576923076923 0.05889423076923077
0 0.30649038461538464 0.4567307692307692 0.030048076923076924 0.054086538461538464
0 0.34615384615384615 0.359375 0.040865384615384616 0.07211538461538461
0 0.5432692307692307 0.06009615384615385 0.051682692307692304 0.10576923076923077
0 0.6658653846153846 0.31971153846153844 0.06971153846153846 0.11057692307692307
0 0.5793269230769231 0.4963942307692308 0.07091346153846154 0.11899038461538461
0 0.5252403846153846 0.5961538461538461 0.05889423076923077 0.09615384615384616
0 0.5961538461538461 0.6237980769230769 0.078125 0.12139423076923077
0 0.8052884615384616 0.4855769230769231 0.07211538461538461 0.1310096153846154
0 0.8341346153846154 0.5997596153846154 0.09975961538461539 0.0889423076923077
0 0.9483173076923077 0.7175480769230769 0.10096153846153846 0.09134615384615384
0 0.6358173076923077 0.8125 0.04807692307692308 0.09375
0 0.34615384615384615 0.7824519230769231 0.07451923076923077 0.11899038461538461
3 0.9086538461538461 0.2283653846153846 0.09495192307692307 0.07211538461538461
3 0.6694711538461539 0.1346153846153846 0.06971153846153846 0.10096153846153846
3 0.6009615384615384 0.3737980769230769 0.040865384615384616 0.06610576923076923
3 0.4891826923076923 0.35216346153846156 0.05048076923076923 0.07211538461538461
3 0.3762019230769231 0.5336538461538461 0.05889423076923077 0.13341346153846154
3 0.4375 0.5012019230769231 0.04447115384615385 0.0985576923076923
3 0.49278846153846156 0.5769230769230769 0.051682692307692304 0.11057692307692307
3 0.31009615384615385 0.6971153846153846 0.046875 0.07692307692307693
3 0.4326923076923077 0.6646634615384616 0.07692307692307693 0.12860576923076922
3 0.36658653846153844 0.8653846153846154 0.078125 0.11658653846153846