2 0.18269230769230768 0.7103365384615384 0.09615384615384616 0.12620192307692307
1 0.6442307692307693 0.9326923076923077 0.13581730769230768 0.1310096153846154
1 0.47115384615384615 0.8173076923076923 0.12620192307692307 0.27163461538461536
1 0.6346153846153846 0.7259615384615384 0.2091346153846154 0.38461538461538464
0 0.5240384615384616 0.6778846153846154 0.140625 0.24879807692307693
0 0.29447115384615385 0.8846153846153846 0.1466346153846154 0.2247596153846154
0 0.3293269230769231 0.7283653846153846 0.16706730769230768 0.20793269230769232
0 0.7920673076923077 0.45913461538461536 0.125 0.2127403846153846
1 0.16706730769230768 0.9146634615384616 0.14182692307692307 0.16105769230769232
1 0.15985576923076922 0.8329326923076923 0.140625 0.18028846153846154
0 0.9326923076923077 0.24519230769230768 0.08173076923076923 0.13581730769230768
1 0.9627403846153846 0.33653846153846156 0.07211538461538461 0.19471153846153846
1 0.9050480769230769 0.4519230769230769 0.171875 0.22235576923076922
0 0.7319711538461539 0.35096153846153844 0.10336538461538461 0.13341346153846154
1 0.8341346153846154 0.30649038461538464 0.1466346153846154 0.11899038461538461
0 0.8581730769230769 0.2548076923076923 0.07932692307692307 0.10336538461538461
1 0.6850961538461539 0.25961538461538464 0.1045673076923077 0.10817307692307693
1 0.6286057692307693 0.24759615384615385 0.06610576923076923 0.09134615384615384
0 0.6033653846153846 0.22355769230769232 0.06971153846153846 0.11057692307692307
1 0.7776442307692307 0.25240384615384615 0.10697115384615384 0.08413461538461539
2 0.05048076923076923 0.6153846153846154 0.09615384615384616 0.09375
1 0.13581730769230768 0.6947115384615384 0.15985576923076922 0.18509615384615385
1 0.3088942307692308 0.5192307692307693 0.0889423076923077 0.17548076923076922
0 0.3798076923076923 0.4855769230769231 0.09014423076923077 0.17548076923076922
0 0.421875 0.27524038461538464 0.06490384615384616 0.09134615384615384
1 0.44711538461538464 0.33533653846153844 0.06490384615384616 0.11298076923076923
0 0.5144230769230769 0.14543269230769232 0.05048076923076923 0.07932692307692307
0 0.6682692307692307 0.12379807692307693 0.078125 0.0889423076923077
0 0.7632211538461539 0.10336538461538461 0.06850961538461539 0.0889423076923077
0 0.8257211538461539 0.14783653846153846 0.07692307692307693 0.0889423076923077
0 0.40384615384615385 0.1658653846153846 0.04807692307692308 0.09375
0 0.2608173076923077 0.3713942307692308 0.056490384615384616 0.08653846153846154
0 0.3269230769230769 0.3076923076923077 0.07091346153846154 0.08173076923076923
1 0.28846153846153844 0.38221153846153844 0.09014423076923077 0.12379807692307693
1 0.18870192307692307 0.5889423076923077 0.09735576923076923 0.11057692307692307
0 0.12620192307692307 0.5600961538461539 0.09014423076923077 0.13822115384615385
0 0.1778846153846154 0.5108173076923077 0.0829326923076923 0.13341346153846154
1 0.5288461538461539 0.30649038461538464 0.07091346153846154 0.06370192307692307
1 0.6514423076923077 0.42788461538461536 0.12740384615384615 0.234375
1 0.6225961538461539 0.47836538461538464 0.06370192307692307 0.20552884615384615
1 0.5588942307692307 0.43990384615384615 0.07211538461538461 0.24158653846153846