2 0.6802884615384616 0.6045673076923077 0.039663461538461536 0.11899038461538461
2 0.8076923076923077 0.9350961538461539 0.05048076923076923 0.0829326923076923
2 0.7908653846153846 0.21394230769230768 0.04807692307692308 0.06971153846153846
2 0.3317307692307692 0.8473557692307693 0.051682692307692304 0.078125
2 0.43149038461538464 0.8064903846153846 0.04447115384615385 0.09014423076923077
2 0.5853365384615384 0.6959134615384616 0.037259615384615384 0.0673076923076923
0 0.6694711538461539 0.9459134615384616 0.1141826923076923 0.10576923076923077
0 0.3870192307692308 0.4230769230769231 0.04807692307692308 0.08533653846153846
0 0.26802884615384615 0.6165865384615384 0.04807692307692308 0.07451923076923077
0 0.16826923076923078 0.6730769230769231 0.08052884615384616 0.12259615384615384
2 0.38221153846153844 0.7007211538461539 0.07572115384615384 0.125