0 0.703125 0.2127403846153846 0.038461538461538464 0.051682692307692304
0 0.41346153846153844 0.18509615384615385 0.026442307692307692 0.04326923076923077
0 0.27163461538461536 0.47716346153846156 0.03245192307692308 0.04807692307692308
0 0.453125 0.31009615384615385 0.038461538461538464 0.046875
0 0.8509615384615384 0.6430288461538461 0.04326923076923077 0.046875
3 0.18990384615384615 0.5913461538461539 0.057692307692307696 0.056490384615384616
3 0.37259615384615385 0.6971153846153846 0.04326923076923077 0.0625
3 0.46153846153846156 0.6394230769230769 0.056490384615384616 0.06009615384615385
1 0.6430288461538461 0.40865384615384615 0.0829326923076923 0.054086538461538464
1 0.5240384615384616 0.5420673076923077 0.051682692307692304 0.09495192307692307
1 0.35096153846153844 0.9086538461538461 0.08653846153846154 0.12740384615384615
3 0.765625 0.19110576923076922 0.06971153846153846 0.0673076923076923
0 0.35096153846153844 0.36778846153846156 0.028846153846153848 0.046875
0 0.2980769230769231 0.5 0.03365384615384615 0.03365384615384615