3 0.8209134615384616 0.7524038461538461 0.1141826923076923 0.16105769230769232
0 0.4699519230769231 0.41346153846153844 0.056490384615384616 0.056490384615384616
0 0.19591346153846154 0.40384615384615385 0.05889423076923077 0.10576923076923077
0 0.25841346153846156 0.4098557692307692 0.03365384615384615 0.10336538461538461
0 0.2956730769230769 0.5132211538461539 0.042067307692307696 0.09375
0 0.40024038461538464 0.5480769230769231 0.037259615384615384 0.0889423076923077
0 0.11778846153846154 0.8918269230769231 0.07692307692307693 0.12379807692307693
0 0.13942307692307693 0.6850961538461539 0.06610576923076923 0.10096153846153846
0 0.8004807692307693 0.8990384615384616 0.04447115384615385 0.07932692307692307
0 0.78125 0.8052884615384616 0.054086538461538464 0.07932692307692307
2 0.36899038461538464 0.48197115384615385 0.028846153846153848 0.039663461538461536
2 0.359375 0.53125 0.018028846153846152 0.03485576923076923