2 0.4699519230769231 0.23197115384615385 0.026442307692307692 0.054086538461538464
3 0.4699519230769231 0.3088942307692308 0.06370192307692307 0.10336538461538461
2 0.47115384615384615 0.4423076923076923 0.030048076923076924 0.054086538461538464
2 0.8605769230769231 0.9567307692307693 0.028846153846153848 0.042067307692307696
2 0.8125 0.5144230769230769 0.05048076923076923 0.07211538461538461
2 0.8497596153846154 0.4963942307692308 0.046875 0.054086538461538464
2 0.9170673076923077 0.5036057692307693 0.06009615384615385 0.06370192307692307
0 0.5745192307692307 0.7079326923076923 0.09134615384615384 0.1310096153846154
0 0.6766826923076923 0.7644230769230769 0.08052884615384616 0.10576923076923077
0 0.5685096153846154 0.8473557692307693 0.056490384615384616 0.06971153846153846
0 0.9507211538461539 0.9242788461538461 0.09615384615384616 0.14543269230769232
3 0.6177884615384616 0.5793269230769231 0.06850961538461539 0.11658653846153846
3 0.6358173076923077 0.9375 0.06610576923076923 0.12139423076923077