2 0.5661057692307693 0.3076923076923077 0.03245192307692308 0.05048076923076923
2 0.32572115384615385 0.2824519230769231 0.03485576923076923 0.04927884615384615
2 0.3701923076923077 0.2692307692307692 0.039663461538461536 0.046875
2 0.3173076923076923 0.5132211538461539 0.040865384615384616 0.06850961538461539
2 0.28365384615384615 0.4987980769230769 0.056490384615384616 0.06971153846153846
2 0.7752403846153846 0.5240384615384616 0.04807692307692308 0.0625
2 0.09735576923076923 0.38461538461538464 0.05048076923076923 0.054086538461538464
2 0.5661057692307693 0.38100961538461536 0.04326923076923077 0.038461538461538464
2 0.49038461538461536 0.3545673076923077 0.03485576923076923 0.040865384615384616
2 0.43509615384615385 0.3942307692307692 0.04447115384615385 0.055288461538461536
2 0.39903846153846156 0.4362980769230769 0.046875 0.06009615384615385
2 0.4266826923076923 0.4963942307692308 0.046875 0.06129807692307692
2 0.42788461538461536 0.546875 0.040865384615384616 0.06129807692307692
2 0.5420673076923077 0.6682692307692307 0.057692307692307696 0.10216346153846154
2 0.43028846153846156 0.6346153846153846 0.04927884615384615 0.0829326923076923
2 0.4639423076923077 0.6730769230769231 0.057692307692307696 0.09014423076923077
2 0.43149038461538464 0.8689903846153846 0.06129807692307692 0.10817307692307693
2 0.39663461538461536 0.7680288461538461 0.038461538461538464 0.09134615384615384
2 0.28846153846153844 0.6346153846153846 0.04927884615384615 0.07692307692307693
2 0.5036057692307693 0.47475961538461536 0.040865384615384616 0.06610576923076923