2 0.8425480769230769 0.59375 0.021634615384615384 0.037259615384615384
2 0.9759615384615384 0.7487980769230769 0.036057692307692304 0.03245192307692308
2 0.953125 0.6899038461538461 0.037259615384615384 0.03245192307692308
2 0.37259615384615385 0.59375 0.020432692307692308 0.056490384615384616
2 0.35336538461538464 0.8605769230769231 0.020432692307692308 0.027644230769230768
2 0.5949519230769231 0.8978365384615384 0.025240384615384616 0.037259615384615384
2 0.6887019230769231 0.8737980769230769 0.026442307692307692 0.04447115384615385
2 0.6658653846153846 0.8786057692307693 0.027644230769230768 0.025240384615384616
2 0.33653846153846156 0.49399038461538464 0.03485576923076923 0.019230769230769232
2 0.24278846153846154 0.7223557692307693 0.03365384615384615 0.042067307692307696
2 0.25721153846153844 0.7824519230769231 0.038461538461538464 0.04447115384615385
1 0.25240384615384615 0.41346153846153844 0.15384615384615385 0.21995192307692307
3 0.08413461538461539 0.3245192307692308 0.15504807692307693 0.1658653846153846
3 0.3016826923076923 0.9591346153846154 0.06610576923076923 0.07692307692307693
3 0.30649038461538464 0.6802884615384616 0.0889423076923077 0.11057692307692307
3 0.46274038461538464 0.515625 0.06009615384615385 0.07451923076923077
3 0.49038461538461536 0.5709134615384616 0.08413461538461539 0.11298076923076923
3 0.40865384615384615 0.6466346153846154 0.10336538461538461 0.13822115384615385
3 0.7848557692307693 0.4254807692307692 0.14182692307692307 0.15504807692307693
3 0.9483173076923077 0.5276442307692307 0.09975961538461539 0.17067307692307693
3 0.8725961538461539 0.7403846153846154 0.046875 0.06971153846153846
3 0.9591346153846154 0.8509615384615384 0.078125 0.11658653846153846
3 0.9567307692307693 0.9435096153846154 0.08413461538461539 0.08413461538461539
0 0.7632211538461539 0.28846153846153844 0.08173076923076923 0.0889423076923077
0 0.5985576923076923 0.1778846153846154 0.1310096153846154 0.2127403846153846
0 0.5745192307692307 0.484375 0.12620192307692307 0.2127403846153846
0 0.6430288461538461 0.6826923076923077 0.09134615384615384 0.1502403846153846
0 0.4495192307692308 0.9447115384615384 0.06490384615384616 0.10576923076923077
0 0.037259615384615384 0.8305288461538461 0.06129807692307692 0.10576923076923077