0 0.671875 0.8161057692307693 0.04927884615384615 0.0625
0 0.7211538461538461 0.8076923076923077 0.056490384615384616 0.06490384615384616
0 0.9254807692307693 0.609375 0.04807692307692308 0.0733173076923077
0 0.96875 0.43149038461538464 0.04807692307692308 0.07932692307692307
0 0.8221153846153846 0.44471153846153844 0.039663461538461536 0.04326923076923077
0 0.7848557692307693 0.4891826923076923 0.040865384615384616 0.05048076923076923
0 0.7512019230769231 0.5288461538461539 0.037259615384615384 0.05048076923076923
0 0.7632211538461539 0.546875 0.037259615384615384 0.04807692307692308
0 0.7127403846153846 0.5637019230769231 0.04807692307692308 0.04326923076923077
0 0.6418269230769231 0.6334134615384616 0.04807692307692308 0.05048076923076923
0 0.6069711538461539 0.6658653846153846 0.040865384615384616 0.04326923076923077
0 0.5793269230769231 0.7307692307692307 0.056490384615384616 0.0733173076923077
3 0.5276442307692307 0.8317307692307693 0.056490384615384616 0.07932692307692307
3 0.59375 0.5540865384615384 0.07451923076923077 0.08774038461538461