2 0.40625 0.578125 0.018028846153846152 0.030048076923076924
2 0.2956730769230769 0.5817307692307693 0.018028846153846152 0.021634615384615384
2 0.38221153846153844 0.6634615384615384 0.015625 0.016826923076923076
2 0.4098557692307692 0.7836538461538461 0.015625 0.027644230769230768
2 0.375 0.7824519230769231 0.019230769230769232 0.025240384615384616
2 0.265625 0.7439903846153846 0.020432692307692308 0.027644230769230768
2 0.12379807692307693 0.35216346153846156 0.03485576923076923 0.051682692307692304
3 0.9338942307692307 0.11899038461538461 0.1310096153846154 0.15745192307692307
3 0.8822115384615384 0.2536057692307692 0.13701923076923078 0.13581730769230768
3 0.7151442307692307 0.26802884615384615 0.06370192307692307 0.09615384615384616
3 0.7391826923076923 0.12620192307692307 0.06009615384615385 0.0889423076923077
2 0.3449519230769231 0.22596153846153846 0.019230769230769232 0.07211538461538461
2 0.5096153846153846 0.28966346153846156 0.042067307692307696 0.046875
2 0.640625 0.16826923076923078 0.03245192307692308 0.030048076923076924
2 0.5564903846153846 0.15144230769230768 0.04447115384615385 0.042067307692307696
2 0.9579326923076923 0.3557692307692308 0.051682692307692304 0.039663461538461536
2 0.6911057692307693 0.48197115384615385 0.027644230769230768 0.030048076923076924
2 0.7319711538461539 0.546875 0.036057692307692304 0.027644230769230768
2 0.8004807692307693 0.84375 0.042067307692307696 0.016826923076923076
2 0.9507211538461539 0.9411057692307693 0.04326923076923077 0.030048076923076924
2 0.9158653846153846 0.8257211538461539 0.040865384615384616 0.037259615384615384
2 0.9723557692307693 0.859375 0.052884615384615384 0.04447115384615385
0 0.5408653846153846 0.9170673076923077 0.09254807692307693 0.16105769230769232
0 0.6971153846153846 0.8701923076923077 0.08173076923076923 0.09134615384615384
0 0.7872596153846154 0.6213942307692307 0.13221153846153846 0.13581730769230768
0 0.578125 0.6706730769230769 0.11778846153846154 0.19471153846153846
0 0.48197115384615385 0.6237980769230769 0.05048076923076923 0.042067307692307696
0 0.46153846153846156 0.4230769230769231 0.09254807692307693 0.1310096153846154
0 0.20192307692307693 0.1778846153846154 0.13701923076923078 0.15264423076923078
0 0.21754807692307693 0.3629807692307692 0.07692307692307693 0.07932692307692307
0 0.07211538461538461 0.5540865384615384 0.13701923076923078 0.15504807692307693