1 0.32572115384615385 0.5216346153846154 0.07932692307692307 0.234375
1 0.6947115384615384 0.8401442307692307 0.23076923076923078 0.3137019230769231
1 0.8100961538461539 0.8221153846153846 0.25 0.35096153846153844
1 0.8557692307692307 0.6045673076923077 0.2848557692307692 0.23677884615384615
1 0.49399038461538464 0.4362980769230769 0.14182692307692307 0.2247596153846154
1 0.5637019230769231 0.4254807692307692 0.10817307692307693 0.12620192307692307
1 0.6322115384615384 0.5793269230769231 0.16826923076923078 0.31850961538461536
1 0.9278846153846154 0.4098557692307692 0.140625 0.25240384615384615
1 0.7704326923076923 0.4831730769230769 0.17908653846153846 0.27403846153846156
1 0.4182692307692308 0.5240384615384616 0.19831730769230768 0.2764423076923077
1 0.59375 0.35216346153846156 0.13221153846153846 0.18990384615384615
1 0.44711538461538464 0.19110576923076922 0.1141826923076923 0.11658653846153846
1 0.47115384615384615 0.27403846153846156 0.16947115384615385 0.20192307692307693
1 0.5961538461538461 0.19831730769230768 0.12740384615384615 0.10096153846153846
1 0.7908653846153846 0.2439903846153846 0.24278846153846154 0.13822115384615385
1 0.7475961538461539 0.17427884615384615 0.20552884615384615 0.11658653846153846
0 0.625 0.1045673076923077 0.0889423076923077 0.140625
0 0.8341346153846154 0.08533653846153846 0.11298076923076923 0.16105769230769232