3 0.49038461538461536 0.2764423076923077 0.0733173076923077 0.13341346153846154
0 0.5072115384615384 0.1778846153846154 0.052884615384615384 0.09375
0 0.24759615384615385 0.6694711538461539 0.12379807692307693 0.15745192307692307
2 0.546875 0.5408653846153846 0.025240384615384616 0.039663461538461536
2 0.30408653846153844 0.5480769230769231 0.030048076923076924 0.05889423076923077
2 0.2668269230769231 0.5769230769230769 0.028846153846153848 0.06129807692307692
2 0.7043269230769231 0.71875 0.030048076923076924 0.039663461538461536
2 0.7163461538461539 0.8557692307692307 0.020432692307692308 0.037259615384615384
2 0.6634615384615384 0.8677884615384616 0.03245192307692308 0.051682692307692304
2 0.6213942307692307 0.8725961538461539 0.03365384615384615 0.03245192307692308
0 0.6574519230769231 0.6370192307692307 0.06610576923076923 0.09375
0 0.8112980769230769 0.6838942307692307 0.09134615384615384 0.0889423076923077
0 0.9711538461538461 0.7596153846153846 0.054086538461538464 0.09615384615384616
3 0.84375 0.6286057692307693 0.10697115384615384 0.12139423076923077
3 0.9338942307692307 0.6526442307692307 0.08653846153846154 0.10576923076923077
3 0.4206730769230769 0.6442307692307693 0.08653846153846154 0.14302884615384615
3 0.5288461538461539 0.7740384615384616 0.07211538461538461 0.12620192307692307
3 0.22716346153846154 0.9423076923076923 0.08413461538461539 0.10576923076923077