3 0.8990384615384616 0.6165865384615384 0.051682692307692304 0.08173076923076923
0 0.9807692307692307 0.5 0.030048076923076924 0.055288461538461536
0 0.8377403846153846 0.3401442307692308 0.026442307692307692 0.054086538461538464
0 0.5757211538461539 0.33533653846153844 0.03365384615384615 0.05048076923076923
0 0.2932692307692308 0.29927884615384615 0.028846153846153848 0.04927884615384615
0 0.2704326923076923 0.5540865384615384 0.03365384615384615 0.0625
0 0.5276442307692307 0.5072115384615384 0.038461538461538464 0.06850961538461539
0 0.7764423076923077 0.5060096153846154 0.038461538461538464 0.07572115384615384
0 0.4519230769230769 0.5096153846153846 0.039663461538461536 0.06490384615384616
1 0.35336538461538464 0.5408653846153846 0.09615384615384616 0.078125
1 0.24759615384615385 0.8221153846153846 0.06850961538461539 0.21995192307692307
3 0.59375 0.7403846153846154 0.06850961538461539 0.12259615384615384
3 0.625 0.8449519230769231 0.06129807692307692 0.10216346153846154