3 0.42427884615384615 0.5877403846153846 0.08413461538461539 0.12379807692307693
3 0.4098557692307692 0.8605769230769231 0.09014423076923077 0.16105769230769232
0 0.8233173076923077 0.0889423076923077 0.052884615384615384 0.06971153846153846
0 0.9026442307692307 0.14182692307692307 0.051682692307692304 0.09134615384615384
0 0.4483173076923077 0.2644230769230769 0.054086538461538464 0.12860576923076922
0 0.5144230769230769 0.2704326923076923 0.037259615384615384 0.09134615384615384
0 0.6538461538461539 0.29086538461538464 0.06129807692307692 0.11899038461538461
0 0.6983173076923077 0.5384615384615384 0.046875 0.08413461538461539
0 0.7560096153846154 0.7548076923076923 0.06370192307692307 0.12620192307692307
0 0.6610576923076923 0.8641826923076923 0.08653846153846154 0.16826923076923078
0 0.5625 0.9675480769230769 0.055288461538461536 0.05889423076923077
0 0.8810096153846154 0.9651442307692307 0.08774038461538461 0.06370192307692307
1 0.5528846153846154 0.6670673076923077 0.18028846153846154 0.15264423076923078
1 0.8028846153846154 0.8545673076923077 0.14182692307692307 0.10336538461538461
1 0.265625 0.5516826923076923 0.1502403846153846 0.18990384615384615