0 0.7379807692307693 0.4206730769230769 0.028846153846153848 0.039663461538461536
0 0.7259615384615384 0.5600961538461539 0.036057692307692304 0.046875
3 0.11177884615384616 0.5661057692307693 0.08413461538461539 0.078125
3 0.3545673076923077 0.7944711538461539 0.054086538461538464 0.06009615384615385
0 0.07692307692307693 0.8810096153846154 0.052884615384615384 0.07572115384615384
0 0.37740384615384615 0.859375 0.038461538461538464 0.05889423076923077
0 0.5877403846153846 0.921875 0.039663461538461536 0.05048076923076923
0 0.53125 0.7463942307692307 0.03125 0.054086538461538464
0 0.6009615384615384 0.7307692307692307 0.042067307692307696 0.07091346153846154
0 0.6838942307692307 0.7199519230769231 0.037259615384615384 0.052884615384615384
0 0.6682692307692307 0.6850961538461539 0.03485576923076923 0.046875
0 0.84375 0.640625 0.03485576923076923 0.056490384615384616
0 0.6057692307692307 0.5504807692307693 0.027644230769230768 0.04447115384615385
0 0.7992788461538461 0.44350961538461536 0.028846153846153848 0.038461538461538464
0 0.21033653846153846 0.6899038461538461 0.03365384615384615 0.039663461538461536
0 0.25600961538461536 0.5817307692307693 0.027644230769230768 0.038461538461538464
0 0.41346153846153844 0.2548076923076923 0.028846153846153848 0.03365384615384615
0 0.5841346153846154 0.34615384615384615 0.025240384615384616 0.04326923076923077
0 0.609375 0.2980769230769231 0.025240384615384616 0.03485576923076923