2 0.7391826923076923 0.5420673076923077 0.021634615384615384 0.037259615384615384
2 0.7199519230769231 0.4206730769230769 0.028846153846153848 0.037259615384615384
3 0.8329326923076923 0.9699519230769231 0.07932692307692307 0.054086538461538464
3 0.1778846153846154 0.9723557692307693 0.0733173076923077 0.04927884615384615
3 0.3088942307692308 0.5889423076923077 0.15144230769230768 0.23918269230769232
3 0.8389423076923077 0.6129807692307693 0.0829326923076923 0.11057692307692307
3 0.9194711538461539 0.47475961538461536 0.15865384615384615 0.21514423076923078
0 0.4579326923076923 0.9579326923076923 0.09134615384615384 0.07932692307692307
0 0.7103365384615384 0.8870192307692307 0.08774038461538461 0.1875
0 0.7331730769230769 0.7235576923076923 0.09495192307692307 0.15264423076923078
0 0.671875 0.6213942307692307 0.06850961538461539 0.10096153846153846
0 0.578125 0.6826923076923077 0.06850961538461539 0.09134615384615384
0 0.6033653846153846 0.5576923076923077 0.078125 0.10817307692307693
0 0.5997596153846154 0.2764423076923077 0.078125 0.11899038461538461