2 0.23918269230769232 0.7920673076923077 0.03245192307692308 0.046875
3 0.06850961538461539 0.8918269230769231 0.0829326923076923 0.12379807692307693
0 0.11177884615384616 0.9230769230769231 0.07572115384615384 0.08413461538461539
0 0.5805288461538461 0.9278846153846154 0.052884615384615384 0.09014423076923077
0 0.6201923076923077 0.7055288461538461 0.036057692307692304 0.0673076923076923
0 0.36538461538461536 0.6742788461538461 0.028846153846153848 0.052884615384615384
0 0.5072115384615384 0.5036057692307693 0.03245192307692308 0.052884615384615384
0 0.5925480769230769 0.4795673076923077 0.027644230769230768 0.039663461538461536
0 0.4423076923076923 0.4326923076923077 0.02283653846153846 0.039663461538461536
0 0.30408653846153844 0.6454326923076923 0.03125 0.06009615384615385
0 0.3473557692307692 0.6045673076923077 0.020432692307692308 0.04567307692307692
0 0.2668269230769231 0.5600961538461539 0.04447115384615385 0.0673076923076923
0 0.2644230769230769 0.4675480769230769 0.03485576923076923 0.039663461538461536