0 0.2932692307692308 0.28125 0.078125 0.09134615384615384
0 0.2920673076923077 0.21033653846153846 0.042067307692307696 0.05048076923076923
0 0.5336538461538461 0.36778846153846156 0.08052884615384616 0.10216346153846154
0 0.5757211538461539 0.26322115384615385 0.06971153846153846 0.09014423076923077
0 0.6310096153846154 0.10576923076923077 0.08413461538461539 0.11298076923076923
0 0.06971153846153846 0.578125 0.125 0.10576923076923077
0 0.21875 0.7620192307692307 0.078125 0.1502403846153846
0 0.9182692307692307 0.3557692307692308 0.12259615384615384 0.1622596153846154
0 0.6694711538461539 0.4074519230769231 0.12139423076923077 0.16826923076923078
0 0.7512019230769231 0.5504807692307693 0.11658653846153846 0.15985576923076922
0 0.8653846153846154 0.6610576923076923 0.109375 0.14423076923076922