3 0.3798076923076923 0.25240384615384615 0.09014423076923077 0.0985576923076923
1 0.33413461538461536 0.33052884615384615 0.07692307692307693 0.15745192307692307
1 0.23918269230769232 0.5180288461538461 0.09254807692307693 0.29086538461538464
1 0.40024038461538464 0.4266826923076923 0.21394230769230768 0.17307692307692307
2 0.11658653846153846 0.4266826923076923 0.12740384615384615 0.0985576923076923
2 0.10576923076923077 0.5372596153846154 0.14543269230769232 0.13581730769230768
2 0.5108173076923077 0.2247596153846154 0.11658653846153846 0.12860576923076922
2 0.5216346153846154 0.3293269230769231 0.11538461538461539 0.11057692307692307
2 0.5480769230769231 0.4579326923076923 0.14302884615384615 0.18509615384615385
2 0.6754807692307693 0.39663461538461536 0.14423076923076922 0.17067307692307693
2 0.6382211538461539 0.06610576923076923 0.06490384615384616 0.10336538461538461
2 0.7115384615384616 0.056490384615384616 0.07692307692307693 0.08413461538461539
2 0.7884615384615384 0.22716346153846154 0.11298076923076923 0.13341346153846154
1 0.8149038461538461 0.140625 0.11538461538461539 0.08413461538461539
2 0.9819711538461539 0.1971153846153846 0.03365384615384615 0.11899038461538461
2 0.8545673076923077 0.057692307692307696 0.09014423076923077 0.10096153846153846
1 0.6189903846153846 0.7572115384615384 0.2980769230769231 0.37740384615384615
0 0.6442307692307693 0.6466346153846154 0.171875 0.25721153846153844
2 0.4206730769230769 0.8401442307692307 0.18389423076923078 0.3137019230769231
2 0.8269230769230769 0.5180288461538461 0.17908653846153846 0.22716346153846154
2 0.9723557692307693 0.5108173076923077 0.052884615384615384 0.20793269230769232
0 0.8810096153846154 0.8052884615384616 0.23076923076923078 0.38461538461538464