3 0.8461538461538461 0.5673076923076923 0.08774038461538461 0.12379807692307693
3 0.7379807692307693 0.6129807692307693 0.09975961538461539 0.11658653846153846
3 0.5096153846153846 0.8942307692307693 0.11538461538461539 0.14302884615384615
0 0.9002403846153846 0.35697115384615385 0.08173076923076923 0.12139423076923077
0 0.9182692307692307 0.9423076923076923 0.07932692307692307 0.09615384615384616
0 0.7548076923076923 0.9182692307692307 0.08413461538461539 0.15745192307692307
0 0.7211538461538461 0.12620192307692307 0.07091346153846154 0.10817307692307693
0 0.640625 0.30649038461538464 0.0733173076923077 0.10817307692307693
0 0.5408653846153846 0.22956730769230768 0.04807692307692308 0.10817307692307693
0 0.4266826923076923 0.03365384615384615 0.0829326923076923 0.06129807692307692
2 0.30408653846153844 0.6021634615384616 0.03365384615384615 0.06370192307692307
2 0.3870192307692308 0.6418269230769231 0.037259615384615384 0.0889423076923077