1 0.9266826923076923 0.20552884615384615 0.14423076923076922 0.3798076923076923
2 0.7944711538461539 0.14543269230769232 0.1778846153846154 0.2127403846153846
0 0.6586538461538461 0.3329326923076923 0.25 0.390625
1 0.7620192307692307 0.32211538461538464 0.18389423076923078 0.46634615384615385
0 0.5600961538461539 0.17908653846153846 0.20552884615384615 0.34375
1 0.46274038461538464 0.22596153846153846 0.09975961538461539 0.27884615384615385
2 0.3137019230769231 0.14182692307692307 0.13581730769230768 0.19471153846153846
1 0.3557692307692308 0.4026442307692308 0.13942307692307693 0.25721153846153844
2 0.25721153846153844 0.35096153846153844 0.15264423076923078 0.22235576923076922
0 0.1778846153846154 0.5528846153846154 0.2704326923076923 0.4987980769230769
2 0.1346153846153846 0.8076923076923077 0.21153846153846154 0.296875
1 0.3329326923076923 0.7175480769230769 0.2127403846153846 0.3581730769230769
1 0.6947115384615384 0.7740384615384616 0.5108173076923077 0.4375
1 0.71875 0.7680288461538461 0.5600961538461539 0.45913461538461536
1 0.21394230769230768 0.9411057692307693 0.3329326923076923 0.11298076923076923