1 0.4951923076923077 0.5 0.12139423076923077 0.13581730769230768
3 0.8870192307692307 0.7752403846153846 0.06971153846153846 0.17307692307692307
3 0.7680288461538461 0.7584134615384616 0.09495192307692307 0.13822115384615385
3 0.8605769230769231 0.5024038461538461 0.125 0.14543269230769232
3 0.5925480769230769 0.5240384615384616 0.08052884615384616 0.10817307692307693
3 0.5024038461538461 0.2800480769230769 0.08052884615384616 0.14543269230769232
3 0.453125 0.34975961538461536 0.11057692307692307 0.13581730769230768
3 0.6225961538461539 0.12259615384615384 0.11538461538461539 0.140625
0 0.38100961538461536 0.5564903846153846 0.07451923076923077 0.16105769230769232
0 0.4831730769230769 0.6442307692307693 0.0625 0.07932692307692307
0 0.5204326923076923 0.390625 0.04807692307692308 0.08413461538461539
0 0.6526442307692307 0.3870192307692308 0.06971153846153846 0.15504807692307693
0 0.8125 0.3641826923076923 0.05889423076923077 0.09134615384615384
2 0.9182692307692307 0.45552884615384615 0.036057692307692304 0.07211538461538461
2 0.20432692307692307 0.296875 0.028846153846153848 0.04927884615384615
0 0.27163461538461536 0.890625 0.0733173076923077 0.13581730769230768