0 0.5192307692307693 0.1875 0.042067307692307696 0.06971153846153846
0 0.9002403846153846 0.4675480769230769 0.06490384615384616 0.09014423076923077
0 0.8990384615384616 0.3329326923076923 0.05048076923076923 0.06610576923076923
0 0.7752403846153846 0.359375 0.037259615384615384 0.05048076923076923
0 0.5408653846153846 0.43149038461538464 0.04326923076923077 0.04326923076923077
3 0.20793269230769232 0.46153846153846156 0.078125 0.11538461538461539
3 0.65625 0.5420673076923077 0.04447115384615385 0.054086538461538464
3 0.859375 0.9435096153846154 0.08173076923076923 0.11177884615384616
3 0.7560096153846154 0.23798076923076922 0.046875 0.04927884615384615
3 0.09495192307692307 0.16706730769230768 0.06850961538461539 0.07211538461538461
3 0.12139423076923077 0.109375 0.08413461538461539 0.0829326923076923
1 0.39903846153846156 0.24879807692307693 0.055288461538461536 0.1141826923076923
0 0.8942307692307693 0.19110576923076922 0.03125 0.04807692307692308
0 0.8581730769230769 0.16346153846153846 0.036057692307692304 0.042067307692307696
0 0.875 0.13221153846153846 0.026442307692307692 0.036057692307692304
0 0.6346153846153846 0.19110576923076922 0.021634615384615384 0.04927884615384615