2 0.7536057692307693 0.25721153846153844 0.025240384615384616 0.030048076923076924
2 0.9134615384615384 0.23677884615384615 0.03245192307692308 0.03485576923076923
2 0.9519230769230769 0.32572115384615385 0.028846153846153848 0.03485576923076923
2 0.5456730769230769 0.484375 0.018028846153846152 0.030048076923076924
2 0.5120192307692307 0.43990384615384615 0.020432692307692308 0.030048076923076924
2 0.5516826923076923 0.6213942307692307 0.019230769230769232 0.027644230769230768
2 0.5324519230769231 0.6526442307692307 0.018028846153846152 0.037259615384615384
3 0.609375 0.5961538461538461 0.05889423076923077 0.08653846153846154
3 0.39903846153846156 0.5480769230769231 0.054086538461538464 0.08413461538461539
0 0.3605769230769231 0.5925480769230769 0.05048076923076923 0.10336538461538461
0 0.41225961538461536 0.6682692307692307 0.0625 0.11658653846153846
0 0.640625 0.5048076923076923 0.09495192307692307 0.13581730769230768
0 0.84375 0.7451923076923077 0.09615384615384616 0.07451923076923077
0 0.7223557692307693 0.8185096153846154 0.06490384615384616 0.09134615384615384