0 0.484375 0.6947115384615384 0.07692307692307693 0.17548076923076922
0 0.8052884615384616 0.3112980769230769 0.11538461538461539 0.12860576923076922
0 0.6706730769230769 0.2860576923076923 0.08653846153846154 0.17307692307692307
0 0.3870192307692308 0.7836538461538461 0.09014423076923077 0.15504807692307693
0 0.30528846153846156 0.6622596153846154 0.10697115384615384 0.17307692307692307
0 0.23557692307692307 0.5913461538461539 0.10576923076923077 0.13581730769230768
0 0.0889423076923077 0.515625 0.12740384615384615 0.11899038461538461
0 0.18629807692307693 0.38100961538461536 0.15985576923076922 0.23918269230769232
0 0.09495192307692307 0.057692307692307696 0.11057692307692307 0.09134615384615384
0 0.2704326923076923 0.19230769230769232 0.06370192307692307 0.11899038461538461
0 0.3473557692307692 0.3088942307692308 0.07932692307692307 0.12860576923076922
0 0.49158653846153844 0.16105769230769232 0.078125 0.11899038461538461
0 0.671875 0.5 0.07932692307692307 0.10576923076923077
2 0.421875 0.5384615384615384 0.05889423076923077 0.07932692307692307