2 0.1971153846153846 0.7680288461538461 0.06850961538461539 0.11298076923076923
2 0.7512019230769231 0.40024038461538464 0.038461538461538464 0.054086538461538464
2 0.6382211538461539 0.7223557692307693 0.03485576923076923 0.06129807692307692
0 0.2403846153846154 0.13701923076923078 0.030048076923076924 0.046875
0 0.5228365384615384 0.06009615384615385 0.018028846153846152 0.03245192307692308
0 0.5588942307692307 0.109375 0.03365384615384615 0.046875
0 0.7704326923076923 0.14903846153846154 0.040865384615384616 0.07692307692307693
0 0.5925480769230769 0.22596153846153846 0.028846153846153848 0.056490384615384616
0 0.640625 0.27163461538461536 0.0625 0.08413461538461539
0 0.6742788461538461 0.34975961538461536 0.054086538461538464 0.08653846153846154
0 0.6454326923076923 0.4483173076923077 0.06610576923076923 0.10576923076923077
0 0.14903846153846154 0.4387019230769231 0.054086538461538464 0.07692307692307693
1 0.9098557692307693 0.14182692307692307 0.11538461538461539 0.09134615384615384
1 0.3016826923076923 0.7992788461538461 0.15745192307692307 0.1310096153846154
1 0.06850961538461539 0.6129807692307693 0.05889423076923077 0.14543269230769232