0 0.3161057692307692 0.8533653846153846 0.026442307692307692 0.04567307692307692
0 0.5492788461538461 0.5012019230769231 0.020432692307692308 0.04326923076923077
0 0.39302884615384615 0.7127403846153846 0.02283653846153846 0.042067307692307696
0 0.6526442307692307 0.25721153846153844 0.042067307692307696 0.06850961538461539
0 0.8701923076923077 0.24519230769230768 0.03485576923076923 0.06490384615384616
0 0.9771634615384616 0.2692307692307692 0.040865384615384616 0.0625
0 0.7211538461538461 0.4206730769230769 0.038461538461538464 0.06009615384615385
0 0.41586538461538464 0.9014423076923077 0.039663461538461536 0.06370192307692307
1 0.46033653846153844 0.9170673076923077 0.10096153846153846 0.16346153846153846
0 0.5432692307692307 0.8954326923076923 0.042067307692307696 0.07451923076923077
3 0.33653846153846156 0.9627403846153846 0.052884615384615384 0.07211538461538461