2 0.9435096153846154 0.3076923076923077 0.05889423076923077 0.042067307692307696
2 0.6814903846153846 0.2860576923076923 0.025240384615384616 0.039663461538461536
2 0.7836538461538461 0.40384615384615385 0.042067307692307696 0.06610576923076923
2 0.8317307692307693 0.8329326923076923 0.06610576923076923 0.09134615384615384
3 0.21514423076923078 0.234375 0.10576923076923077 0.16346153846153846
3 0.21875 0.0625 0.09014423076923077 0.12139423076923077
3 0.07932692307692307 0.31971153846153844 0.08774038461538461 0.09615384615384616
3 0.7295673076923077 0.09375 0.06009615384615385 0.0985576923076923
3 0.5444711538461539 0.24158653846153846 0.04447115384615385 0.08413461538461539
3 0.34975961538461536 0.41346153846153844 0.0889423076923077 0.1502403846153846
3 0.49399038461538464 0.5865384615384616 0.046875 0.08173076923076923
3 0.5877403846153846 0.9663461538461539 0.06129807692307692 0.06129807692307692
0 0.11658653846153846 0.1778846153846154 0.0829326923076923 0.10336538461538461
0 0.2644230769230769 0.3293269230769231 0.07211538461538461 0.10576923076923077
0 0.6069711538461539 0.039663461538461536 0.06610576923076923 0.07451923076923077
0 0.4326923076923077 0.37259615384615385 0.040865384615384616 0.04927884615384615
0 0.7055288461538461 0.45552884615384615 0.08653846153846154 0.10576923076923077
0 0.8497596153846154 0.5637019230769231 0.09254807692307693 0.09615384615384616
0 0.7487980769230769 0.5612980769230769 0.09615384615384616 0.10576923076923077
0 0.5973557692307693 0.4831730769230769 0.07932692307692307 0.12139423076923077
0 0.2439903846153846 0.7271634615384616 0.09014423076923077 0.12139423076923077
0 0.34134615384615385 0.9663461538461539 0.07932692307692307 0.06129807692307692