0 0.6165865384615384 0.5673076923076923 0.203125 0.36538461538461536
0 0.5144230769230769 0.4266826923076923 0.1875 0.30649038461538464
2 0.4326923076923077 0.3245192307692308 0.14903846153846154 0.23918269230769232
2 0.34134615384615385 0.4879807692307692 0.14543269230769232 0.21514423076923078
0 0.2091346153846154 0.43028846153846156 0.1502403846153846 0.2644230769230769
2 0.1622596153846154 0.6730769230769231 0.18990384615384615 0.24879807692307693
2 0.15144230769230768 0.8737980769230769 0.21995192307692307 0.24639423076923078
2 0.5889423076923077 0.25961538461538464 0.15504807692307693 0.17307692307692307
2 0.4675480769230769 0.7271634615384616 0.19110576923076922 0.3485576923076923
2 0.4326923076923077 0.9423076923076923 0.31490384615384615 0.11057692307692307
2 0.9411057692307693 0.34975961538461536 0.1141826923076923 0.18509615384615385
0 0.9362980769230769 0.7872596153846154 0.12379807692307693 0.41947115384615385