3 0.8197115384615384 0.2776442307692308 0.03485576923076923 0.06009615384615385
3 0.2920673076923077 0.03125 0.054086538461538464 0.05889423076923077
0 0.7848557692307693 0.30408653846153844 0.03245192307692308 0.054086538461538464
0 0.5480769230769231 0.16466346153846154 0.036057692307692304 0.06009615384615385
0 0.3713942307692308 0.4387019230769231 0.036057692307692304 0.06009615384615385
0 0.5865384615384616 0.4519230769230769 0.038461538461538464 0.06610576923076923
0 0.5144230769230769 0.6971153846153846 0.037259615384615384 0.078125
1 0.6069711538461539 0.2704326923076923 0.06610576923076923 0.0985576923076923
1 0.41225961538461536 0.2920673076923077 0.08173076923076923 0.11778846153846154
1 0.15144230769230768 0.5024038461538461 0.125 0.08533653846153846
3 0.4951923076923077 0.2800480769230769 0.038461538461538464 0.06610576923076923