2 0.7175480769230769 0.9519230769230769 0.12379807692307693 0.09495192307692307
2 0.6778846153846154 0.859375 0.06610576923076923 0.13341346153846154
2 0.09615384615384616 0.5264423076923077 0.06490384615384616 0.08052884615384616
2 0.2776442307692308 0.38461538461538464 0.04326923076923077 0.0673076923076923
2 0.23677884615384615 0.5829326923076923 0.04326923076923077 0.04927884615384615
2 0.22235576923076922 0.5396634615384616 0.04447115384615385 0.06009615384615385
2 0.3137019230769231 0.5228365384615384 0.04326923076923077 0.08052884615384616
2 0.34615384615384615 0.4735576923076923 0.04807692307692308 0.0733173076923077
2 0.37259615384615385 0.5192307692307693 0.04807692307692308 0.0625
2 0.40625 0.4074519230769231 0.040865384615384616 0.06009615384615385
2 0.38341346153846156 0.3713942307692308 0.040865384615384616 0.056490384615384616
2 0.4699519230769231 0.41586538461538464 0.046875 0.0733173076923077
2 0.6213942307692307 0.8016826923076923 0.10096153846153846 0.20552884615384615
2 0.8834134615384616 0.8545673076923077 0.07692307692307693 0.125
2 0.9447115384615384 0.7043269230769231 0.06009615384615385 0.10697115384615384
2 0.9591346153846154 0.6201923076923077 0.08052884615384616 0.1346153846153846
2 0.8425480769230769 0.47836538461538464 0.052884615384615384 0.08533653846153846
2 0.8617788461538461 0.5612980769230769 0.057692307692307696 0.06971153846153846
2 0.8725961538461539 0.5973557692307693 0.052884615384615384 0.0625
2 0.40625 0.21995192307692307 0.04447115384615385 0.04927884615384615
2 0.36899038461538464 0.25 0.039663461538461536 0.046875
2 0.6754807692307693 0.33413461538461536 0.037259615384615384 0.04447115384615385