2 0.5012019230769231 0.25841346153846156 0.04567307692307692 0.052884615384615384
2 0.9050480769230769 0.3713942307692308 0.06850961538461539 0.0889423076923077
2 0.8389423076923077 0.4375 0.07211538461538461 0.078125
2 0.8870192307692307 0.47596153846153844 0.06850961538461539 0.08052884615384616
2 0.921875 0.5661057692307693 0.07211538461538461 0.09975961538461539
2 0.8125 0.5456730769230769 0.06850961538461539 0.0733173076923077
2 0.4699519230769231 0.4483173076923077 0.054086538461538464 0.06009615384615385
2 0.19471153846153846 0.4098557692307692 0.040865384615384616 0.057692307692307696
2 0.15985576923076922 0.6694711538461539 0.051682692307692304 0.08413461538461539
2 0.21754807692307693 0.5036057692307693 0.04927884615384615 0.07932692307692307
2 0.036057692307692304 0.6622596153846154 0.06610576923076923 0.10817307692307693
2 0.1141826923076923 0.5540865384615384 0.042067307692307696 0.08653846153846154