1 0.671875 0.21033653846153846 0.051682692307692304 0.11298076923076923
1 0.6658653846153846 0.28846153846153844 0.09254807692307693 0.07932692307692307
1 0.6346153846153846 0.109375 0.06850961538461539 0.10096153846153846
1 0.3269230769230769 0.9014423076923077 0.09615384615384616 0.19230769230769232
1 0.24639423076923078 0.6947115384615384 0.20793269230769232 0.3088942307692308
1 0.17307692307692307 0.6418269230769231 0.19471153846153846 0.1875
1 0.8858173076923077 0.7764423076923077 0.2247596153846154 0.31850961538461536
1 0.9002403846153846 0.6346153846153846 0.19591346153846154 0.25721153846153844
1 0.8858173076923077 0.5528846153846154 0.22596153846153846 0.19230769230769232
1 0.6538461538461539 0.36778846153846156 0.17668269230769232 0.14783653846153846
1 0.8762019230769231 0.4387019230769231 0.2439903846153846 0.140625
1 0.7067307692307693 0.6153846153846154 0.12259615384615384 0.3557692307692308
1 0.6225961538461539 0.5649038461538461 0.1045673076923077 0.25240384615384615
1 0.5168269230769231 0.5925480769230769 0.19951923076923078 0.24158653846153846
1 0.9350961538461539 0.234375 0.12740384615384615 0.13341346153846154
1 0.9170673076923077 0.11778846153846154 0.13581730769230768 0.1658653846153846
1 0.5769230769230769 0.21394230769230768 0.078125 0.06610576923076923
1 0.5661057692307693 0.1778846153846154 0.08653846153846154 0.054086538461538464
1 0.5108173076923077 0.38341346153846156 0.12139423076923077 0.234375
1 0.4170673076923077 0.42427884615384615 0.15745192307692307 0.2127403846153846
1 0.42427884615384615 0.26802884615384615 0.14302884615384615 0.16105769230769232
0 0.3870192307692308 0.5264423076923077 0.1346153846153846 0.25240384615384615
0 0.3329326923076923 0.31971153846153844 0.08653846153846154 0.16105769230769232
1 0.2704326923076923 0.38100961538461536 0.09495192307692307 0.21033653846153846
1 0.23557692307692307 0.3004807692307692 0.125 0.12620192307692307
1 0.18629807692307693 0.203125 0.1310096153846154 0.24879807692307693
1 0.4387019230769231 0.10216346153846154 0.1466346153846154 0.09615384615384616
0 0.25600961538461536 0.18870192307692307 0.08052884615384616 0.1310096153846154
0 0.2127403846153846 0.09615384615384616 0.0625 0.08413461538461539
0 0.3233173076923077 0.15384615384615385 0.07091346153846154 0.11658653846153846
0 0.3737980769230769 0.0673076923076923 0.06370192307692307 0.10096153846153846
0 0.37259615384615385 0.16947115384615385 0.06370192307692307 0.11658653846153846
1 0.7319711538461539 0.12259615384615384 0.09735576923076923 0.17067307692307693
1 0.828125 0.15504807692307693 0.08413461538461539 0.10817307692307693
2 0.11057692307692307 0.45552884615384615 0.12860576923076922 0.13581730769230768