3 0.7271634615384616 0.9050480769230769 0.0985576923076923 0.18870192307692307
1 0.36658653846153844 0.10336538461538461 0.1141826923076923 0.11298076923076923
1 0.14783653846153846 0.18389423076923078 0.15745192307692307 0.0985576923076923
0 0.05889423076923077 0.4483173076923077 0.039663461538461536 0.0625
0 0.3629807692307692 0.5528846153846154 0.04927884615384615 0.0733173076923077
0 0.4723557692307692 0.5877403846153846 0.038461538461538464 0.05889423076923077
0 0.25 0.6887019230769231 0.055288461538461536 0.07451923076923077
0 0.27163461538461536 0.7788461538461539 0.055288461538461536 0.078125
0 0.4567307692307692 0.8149038461538461 0.05889423076923077 0.078125
0 0.5612980769230769 0.2608173076923077 0.03365384615384615 0.05889423076923077
0 0.7259615384615384 0.6177884615384616 0.046875 0.08173076923076923
0 0.9519230769230769 0.7620192307692307 0.04326923076923077 0.07211538461538461
0 0.6069711538461539 0.9507211538461539 0.06971153846153846 0.09735576923076923