0 0.18870192307692307 0.46875 0.0733173076923077 0.1045673076923077
0 0.19471153846153846 0.6201923076923077 0.07211538461538461 0.10216346153846154
0 0.78125 0.7103365384615384 0.06610576923076923 0.1045673076923077
0 0.5408653846153846 0.8629807692307693 0.040865384615384616 0.07932692307692307
0 0.3245192307692308 0.13942307692307693 0.06129807692307692 0.07451923076923077
0 0.484375 0.12139423076923077 0.08052884615384616 0.09975961538461539
0 0.06971153846153846 0.16466346153846154 0.0733173076923077 0.08774038461538461
0 0.15144230769230768 0.2403846153846154 0.051682692307692304 0.06009615384615385
0 0.19831730769230768 0.23076923076923078 0.052884615384615384 0.07091346153846154
0 0.15625 0.37740384615384615 0.06009615384615385 0.0625
0 0.4182692307692308 0.47596153846153844 0.07211538461538461 0.08533653846153846
0 0.4423076923076923 0.3942307692307692 0.051682692307692304 0.09014423076923077
0 0.4951923076923077 0.3317307692307692 0.056490384615384616 0.08774038461538461
0 0.5408653846153846 0.24158653846153846 0.09254807692307693 0.1045673076923077
0 0.3088942307692308 0.5480769230769231 0.06490384615384616 0.08774038461538461
0 0.21634615384615385 0.8317307692307693 0.078125 0.09975961538461539
0 0.18389423076923078 0.7271634615384616 0.07211538461538461 0.11298076923076923
0 0.7548076923076923 0.3317307692307692 0.04447115384615385 0.06850961538461539
0 0.59375 0.15144230769230768 0.04807692307692308 0.0733173076923077