2 0.3557692307692308 0.4014423076923077 0.03245192307692308 0.027644230769230768
1 0.11899038461538461 0.5120192307692307 0.10096153846153846 0.1502403846153846
1 0.47115384615384615 0.42788461538461536 0.1310096153846154 0.1502403846153846
1 0.5925480769230769 0.20192307692307693 0.08413461538461539 0.08413461538461539
1 0.8629807692307693 0.3918269230769231 0.09014423076923077 0.1502403846153846
1 0.7512019230769231 0.5060096153846154 0.13942307692307693 0.11899038461538461
1 0.9170673076923077 0.6237980769230769 0.1310096153846154 0.1310096153846154
1 0.46153846153846156 0.6286057692307693 0.27524038461538464 0.1310096153846154
1 0.4639423076923077 0.7295673076923077 0.23557692307692307 0.140625
1 0.6694711538461539 0.71875 0.16346153846153846 0.20192307692307693
1 0.8918269230769231 0.8569711538461539 0.21394230769230768 0.28125