0 0.6069711538461539 0.21153846153846154 0.027644230769230768 0.038461538461538464
0 0.4723557692307692 0.2776442307692308 0.019230769230769232 0.03245192307692308
0 0.7788461538461539 0.2283653846153846 0.025240384615384616 0.037259615384615384
0 0.8197115384615384 0.20793269230769232 0.03485576923076923 0.046875
0 0.875 0.23557692307692307 0.028846153846153848 0.05048076923076923
0 0.019230769230769232 0.4411057692307692 0.03245192307692308 0.05048076923076923
0 0.38341346153846156 0.359375 0.03245192307692308 0.040865384615384616
0 0.36899038461538464 0.2668269230769231 0.03365384615384615 0.056490384615384616
0 0.19110576923076922 0.4014423076923077 0.036057692307692304 0.054086538461538464
0 0.10336538461538461 0.7764423076923077 0.04326923076923077 0.05889423076923077
0 0.3641826923076923 0.5 0.030048076923076924 0.046875
0 0.8521634615384616 0.47836538461538464 0.03485576923076923 0.07451923076923077
0 0.796875 0.4879807692307692 0.04326923076923077 0.056490384615384616
0 0.9002403846153846 0.6298076923076923 0.055288461538461536 0.08052884615384616
0 0.46634615384615385 0.6935096153846154 0.05048076923076923 0.0673076923076923
0 0.6177884615384616 0.7956730769230769 0.07451923076923077 0.11899038461538461
0 0.26802884615384615 0.9387019230769231 0.046875 0.09615384615384616
3 0.328125 0.7980769230769231 0.08533653846153846 0.11538461538461539