3 0.4098557692307692 0.33653846153846156 0.057692307692307696 0.08173076923076923
1 0.7007211538461539 0.8233173076923077 0.10096153846153846 0.1502403846153846
0 0.640625 0.6334134615384616 0.02403846153846154 0.042067307692307696
0 0.5600961538461539 0.3713942307692308 0.028846153846153848 0.038461538461538464
0 0.4879807692307692 0.26322115384615385 0.021634615384615384 0.04447115384615385
0 0.26322115384615385 0.109375 0.030048076923076924 0.038461538461538464
0 0.32211538461538464 0.1346153846153846 0.027644230769230768 0.042067307692307696
0 0.296875 0.140625 0.02283653846153846 0.05889423076923077
0 0.4579326923076923 0.3473557692307692 0.03125 0.05889423076923077
0 0.13221153846153846 0.36538461538461536 0.03485576923076923 0.054086538461538464
0 0.1971153846153846 0.2860576923076923 0.04326923076923077 0.06009615384615385
0 0.25721153846153844 0.27163461538461536 0.03485576923076923 0.054086538461538464
0 0.4026442307692308 0.5408653846153846 0.039663461538461536 0.06009615384615385
0 0.32572115384615385 0.9314903846153846 0.04567307692307692 0.07572115384615384