2 0.055288461538461536 0.06610576923076923 0.0985576923076923 0.10336538461538461
0 0.43990384615384615 0.06971153846153846 0.08653846153846154 0.13341346153846154
0 0.30528846153846156 0.0829326923076923 0.08653846153846154 0.13581730769230768
0 0.3701923076923077 0.17067307692307693 0.11538461538461539 0.18269230769230768
2 0.3581730769230769 0.40865384615384615 0.1141826923076923 0.15504807692307693
2 0.2644230769230769 0.5456730769230769 0.125 0.18269230769230768
0 0.1622596153846154 0.18870192307692307 0.109375 0.1502403846153846
0 0.21995192307692307 0.2283653846153846 0.0829326923076923 0.11057692307692307
2 0.28846153846153844 0.25961538461538464 0.1045673076923077 0.12379807692307693
2 0.22115384615384615 0.3473557692307692 0.09134615384615384 0.18028846153846154
2 0.1310096153846154 0.30288461538461536 0.12259615384615384 0.11057692307692307
2 0.28725961538461536 0.7403846153846154 0.1622596153846154 0.27163461538461536
2 0.49038461538461536 0.3088942307692308 0.10096153846153846 0.15264423076923078
2 0.5504807692307693 0.13822115384615385 0.11899038461538461 0.09375
2 0.5661057692307693 0.24158653846153846 0.10336538461538461 0.15745192307692307
2 0.6213942307692307 0.3173076923076923 0.09014423076923077 0.14543269230769232
0 0.6766826923076923 0.20552884615384615 0.11658653846153846 0.17307692307692307
0 0.59375 0.45552884615384615 0.11298076923076923 0.2692307692307692
0 0.5420673076923077 0.5817307692307693 0.171875 0.19471153846153846
0 0.7199519230769231 0.5372596153846154 0.1502403846153846 0.23918269230769232
1 0.4254807692307692 0.7608173076923077 0.125 0.41947115384615385
2 0.5516826923076923 0.7776442307692307 0.19110576923076922 0.3557692307692308
2 0.7572115384615384 0.21995192307692307 0.09495192307692307 0.13822115384615385
1 0.7211538461538461 0.3629807692307692 0.1658653846153846 0.2127403846153846
2 0.8653846153846154 0.5420673076923077 0.18509615384615385 0.25961538461538464
2 0.8221153846153846 0.06370192307692307 0.09615384615384616 0.09375
2 0.953125 0.16105769230769232 0.09134615384615384 0.15745192307692307