0 0.8401442307692307 0.3557692307692308 0.13341346153846154 0.19230769230769232
1 0.8990384615384616 0.18028846153846154 0.1310096153846154 0.18269230769230768
1 0.9375 0.25600961538461536 0.12259615384615384 0.140625
1 0.4543269230769231 0.8185096153846154 0.09615384615384616 0.3581730769230769
1 0.5408653846153846 0.7475961538461539 0.1658653846153846 0.2764423076923077
1 0.5432692307692307 0.8581730769230769 0.1814903846153846 0.27884615384615385
1 0.6814903846153846 0.8701923076923077 0.15865384615384615 0.20552884615384615
1 0.8149038461538461 0.8557692307692307 0.2091346153846154 0.2439903846153846
1 0.859375 0.7560096153846154 0.24879807692307693 0.27163461538461536
1 0.953125 0.59375 0.09134615384615384 0.1658653846153846
1 0.9170673076923077 0.4855769230769231 0.16346153846153846 0.1658653846153846
1 0.6778846153846154 0.6826923076923077 0.18629807692307693 0.19951923076923078
1 0.6141826923076923 0.5829326923076923 0.11778846153846154 0.23197115384615385
1 0.6057692307692307 0.5264423076923077 0.1346153846153846 0.2127403846153846
1 0.6971153846153846 0.5132211538461539 0.09134615384615384 0.20793269230769232
1 0.7572115384615384 0.4891826923076923 0.09735576923076923 0.20793269230769232
1 0.828125 0.45552884615384615 0.09975961538461539 0.12139423076923077
1 0.5889423076923077 0.3581730769230769 0.13341346153846154 0.11298076923076923