3 0.5528846153846154 0.9122596153846154 0.0889423076923077 0.17067307692307693
0 0.14423076923076922 0.14783653846153846 0.08653846153846154 0.16346153846153846
0 0.390625 0.6850961538461539 0.07451923076923077 0.11658653846153846
0 0.47596153846153844 0.7079326923076923 0.06610576923076923 0.10576923076923077
0 0.5733173076923077 0.5961538461538461 0.06009615384615385 0.12139423076923077
0 0.6646634615384616 0.7704326923076923 0.0625 0.10817307692307693
0 0.20673076923076922 0.8725961538461539 0.09975961538461539 0.14543269230769232
0 0.7800480769230769 0.8377403846153846 0.06971153846153846 0.12620192307692307
0 0.6370192307692307 0.35096153846153844 0.06370192307692307 0.10336538461538461
0 0.6454326923076923 0.5757211538461539 0.036057692307692304 0.09375
0 0.7115384615384616 0.3918269230769231 0.04807692307692308 0.140625
0 0.7463942307692307 0.31490384615384615 0.04447115384615385 0.11057692307692307
0 0.7163461538461539 0.23677884615384615 0.052884615384615384 0.0985576923076923
0 0.7331730769230769 0.14543269230769232 0.06129807692307692 0.0889423076923077