3 0.5300480769230769 0.6622596153846154 0.09254807692307693 0.11658653846153846
0 0.4074519230769231 0.10697115384615384 0.055288461538461536 0.07451923076923077
0 0.3701923076923077 0.171875 0.056490384615384616 0.07932692307692307
0 0.7752403846153846 0.2512019230769231 0.06129807692307692 0.07932692307692307
0 0.8725961538461539 0.6225961538461539 0.056490384615384616 0.07091346153846154
0 0.6862980769230769 0.7536057692307693 0.07211538461538461 0.1045673076923077
0 0.9675480769230769 0.8317307692307693 0.06009615384615385 0.1045673076923077
0 0.7427884615384616 0.9567307692307693 0.09254807692307693 0.0829326923076923
0 0.6742788461538461 0.8786057692307693 0.07211538461538461 0.10096153846153846
0 0.2536057692307692 0.6298076923076923 0.06370192307692307 0.11298076923076923
0 0.17668269230769232 0.5192307692307693 0.08052884615384616 0.1045673076923077
0 0.12139423076923077 0.6887019230769231 0.07211538461538461 0.09014423076923077
0 0.6310096153846154 0.4735576923076923 0.1045673076923077 0.12620192307692307