0 0.8930288461538461 0.43509615384615385 0.039663461538461536 0.04927884615384615
0 0.9206730769230769 0.45913461538461536 0.027644230769230768 0.04927884615384615
0 0.7560096153846154 0.4182692307692308 0.026442307692307692 0.040865384615384616
0 0.7728365384615384 0.4879807692307692 0.03245192307692308 0.05048076923076923
0 0.6033653846153846 0.4951923076923077 0.025240384615384616 0.05048076923076923
0 0.5192307692307693 0.6009615384615384 0.036057692307692304 0.057692307692307696
3 0.8197115384615384 0.7199519230769231 0.052884615384615384 0.07091346153846154
3 0.5637019230769231 0.9699519230769231 0.06850961538461539 0.05889423076923077
1 0.4254807692307692 0.953125 0.10096153846153846 0.09014423076923077
0 0.3641826923076923 0.9603365384615384 0.03485576923076923 0.06009615384615385
0 0.47596153846153844 0.7800480769230769 0.042067307692307696 0.056490384615384616