1 0.3112980769230769 0.7079326923076923 0.11538461538461539 0.21514423076923078
1 0.7668269230769231 0.7932692307692307 0.43149038461538464 0.4074519230769231
1 0.5108173076923077 0.8016826923076923 0.5528846153846154 0.39302884615384615
0 0.9567307692307693 0.5745192307692307 0.0829326923076923 0.28846153846153844
0 0.8052884615384616 0.5600961538461539 0.21995192307692307 0.2764423076923077
2 0.5733173076923077 0.5745192307692307 0.21514423076923078 0.23918269230769232
2 0.7199519230769231 0.23677884615384615 0.13701923076923078 0.15745192307692307
2 0.859375 0.21153846153846154 0.15504807692307693 0.18028846153846154
2 0.9050480769230769 0.13942307692307693 0.1466346153846154 0.15504807692307693
2 0.5745192307692307 0.21514423076923078 0.125 0.13822115384615385
2 0.22115384615384615 0.39903846153846156 0.12379807692307693 0.17548076923076922
1 0.3641826923076923 0.3545673076923077 0.21754807692307693 0.234375
0 0.38461538461538464 0.2764423076923077 0.12860576923076922 0.14302884615384615
0 0.5384615384615384 0.36538461538461536 0.15504807692307693 0.20793269230769232
2 0.4879807692307692 0.12860576923076922 0.1141826923076923 0.13822115384615385
2 0.375 0.16947115384615385 0.11899038461538461 0.11658653846153846
2 0.38461538461538464 0.08533653846153846 0.09735576923076923 0.07692307692307693
1 0.25961538461538464 0.14543269230769232 0.1622596153846154 0.12860576923076922
1 0.22235576923076922 0.07451923076923077 0.08653846153846154 0.0889423076923077
1 0.12860576923076922 0.19591346153846154 0.08774038461538461 0.18509615384615385