2 0.5649038461538461 0.6983173076923077 0.051682692307692304 0.08413461538461539
2 0.4543269230769231 0.6875 0.04927884615384615 0.07091346153846154
2 0.4110576923076923 0.7884615384615384 0.055288461538461536 0.0829326923076923
2 0.43990384615384615 0.8161057692307693 0.05889423076923077 0.0889423076923077
2 0.8798076923076923 0.9411057692307693 0.10336538461538461 0.11658653846153846
2 0.9086538461538461 0.6598557692307693 0.078125 0.11658653846153846
2 0.6923076923076923 0.546875 0.037259615384615384 0.08413461538461539
2 0.7007211538461539 0.6382211538461539 0.06610576923076923 0.10817307692307693
2 0.6538461538461539 0.546875 0.046875 0.0889423076923077
2 0.4675480769230769 0.8954326923076923 0.051682692307692304 0.09975961538461539
2 0.5192307692307693 0.7908653846153846 0.057692307692307696 0.10096153846153846
2 0.7680288461538461 0.4639423076923077 0.052884615384615384 0.07451923076923077