0 0.8810096153846154 0.13581730769230768 0.05048076923076923 0.08413461538461539
0 0.6466346153846154 0.08413461538461539 0.0625 0.0985576923076923
0 0.40865384615384615 0.2764423076923077 0.04807692307692308 0.07932692307692307
0 0.25961538461538464 0.2512019230769231 0.042067307692307696 0.06610576923076923
0 0.5108173076923077 0.3076923076923077 0.055288461538461536 0.09615384615384616
0 0.421875 0.7139423076923077 0.078125 0.12860576923076922
0 0.1778846153846154 0.53125 0.06009615384615385 0.0889423076923077
0 0.9182692307692307 0.9747596153846154 0.09975961538461539 0.04447115384615385
3 0.8365384615384616 0.9495192307692307 0.06971153846153846 0.09615384615384616
3 0.828125 0.8016826923076923 0.06370192307692307 0.08173076923076923
3 0.5228365384615384 0.78125 0.04567307692307692 0.07692307692307693
3 0.18269230769230768 0.9206730769230769 0.06009615384615385 0.0889423076923077