0 0.5432692307692307 0.41947115384615385 0.08653846153846154 0.14302884615384615
0 0.5805288461538461 0.5528846153846154 0.0889423076923077 0.1346153846153846
0 0.546875 0.7379807692307693 0.08653846153846154 0.16826923076923078
0 0.40625 0.9290865384615384 0.08533653846153846 0.140625
0 0.6610576923076923 0.9423076923076923 0.08533653846153846 0.1141826923076923
0 0.5697115384615384 0.9074519230769231 0.1141826923076923 0.18389423076923078
0 0.7019230769230769 0.6610576923076923 0.08052884615384616 0.1310096153846154
0 0.5360576923076923 0.057692307692307696 0.08653846153846154 0.10576923076923077
3 0.33774038461538464 0.8521634615384616 0.12259615384615384 0.21995192307692307
2 0.4855769230769231 0.4519230769230769 0.02283653846153846 0.057692307692307696
2 0.4387019230769231 0.4879807692307692 0.019230769230769232 0.04326923076923077
2 0.23798076923076922 0.16947115384615385 0.03245192307692308 0.05048076923076923
2 0.22235576923076922 0.09134615384615384 0.03365384615384615 0.046875