3 0.8617788461538461 0.24759615384615385 0.056490384615384616 0.08653846153846154
3 0.8737980769230769 0.35096153846153844 0.07932692307692307 0.10817307692307693
3 0.8461538461538461 0.40865384615384615 0.05889423076923077 0.11658653846153846
3 0.859375 0.6838942307692307 0.06370192307692307 0.15745192307692307
3 0.9627403846153846 0.7716346153846154 0.07211538461538461 0.14543269230769232
3 0.8293269230769231 0.8942307692307693 0.10336538461538461 0.20793269230769232
3 0.6742788461538461 0.17668269230769232 0.054086538461538464 0.12139423076923077
3 0.5180288461538461 0.051682692307692304 0.0829326923076923 0.0985576923076923
3 0.21394230769230768 0.19951923076923078 0.07211538461538461 0.09375
3 0.26802884615384615 0.2764423076923077 0.07211538461538461 0.09375
3 0.5072115384615384 0.4254807692307692 0.056490384615384616 0.10576923076923077
3 0.5745192307692307 0.4014423076923077 0.0829326923076923 0.1310096153846154
3 0.6177884615384616 0.4362980769230769 0.06850961538461539 0.18990384615384615
3 0.3545673076923077 0.43028846153846156 0.0985576923076923 0.15504807692307693
3 0.5396634615384616 0.5673076923076923 0.04807692307692308 0.10817307692307693
3 0.3389423076923077 0.6213942307692307 0.0889423076923077 0.13581730769230768
3 0.27884615384615385 0.7259615384615384 0.07091346153846154 0.10817307692307693
3 0.4098557692307692 0.7920673076923077 0.12740384615384615 0.2127403846153846
3 0.27403846153846156 0.8870192307692307 0.10576923076923077 0.18269230769230768
3 0.3954326923076923 0.9495192307692307 0.10576923076923077 0.09615384615384616
0 0.6322115384615384 0.06129807692307692 0.046875 0.06971153846153846
0 0.7379807692307693 0.1778846153846154 0.055288461538461536 0.09375
0 0.9134615384615384 0.17908653846153846 0.056490384615384616 0.08173076923076923
0 0.5408653846153846 0.24639423076923078 0.056490384615384616 0.09375
0 0.6346153846153846 0.2776442307692308 0.08052884615384616 0.11658653846153846
0 0.7103365384615384 0.3293269230769231 0.06850961538461539 0.08173076923076923
0 0.7824519230769231 0.375 0.06971153846153846 0.0985576923076923
0 0.6995192307692307 0.421875 0.07692307692307693 0.11899038461538461
0 0.7692307692307693 0.49158653846153844 0.06850961538461539 0.12860576923076922
0 0.7223557692307693 0.7103365384615384 0.04567307692307692 0.1502403846153846
0 0.6995192307692307 0.578125 0.0733173076923077 0.11298076923076923
0 0.7848557692307693 0.640625 0.06610576923076923 0.10096153846153846
0 0.7824519230769231 0.78125 0.05889423076923077 0.11658653846153846
0 0.4735576923076923 0.9278846153846154 0.09975961538461539 0.13822115384615385
0 0.47596153846153844 0.6418269230769231 0.07692307692307693 0.14302884615384615
0 0.5600961538461539 0.8209134615384616 0.08653846153846154 0.1658653846153846
0 0.6766826923076923 0.8918269230769231 0.10336538461538461 0.1875
0 0.7379807692307693 0.8954326923076923 0.03485576923076923 0.140625
0 0.5637019230769231 0.6850961538461539 0.078125 0.1658653846153846
0 0.6598557692307693 0.7115384615384616 0.09254807692307693 0.14783653846153846
2 0.5048076923076923 0.10096153846153846 0.02403846153846154 0.025240384615384616
2 0.3557692307692308 0.01201923076923077 0.028846153846153848 0.019230769230769232
2 0.7836538461538461 0.2608173076923077 0.020432692307692308 0.042067307692307696
2 0.6069711538461539 0.9411057692307693 0.025240384615384616 0.04447115384615385
0 0.28846153846153844 0.17668269230769232 0.06009615384615385 0.10096153846153846
3 0.1622596153846154 0.7247596153846154 0.05889423076923077 0.11057692307692307