2 0.9627403846153846 0.8942307692307693 0.04567307692307692 0.07932692307692307
2 0.9278846153846154 0.8545673076923077 0.04927884615384615 0.06490384615384616
2 0.13701923076923078 0.46274038461538464 0.0625 0.06850961538461539
2 0.027644230769230768 0.7800480769230769 0.055288461538461536 0.08774038461538461
2 0.3329326923076923 0.4639423076923077 0.05048076923076923 0.06129807692307692
2 0.390625 0.453125 0.040865384615384616 0.07091346153846154
2 0.36899038461538464 0.4026442307692308 0.04447115384615385 0.06610576923076923
2 0.2980769230769231 0.3293269230769231 0.037259615384615384 0.06129807692307692
2 0.6201923076923077 0.7139423076923077 0.0985576923076923 0.171875
2 0.671875 0.7427884615384616 0.06129807692307692 0.10216346153846154
2 0.6550480769230769 0.78125 0.057692307692307696 0.11177884615384616
2 0.6802884615384616 0.8461538461538461 0.057692307692307696 0.09375
2 0.8834134615384616 0.7572115384615384 0.08653846153846154 0.11538461538461539
2 0.40384615384615385 0.9194711538461539 0.06971153846153846 0.140625
2 0.9579326923076923 0.6274038461538461 0.06490384615384616 0.10336538461538461
2 0.9663461538461539 0.5372596153846154 0.0625 0.13221153846153846
1 0.828125 0.6670673076923077 0.09615384615384616 0.06490384615384616
2 0.48677884615384615 0.34975961538461536 0.04567307692307692 0.057692307692307696
2 0.43028846153846156 0.34615384615384615 0.04326923076923077 0.054086538461538464
2 0.4074519230769231 0.31850961538461536 0.04567307692307692 0.04807692307692308
2 0.42788461538461536 0.171875 0.04567307692307692 0.055288461538461536
2 0.390625 0.20552884615384615 0.03485576923076923 0.052884615384615384
2 0.1466346153846154 0.14543269230769232 0.037259615384615384 0.04567307692307692
2 0.265625 0.5108173076923077 0.04807692307692308 0.04326923076923077
2 0.2512019230769231 0.47596153846153844 0.04326923076923077 0.04927884615384615
2 0.6850961538461539 0.2668269230769231 0.056490384615384616 0.078125
2 0.8665865384615384 0.3473557692307692 0.04326923076923077 0.057692307692307696
2 0.8545673076923077 0.40865384615384615 0.06129807692307692 0.0889423076923077
2 0.8762019230769231 0.49038461538461536 0.06610576923076923 0.06850961538461539
2 0.8846153846153846 0.5240384615384616 0.055288461538461536 0.055288461538461536
2 0.4735576923076923 0.2247596153846154 0.03245192307692308 0.057692307692307696