3 0.27163461538461536 0.078125 0.06009615384615385 0.07211538461538461
2 0.7728365384615384 0.09975961538461539 0.028846153846153848 0.051682692307692304
2 0.7932692307692307 0.037259615384615384 0.03485576923076923 0.05889423076923077
0 0.8413461538461539 0.1201923076923077 0.06370192307692307 0.12139423076923077
0 0.5300480769230769 0.2932692307692308 0.07692307692307693 0.10817307692307693
0 0.5336538461538461 0.5120192307692307 0.06971153846153846 0.09134615384615384
0 0.3641826923076923 0.71875 0.052884615384615384 0.15745192307692307
0 0.5504807692307693 0.7271634615384616 0.056490384615384616 0.12139423076923077
0 0.4723557692307692 0.9158653846153846 0.07451923076923077 0.16346153846153846
2 0.25240384615384615 0.7764423076923077 0.03485576923076923 0.046875
2 0.859375 0.7163461538461539 0.037259615384615384 0.04927884615384615
2 0.7091346153846154 0.5973557692307693 0.02403846153846154 0.025240384615384616
3 0.1622596153846154 0.8677884615384616 0.09014423076923077 0.12139423076923077