2 0.8774038461538461 0.21754807692307693 0.05048076923076923 0.057692307692307696
2 0.7956730769230769 0.2848557692307692 0.040865384615384616 0.0673076923076923
1 0.5649038461538461 0.6995192307692307 0.07572115384615384 0.1201923076923077
2 0.3870192307692308 0.5408653846153846 0.051682692307692304 0.08653846153846154
2 0.4387019230769231 0.5673076923076923 0.055288461538461536 0.0985576923076923
2 0.53125 0.4879807692307692 0.055288461538461536 0.06610576923076923
2 0.4963942307692308 0.4735576923076923 0.05048076923076923 0.06610576923076923
2 0.5408653846153846 0.39302884615384615 0.046875 0.06610576923076923
2 0.6081730769230769 0.46875 0.057692307692307696 0.07211538461538461
2 0.6538461538461539 0.39663461538461536 0.040865384615384616 0.0673076923076923
2 0.6286057692307693 0.7199519230769231 0.0733173076923077 0.10336538461538461
2 0.7079326923076923 0.7055288461538461 0.0625 0.10096153846153846
2 0.9675480769230769 0.6009615384615384 0.06009615384615385 0.12980769230769232
2 0.5552884615384616 0.5432692307692307 0.052884615384615384 0.09495192307692307
2 0.4723557692307692 0.5841346153846154 0.051682692307692304 0.07211538461538461
2 0.8052884615384616 0.3485576923076923 0.06129807692307692 0.09014423076923077
2 0.7536057692307693 0.27524038461538464 0.052884615384615384 0.08413461538461539