3 0.34134615384615385 0.46153846153846156 0.109375 0.17307692307692307
2 0.5396634615384616 0.8545673076923077 0.03485576923076923 0.07932692307692307
0 0.8930288461538461 0.8774038461538461 0.10817307692307693 0.15504807692307693
0 0.8545673076923077 0.6706730769230769 0.08774038461538461 0.12620192307692307
0 0.7596153846153846 0.4026442307692308 0.07091346153846154 0.12860576923076922
0 0.6213942307692307 0.3329326923076923 0.06850961538461539 0.10817307692307693
0 0.5961538461538461 0.5516826923076923 0.078125 0.11057692307692307
0 0.49759615384615385 0.5192307692307693 0.06850961538461539 0.13581730769230768
0 0.45913461538461536 0.6899038461538461 0.051682692307692304 0.11057692307692307
0 0.36899038461538464 0.9326923076923077 0.08052884615384616 0.11057692307692307
0 0.24639423076923078 0.16826923076923078 0.06009615384615385 0.0985576923076923
0 0.7692307692307693 0.057692307692307696 0.06490384615384616 0.08173076923076923
0 0.11057692307692307 0.09495192307692307 0.0733173076923077 0.12620192307692307
0 0.027644230769230768 0.18990384615384615 0.037259615384615384 0.12379807692307693
3 0.6862980769230769 0.9206730769230769 0.0829326923076923 0.15264423076923078