2 0.7295673076923077 0.14302884615384615 0.021634615384615384 0.039663461538461536
2 0.9338942307692307 0.4567307692307692 0.03245192307692308 0.03485576923076923
2 0.8810096153846154 0.39783653846153844 0.027644230769230768 0.04447115384615385
2 0.828125 0.38341346153846156 0.03245192307692308 0.042067307692307696
2 0.7824519230769231 0.3762019230769231 0.03485576923076923 0.037259615384615384
3 0.7896634615384616 0.18870192307692307 0.07091346153846154 0.056490384615384616
3 0.6117788461538461 0.15985576923076922 0.054086538461538464 0.08653846153846154
3 0.4579326923076923 0.3112980769230769 0.046875 0.08413461538461539
3 0.23677884615384615 0.49158653846153844 0.11298076923076923 0.14783653846153846
3 0.4230769230769231 0.6622596153846154 0.051682692307692304 0.07932692307692307
0 0.33413461538461536 0.4254807692307692 0.04807692307692308 0.10096153846153846
0 0.5096153846153846 0.0985576923076923 0.0625 0.11298076923076923
0 0.6129807692307693 0.5144230769230769 0.05889423076923077 0.11658653846153846
0 0.7307692307692307 0.6177884615384616 0.06850961538461539 0.11298076923076923
0 0.6514423076923077 0.609375 0.06610576923076923 0.12860576923076922
0 0.5060096153846154 0.5480769230769231 0.07692307692307693 0.12860576923076922
0 0.140625 0.39783653846153844 0.10096153846153846 0.12379807692307693
0 0.109375 0.8257211538461539 0.13942307692307693 0.140625