3 0.6550480769230769 0.8305288461538461 0.051682692307692304 0.0673076923076923
3 0.6442307692307693 0.921875 0.051682692307692304 0.08173076923076923
3 0.22956730769230768 0.9122596153846154 0.07091346153846154 0.11538461538461539
0 0.40384615384615385 0.3112980769230769 0.027644230769230768 0.0625
0 0.38822115384615385 0.43990384615384615 0.028846153846153848 0.046875
0 0.8269230769230769 0.5588942307692307 0.03245192307692308 0.06370192307692307
0 0.6201923076923077 0.4230769230769231 0.02403846153846154 0.04326923076923077
0 0.5901442307692307 0.5661057692307693 0.036057692307692304 0.055288461538461536
0 0.7572115384615384 0.6382211538461539 0.03365384615384615 0.0829326923076923
0 0.6923076923076923 0.6262019230769231 0.03485576923076923 0.08533653846153846
0 0.921875 0.8641826923076923 0.055288461538461536 0.10216346153846154
0 0.8990384615384616 0.7596153846153846 0.036057692307692304 0.054086538461538464
0 0.12379807692307693 0.5024038461538461 0.05048076923076923 0.07451923076923077
0 0.3473557692307692 0.5144230769230769 0.036057692307692304 0.06850961538461539
0 0.4098557692307692 0.6105769230769231 0.04807692307692308 0.08533653846153846