2 0.5685096153846154 0.8701923076923077 0.027644230769230768 0.03245192307692308
2 0.5348557692307693 0.8653846153846154 0.030048076923076924 0.03245192307692308
2 0.9302884615384616 0.4266826923076923 0.04807692307692308 0.04447115384615385
2 0.8954326923076923 0.3870192307692308 0.036057692307692304 0.042067307692307696
2 0.7524038461538461 0.3737980769230769 0.038461538461538464 0.042067307692307696
2 0.6189903846153846 0.4831730769230769 0.027644230769230768 0.037259615384615384
2 0.6526442307692307 0.6490384615384616 0.02403846153846154 0.030048076923076924
2 0.8317307692307693 0.859375 0.078125 0.0889423076923077
2 0.9627403846153846 0.5889423076923077 0.07211538461538461 0.06129807692307692
3 0.29927884615384615 0.609375 0.03245192307692308 0.054086538461538464
0 0.11538461538461539 0.41586538461538464 0.027644230769230768 0.03245192307692308
0 0.18629807692307693 0.5805288461538461 0.042067307692307696 0.04447115384615385
0 0.28365384615384615 0.5192307692307693 0.025240384615384616 0.042067307692307696
0 0.19591346153846154 0.39302884615384615 0.036057692307692304 0.09375
0 0.15745192307692307 0.3557692307692308 0.01201923076923077 0.030048076923076924
0 0.1778846153846154 0.27524038461538464 0.030048076923076924 0.046875
0 0.0985576923076923 0.22956730769230768 0.027644230769230768 0.030048076923076924
0 0.025240384615384616 0.19471153846153846 0.025240384615384616 0.03485576923076923
0 0.04567307692307692 0.17427884615384615 0.028846153846153848 0.027644230769230768
0 0.018028846153846152 0.12139423076923077 0.021634615384615384 0.030048076923076924
0 0.14543269230769232 0.039663461538461536 0.030048076923076924 0.039663461538461536
0 0.10817307692307693 0.06129807692307692 0.04807692307692308 0.05889423076923077
0 0.09735576923076923 0.16346153846153846 0.06971153846153846 0.06370192307692307
0 0.14543269230769232 0.13221153846153846 0.036057692307692304 0.046875
0 0.16466346153846154 0.1875 0.037259615384615384 0.04447115384615385
0 0.18509615384615385 0.13221153846153846 0.04807692307692308 0.06610576923076923
0 0.21754807692307693 0.22596153846153846 0.04326923076923077 0.07211538461538461
0 0.2668269230769231 0.24639423076923078 0.03245192307692308 0.05889423076923077
0 0.5048076923076923 0.34375 0.04567307692307692 0.08413461538461539
0 0.5949519230769231 0.04927884615384615 0.0625 0.08413461538461539
0 0.35096153846153844 0.5396634615384616 0.016826923076923076 0.06129807692307692
0 0.4579326923076923 0.4266826923076923 0.04567307692307692 0.08413461538461539
0 0.5204326923076923 0.5096153846153846 0.06490384615384616 0.12139423076923077
0 0.71875 0.8257211538461539 0.0985576923076923 0.14543269230769232
1 0.7680288461538461 0.20793269230769232 0.06129807692307692 0.15264423076923078
3 0.21634615384615385 0.5144230769230769 0.025240384615384616 0.042067307692307696
3 0.21995192307692307 0.09134615384615384 0.051682692307692304 0.07451923076923077
3 0.32091346153846156 0.30408653846153844 0.04447115384615385 0.05889423076923077
3 0.3449519230769231 0.20673076923076922 0.056490384615384616 0.10096153846153846
3 0.5036057692307693 0.1310096153846154 0.04326923076923077 0.054086538461538464
3 0.47475961538461536 0.23317307692307693 0.06610576923076923 0.11057692307692307
3 0.6935096153846154 0.13221153846153846 0.0889423076923077 0.10576923076923077
3 0.5949519230769231 0.39663461538461536 0.05048076923076923 0.09134615384615384
3 0.7103365384615384 0.4387019230769231 0.08774038461538461 0.11658653846153846
3 0.8425480769230769 0.47836538461538464 0.1346153846153846 0.18028846153846154
3 0.4675480769230769 0.8762019230769231 0.07932692307692307 0.14783653846153846
3 0.5600961538461539 0.7235576923076923 0.07692307692307693 0.11899038461538461
3 0.6862980769230769 0.9278846153846154 0.12379807692307693 0.13822115384615385