3 0.6201923076923077 0.29447115384615385 0.05048076923076923 0.052884615384615384
1 0.17548076923076922 0.4699519230769231 0.08413461538461539 0.09014423076923077
0 0.04447115384615385 0.36658653846153844 0.038461538461538464 0.06971153846153846
0 0.21153846153846154 0.171875 0.040865384615384616 0.0625
0 0.30528846153846156 0.22235576923076922 0.042067307692307696 0.06129807692307692
0 0.4423076923076923 0.24759615384615385 0.03485576923076923 0.054086538461538464
0 0.7620192307692307 0.6442307692307693 0.04447115384615385 0.09014423076923077
0 0.39783653846153844 0.8870192307692307 0.056490384615384616 0.09975961538461539
0 0.13701923076923078 0.9591346153846154 0.06129807692307692 0.08052884615384616
1 0.5036057692307693 0.8653846153846154 0.07451923076923077 0.25600961538461536
1 0.5697115384615384 0.6887019230769231 0.07451923076923077 0.29447115384615385
1 0.5240384615384616 0.5685096153846154 0.07932692307692307 0.16826923076923078
3 0.7872596153846154 0.453125 0.0625 0.06490384615384616