0 0.03245192307692308 0.15985576923076922 0.04807692307692308 0.07091346153846154
0 0.13822115384615385 0.038461538461538464 0.02283653846153846 0.057692307692307696
0 0.34134615384615385 0.125 0.02403846153846154 0.042067307692307696
0 0.08173076923076923 0.0733173076923077 0.030048076923076924 0.04927884615384615
0 0.2548076923076923 0.1466346153846154 0.038461538461538464 0.054086538461538464
2 0.1622596153846154 0.9483173076923077 0.05048076923076923 0.054086538461538464
0 0.27403846153846156 0.8064903846153846 0.0625 0.11899038461538461
0 0.7103365384615384 0.7884615384615384 0.03365384615384615 0.046875
1 0.7740384615384616 0.8762019230769231 0.14783653846153846 0.0985576923076923
0 0.057692307692307696 0.390625 0.0625 0.0733173076923077
0 0.27283653846153844 0.4579326923076923 0.046875 0.06129807692307692