3 0.9254807692307693 0.7463942307692307 0.07211538461538461 0.07572115384615384
1 0.4831730769230769 0.6526442307692307 0.12259615384615384 0.17668269230769232
1 0.6983173076923077 0.8822115384615384 0.09975961538461539 0.234375
0 0.23076923076923078 0.9651442307692307 0.039663461538461536 0.06610576923076923
0 0.5637019230769231 0.609375 0.038461538461538464 0.046875
0 0.8088942307692307 0.5709134615384616 0.04807692307692308 0.05889423076923077
0 0.9795673076923077 0.5985576923076923 0.036057692307692304 0.0625
0 0.9242788461538461 0.5697115384615384 0.038461538461538464 0.057692307692307696
0 0.8617788461538461 0.5516826923076923 0.027644230769230768 0.042067307692307696
0 0.8521634615384616 0.5048076923076923 0.027644230769230768 0.05048076923076923
0 0.5985576923076923 0.3112980769230769 0.038461538461538464 0.06850961538461539
0 0.1971153846153846 0.5841346153846154 0.052884615384615384 0.078125
0 0.23557692307692307 0.421875 0.03245192307692308 0.054086538461538464
0 0.39663461538461536 0.2403846153846154 0.04567307692307692 0.052884615384615384
0 0.390625 0.18629807692307693 0.037259615384615384 0.05889423076923077
0 0.3401442307692308 0.21754807692307693 0.039663461538461536 0.054086538461538464
0 0.32572115384615385 0.15384615384615385 0.028846153846153848 0.042067307692307696
0 0.28125 0.17427884615384615 0.028846153846153848 0.05048076923076923