1 0.1201923076923077 0.5901442307692307 0.10697115384615384 0.10817307692307693
3 0.42427884615384615 0.7980769230769231 0.040865384615384616 0.052884615384615384
3 0.38221153846153844 0.8509615384615384 0.04927884615384615 0.0625
0 0.40024038461538464 0.39302884615384615 0.027644230769230768 0.046875
0 0.04326923076923077 0.20432692307692307 0.028846153846153848 0.039663461538461536
0 0.22355769230769232 0.38341346153846156 0.030048076923076924 0.038461538461538464
0 0.6057692307692307 0.71875 0.02283653846153846 0.037259615384615384
0 0.6850961538461539 0.9314903846153846 0.03125 0.06610576923076923
0 0.6658653846153846 0.9855769230769231 0.03125 0.026442307692307692
0 0.6274038461538461 0.9170673076923077 0.042067307692307696 0.06490384615384616
0 0.1814903846153846 0.8245192307692307 0.06009615384615385 0.08052884615384616
0 0.10216346153846154 0.8713942307692307 0.04927884615384615 0.09134615384615384
2 0.5144230769230769 0.8641826923076923 0.028846153846153848 0.06009615384615385