0 0.6358173076923077 0.4014423076923077 0.028846153846153848 0.05048076923076923
0 0.8617788461538461 0.7259615384615384 0.03125 0.055288461538461536
0 0.71875 0.5588942307692307 0.03485576923076923 0.04326923076923077
0 0.39783653846153844 0.5576923076923077 0.030048076923076924 0.046875
0 0.3629807692307692 0.4338942307692308 0.03125 0.046875
0 0.2764423076923077 0.6814903846153846 0.040865384615384616 0.078125
0 0.30408653846153844 0.6682692307692307 0.03485576923076923 0.054086538461538464
0 0.24519230769230768 0.6394230769230769 0.03125 0.046875
0 0.11899038461538461 0.6165865384615384 0.036057692307692304 0.052884615384615384
0 0.05889423076923077 0.5901442307692307 0.052884615384615384 0.0829326923076923
0 0.20793269230769232 0.8353365384615384 0.03245192307692308 0.054086538461538464
0 0.6706730769230769 0.859375 0.04807692307692308 0.07932692307692307
0 0.6153846153846154 0.9423076923076923 0.039663461538461536 0.057692307692307696
3 0.6274038461538461 0.8497596153846154 0.078125 0.15504807692307693
3 0.46634615384615385 0.9278846153846154 0.04807692307692308 0.06971153846153846