0 0.6021634615384616 0.35216346153846156 0.02403846153846154 0.04326923076923077
0 0.5348557692307693 0.25600961538461536 0.018028846153846152 0.03485576923076923
0 0.49278846153846156 0.296875 0.03125 0.04567307692307692
0 0.265625 0.20432692307692307 0.020432692307692308 0.03365384615384615
0 0.20793269230769232 0.1778846153846154 0.03365384615384615 0.036057692307692304
0 0.21875 0.33653846153846156 0.03245192307692308 0.04447115384615385
0 0.35096153846153844 0.45552884615384615 0.027644230769230768 0.05889423076923077
0 0.3641826923076923 0.53125 0.036057692307692304 0.05048076923076923
0 0.8137019230769231 0.7896634615384616 0.037259615384615384 0.056490384615384616
0 0.31490384615384615 0.8341346153846154 0.040865384615384616 0.06370192307692307
0 0.2439903846153846 0.953125 0.038461538461538464 0.056490384615384616
3 0.39663461538461536 0.7331730769230769 0.06129807692307692 0.05048076923076923