3 0.5841346153846154 0.33413461538461536 0.3004807692307692 0.5204326923076923
0 0.5036057692307693 0.1346153846153846 0.14423076923076922 0.19471153846153846
0 0.421875 0.10216346153846154 0.109375 0.12139423076923077
0 0.4170673076923077 0.29927884615384615 0.11658653846153846 0.24639423076923078
0 0.8149038461538461 0.4326923076923077 0.24879807692307693 0.3605769230769231
1 0.3293269230769231 0.2127403846153846 0.19471153846153846 0.17307692307692307
1 0.2127403846153846 0.140625 0.11298076923076923 0.13341346153846154
2 0.09134615384615384 0.1466346153846154 0.0985576923076923 0.09615384615384616
2 0.3449519230769231 0.0733173076923077 0.11658653846153846 0.09134615384615384
2 0.7728365384615384 0.10336538461538461 0.17307692307692307 0.19230769230769232
2 0.6766826923076923 0.21634615384615385 0.11778846153846154 0.11658653846153846
1 0.5793269230769231 0.4651442307692308 0.27403846153846156 0.14543269230769232
2 0.9483173076923077 0.7367788461538461 0.09975961538461539 0.4074519230769231
2 0.2668269230769231 0.7872596153846154 0.17307692307692307 0.33052884615384615
0 0.18990384615384615 0.7295673076923077 0.25841346153846156 0.37740384615384615
0 0.15985576923076922 0.2764423076923077 0.1346153846153846 0.21754807692307693