0 0.11658653846153846 0.33052884615384615 0.036057692307692304 0.04927884615384615
0 0.7403846153846154 0.36778846153846156 0.046875 0.08413461538461539
1 0.33533653846153844 0.5504807692307693 0.109375 0.08052884615384616
0 0.19831730769230768 0.42427884615384615 0.037259615384615384 0.052884615384615384
0 0.2283653846153846 0.15985576923076922 0.021634615384615384 0.056490384615384616
0 0.35096153846153844 0.04326923076923077 0.030048076923076924 0.03485576923076923
0 0.375 0.20192307692307693 0.030048076923076924 0.046875
0 0.5612980769230769 0.23918269230769232 0.036057692307692304 0.03485576923076923
0 0.6225961538461539 0.37740384615384615 0.036057692307692304 0.06129807692307692
0 0.15985576923076922 0.8449519230769231 0.06490384615384616 0.11177884615384616
1 0.8401442307692307 0.53125 0.08052884615384616 0.13341346153846154