2 0.4026442307692308 0.9471153846153846 0.03365384615384615 0.02403846153846154
2 0.4699519230769231 0.8834134615384616 0.02403846153846154 0.021634615384615384
2 0.5408653846153846 0.8689903846153846 0.025240384615384616 0.027644230769230768
2 0.8389423076923077 0.9735576923076923 0.025240384615384616 0.040865384615384616
0 0.7199519230769231 0.515625 0.051682692307692304 0.1045673076923077
0 0.6370192307692307 0.5276442307692307 0.037259615384615384 0.0625
0 0.5973557692307693 0.5709134615384616 0.025240384615384616 0.056490384615384616
0 0.6033653846153846 0.640625 0.037259615384615384 0.055288461538461536
0 0.6526442307692307 0.6490384615384616 0.039663461538461536 0.07091346153846154
0 0.7884615384615384 0.6730769230769231 0.03485576923076923 0.07211538461538461
0 0.6935096153846154 0.6754807692307693 0.042067307692307696 0.0829326923076923
0 0.5288461538461539 0.8918269230769231 0.055288461538461536 0.08653846153846154
0 0.33774038461538464 0.875 0.057692307692307696 0.08653846153846154