0 0.8918269230769231 0.8966346153846154 0.052884615384615384 0.06971153846153846
0 0.9423076923076923 0.9326923076923077 0.051682692307692304 0.08653846153846154
0 0.6802884615384616 0.84375 0.04447115384615385 0.09134615384615384
0 0.7247596153846154 0.38822115384615385 0.04447115384615385 0.0889423076923077
0 0.5120192307692307 0.5841346153846154 0.038461538461538464 0.07211538461538461
0 0.5817307692307693 0.38461538461538464 0.052884615384615384 0.07451923076923077
0 0.49278846153846156 0.765625 0.06009615384615385 0.08413461538461539
3 0.390625 0.25240384615384615 0.06370192307692307 0.0985576923076923
0 0.31490384615384615 0.0625 0.05048076923076923 0.07692307692307693
0 0.0673076923076923 0.1466346153846154 0.07692307692307693 0.12620192307692307
0 0.052884615384615384 0.828125 0.078125 0.10096153846153846
0 0.16346153846153846 0.23798076923076922 0.06610576923076923 0.12139423076923077