2 0.203125 0.7427884615384616 0.03245192307692308 0.04447115384615385
0 0.052884615384615384 0.21754807692307693 0.051682692307692304 0.08413461538461539
0 0.2620192307692308 0.18870192307692307 0.046875 0.051682692307692304
0 0.2824519230769231 0.28846153846153844 0.03365384615384615 0.06971153846153846
0 0.3401442307692308 0.3389423076923077 0.030048076923076924 0.07692307692307693
0 0.34975961538461536 0.5564903846153846 0.038461538461538464 0.07211538461538461
0 0.47716346153846156 0.42788461538461536 0.026442307692307692 0.042067307692307696
0 0.6225961538461539 0.42908653846153844 0.020432692307692308 0.054086538461538464
0 0.7223557692307693 0.4375 0.025240384615384616 0.04447115384615385
0 0.8846153846153846 0.6598557692307693 0.037259615384615384 0.05889423076923077
0 0.8389423076923077 0.8425480769230769 0.042067307692307696 0.07451923076923077
0 0.7175480769230769 0.9050480769230769 0.05889423076923077 0.07692307692307693
1 0.13822115384615385 0.9266826923076923 0.140625 0.140625
1 0.4855769230769231 0.6430288461538461 0.09495192307692307 0.051682692307692304
1 0.5889423076923077 0.7283653846153846 0.0829326923076923 0.05889423076923077
1 0.7295673076923077 0.71875 0.125 0.11899038461538461