0 0.15745192307692307 0.0985576923076923 0.08173076923076923 0.13822115384615385
2 0.25721153846153844 0.22355769230769232 0.14423076923076922 0.14543269230769232
2 0.1778846153846154 0.43509615384615385 0.1658653846153846 0.25721153846153844
2 0.22235576923076922 0.6298076923076923 0.16826923076923078 0.3605769230769231
0 0.2980769230769231 0.3737980769230769 0.15504807692307693 0.2644230769230769
0 0.359375 0.4639423076923077 0.16346153846153846 0.2620192307692308
1 0.3641826923076923 0.7475961538461539 0.2932692307692308 0.4543269230769231
2 0.5612980769230769 0.9387019230769231 0.21394230769230768 0.11899038461538461
2 0.49759615384615385 0.36177884615384615 0.21394230769230768 0.2247596153846154
2 0.6862980769230769 0.08774038461538461 0.1346153846153846 0.140625
2 0.9338942307692307 0.12980769230769232 0.12860576923076922 0.12620192307692307
2 0.890625 0.25841346153846156 0.21514423076923078 0.24879807692307693