0 0.30408653846153844 0.7163461538461539 0.03125 0.046875
0 0.1310096153846154 0.6177884615384616 0.025240384615384616 0.037259615384615384
0 0.21394230769230768 0.6189903846153846 0.03245192307692308 0.042067307692307696
0 0.36778846153846156 0.5132211538461539 0.02403846153846154 0.030048076923076924
0 0.8858173076923077 0.17548076923076922 0.027644230769230768 0.040865384615384616
0 0.5516826923076923 0.4026442307692308 0.027644230769230768 0.03485576923076923
0 0.6274038461538461 0.40865384615384615 0.042067307692307696 0.06129807692307692
0 0.7800480769230769 0.6081730769230769 0.039663461538461536 0.055288461538461536
0 0.20432692307692307 0.9627403846153846 0.054086538461538464 0.0733173076923077
0 0.10576923076923077 0.9038461538461539 0.037259615384615384 0.05889423076923077
0 0.3425480769230769 0.9399038461538461 0.03365384615384615 0.055288461538461536
1 0.3389423076923077 0.7319711538461539 0.057692307692307696 0.06971153846153846
3 0.47475961538461536 0.46274038461538464 0.042067307692307696 0.04927884615384615
3 0.9759615384615384 0.7560096153846154 0.046875 0.11057692307692307
3 0.7536057692307693 0.7007211538461539 0.09495192307692307 0.1141826923076923