2 0.8725961538461539 0.7704326923076923 0.021634615384615384 0.03485576923076923
2 0.7980769230769231 0.8233173076923077 0.027644230769230768 0.03245192307692308
0 0.9170673076923077 0.3605769230769231 0.036057692307692304 0.05889423076923077
0 0.7836538461538461 0.43990384615384615 0.036057692307692304 0.04927884615384615
0 0.5793269230769231 0.4951923076923077 0.027644230769230768 0.037259615384615384
0 0.3329326923076923 0.45913461538461536 0.042067307692307696 0.06370192307692307
0 0.6129807692307693 0.5504807692307693 0.04447115384615385 0.06370192307692307
0 0.43509615384615385 0.5745192307692307 0.054086538461538464 0.07211538461538461
0 0.3629807692307692 0.5576923076923077 0.05048076923076923 0.0889423076923077
0 0.12259615384615384 0.6550480769230769 0.052884615384615384 0.10096153846153846
0 0.49759615384615385 0.8137019230769231 0.055288461538461536 0.08173076923076923
1 0.8329326923076923 0.8930288461538461 0.125 0.06610576923076923
1 0.6706730769230769 0.8353365384615384 0.11538461538461539 0.11057692307692307
1 0.6778846153846154 0.6526442307692307 0.08173076923076923 0.08173076923076923