1 0.49399038461538464 0.8713942307692307 0.06370192307692307 0.16826923076923078
2 0.5192307692307693 0.7427884615384616 0.06490384615384616 0.09375
2 0.7644230769230769 0.8665865384615384 0.042067307692307696 0.0889423076923077
0 0.7920673076923077 0.9050480769230769 0.06610576923076923 0.1310096153846154
0 0.5552884615384616 0.9242788461538461 0.078125 0.13581730769230768
1 0.5913461538461539 0.7668269230769231 0.08413461538461539 0.1658653846153846
2 0.9579326923076923 0.625 0.07692307692307693 0.13341346153846154
0 0.9543269230769231 0.5384615384615384 0.06850961538461539 0.10817307692307693
2 0.9591346153846154 0.4639423076923077 0.054086538461538464 0.07451923076923077
0 0.9711538461538461 0.41947115384615385 0.055288461538461536 0.06971153846153846
0 0.7944711538461539 0.6322115384615384 0.06971153846153846 0.11298076923076923
3 0.7475961538461539 0.6983173076923077 0.0985576923076923 0.14783653846153846
2 0.8641826923076923 0.6057692307692307 0.0733173076923077 0.09615384615384616
2 0.8365384615384616 0.49399038461538464 0.055288461538461536 0.07451923076923077
2 0.9050480769230769 0.3713942307692308 0.056490384615384616 0.051682692307692304
2 0.9206730769230769 0.4375 0.05048076923076923 0.07932692307692307
2 0.7596153846153846 0.4675480769230769 0.051682692307692304 0.08653846153846154
2 0.7776442307692307 0.421875 0.036057692307692304 0.07932692307692307
2 0.7127403846153846 0.6346153846153846 0.06370192307692307 0.10336538461538461
2 0.6935096153846154 0.5480769230769231 0.06129807692307692 0.10336538461538461
2 0.5300480769230769 0.5829326923076923 0.05889423076923077 0.0889423076923077
2 0.5769230769230769 0.5420673076923077 0.07091346153846154 0.11057692307692307
2 0.6442307692307693 0.4951923076923077 0.046875 0.07692307692307693
2 0.6754807692307693 0.4735576923076923 0.04567307692307692 0.06370192307692307
2 0.6899038461538461 0.42427884615384615 0.054086538461538464 0.04447115384615385
0 0.7427884615384616 0.4026442307692308 0.042067307692307696 0.06971153846153846
0 0.6995192307692307 0.3798076923076923 0.04807692307692308 0.07451923076923077
0 0.8197115384615384 0.3942307692307692 0.052884615384615384 0.09134615384615384
0 0.8149038461538461 0.3137019230769231 0.046875 0.06971153846153846
0 0.78125 0.34375 0.051682692307692304 0.08413461538461539
0 0.75 0.3317307692307692 0.046875 0.08173076923076923
0 0.6778846153846154 0.7271634615384616 0.0733173076923077 0.1310096153846154
0 0.6430288461538461 0.6682692307692307 0.06129807692307692 0.10576923076923077
0 0.5829326923076923 0.6935096153846154 0.051682692307692304 0.08413461538461539
0 0.4855769230769231 0.6935096153846154 0.06009615384615385 0.0985576923076923
0 0.41947115384615385 0.7019230769230769 0.055288461538461536 0.10096153846153846
1 0.42908653846153844 0.7572115384615384 0.07451923076923077 0.13581730769230768
2 0.3629807692307692 0.7680288461538461 0.06610576923076923 0.10336538461538461
2 0.6286057692307693 0.2860576923076923 0.04326923076923077 0.06370192307692307
2 0.5793269230769231 0.3004807692307692 0.040865384615384616 0.07211538461538461
2 0.5456730769230769 0.4230769230769231 0.046875 0.07692307692307693
2 0.46153846153846156 0.46634615384615385 0.054086538461538464 0.07932692307692307
2 0.4254807692307692 0.5841346153846154 0.06129807692307692 0.07692307692307693
2 0.38100961538461536 0.6274038461538461 0.0625 0.10336538461538461
2 0.34375 0.5252403846153846 0.0625 0.10096153846153846
1 0.3137019230769231 0.6514423076923077 0.0889423076923077 0.11298076923076923
1 0.25240384615384615 0.7295673076923077 0.042067307692307696 0.140625
1 0.20432692307692307 0.9627403846153846 0.078125 0.06971153846153846
0 0.23918269230769232 0.90625 0.08413461538461539 0.11298076923076923
2 0.1875 0.7824519230769231 0.06971153846153846 0.06971153846153846
2 0.2091346153846154 0.8509615384615384 0.07932692307692307 0.10096153846153846
