2 0.14903846153846154 0.41947115384615385 0.028846153846153848 0.03485576923076923
2 0.44711538461538464 0.4675480769230769 0.018028846153846152 0.03245192307692308
2 0.44350961538461536 0.5552884615384616 0.02403846153846154 0.03485576923076923
2 0.22355769230769232 0.6310096153846154 0.030048076923076924 0.042067307692307696
2 0.15745192307692307 0.6454326923076923 0.03245192307692308 0.051682692307692304
3 0.36899038461538464 0.35096153846153844 0.06370192307692307 0.0985576923076923
3 0.31971153846153844 0.6899038461538461 0.08653846153846154 0.1310096153846154
3 0.4963942307692308 0.5817307692307693 0.06370192307692307 0.09134615384615384
3 0.6959134615384616 0.5576923076923077 0.055288461538461536 0.0985576923076923
3 0.7800480769230769 0.5492788461538461 0.06850961538461539 0.09134615384615384
2 0.6237980769230769 0.8040865384615384 0.025240384615384616 0.046875
2 0.5745192307692307 0.8293269230769231 0.03365384615384615 0.06971153846153846
2 0.5372596153846154 0.84375 0.026442307692307692 0.046875
0 0.21634615384615385 0.0673076923076923 0.07211538461538461 0.056490384615384616
0 0.3389423076923077 0.16706730769230768 0.06129807692307692 0.08653846153846154
0 0.38341346153846156 0.27163461538461536 0.05048076923076923 0.08413461538461539
0 0.5492788461538461 0.5564903846153846 0.056490384615384616 0.12139423076923077
0 0.6935096153846154 0.6057692307692307 0.0829326923076923 0.10096153846153846
0 0.8641826923076923 0.6478365384615384 0.109375 0.13581730769230768
0 0.11899038461538461 0.7247596153846154 0.15264423076923078 0.18509615384615385