3 0.27283653846153844 0.6610576923076923 0.0625 0.13581730769230768
0 0.8341346153846154 0.6346153846153846 0.07692307692307693 0.15745192307692307
0 0.5721153846153846 0.5877403846153846 0.08052884615384616 0.14783653846153846
0 0.4651442307692308 0.5925480769230769 0.078125 0.1778846153846154
0 0.5733173076923077 0.7644230769230769 0.0733173076923077 0.1502403846153846
0 0.33052884615384615 0.052884615384615384 0.05048076923076923 0.08173076923076923
0 0.4411057692307692 0.23677884615384615 0.0625 0.11899038461538461
0 0.47115384615384615 0.41466346153846156 0.08413461538461539 0.11899038461538461
0 0.16346153846153846 0.7331730769230769 0.09975961538461539 0.16346153846153846
0 0.9711538461538461 0.7872596153846154 0.055288461538461536 0.13341346153846154
2 0.9795673076923077 0.4074519230769231 0.028846153846153848 0.07451923076923077
2 0.8052884615384616 0.9326923076923077 0.038461538461538464 0.06610576923076923
2 0.6538461538461539 0.7271634615384616 0.036057692307692304 0.10096153846153846
2 0.6177884615384616 0.3004807692307692 0.036057692307692304 0.046875
2 0.5721153846153846 0.43028846153846156 0.018028846153846152 0.042067307692307696
2 0.6526442307692307 0.36778846153846156 0.021634615384615384 0.03485576923076923