2 0.17307692307692307 0.3473557692307692 0.1346153846153846 0.13581730769230768
0 0.14903846153846154 0.19471153846153846 0.09134615384615384 0.16346153846153846
0 0.21514423076923078 0.21875 0.11538461538461539 0.17548076923076922
1 0.3329326923076923 0.171875 0.0889423076923077 0.18990384615384615
2 0.44350961538461536 0.06129807692307692 0.10336538461538461 0.10817307692307693
0 0.39903846153846156 0.16346153846153846 0.08653846153846154 0.11298076923076923
0 0.5120192307692307 0.11658653846153846 0.10576923076923077 0.13341346153846154
2 0.47115384615384615 0.21995192307692307 0.08653846153846154 0.12379807692307693
1 0.6682692307692307 0.10817307692307693 0.13701923076923078 0.12379807692307693
1 0.703125 0.17427884615384615 0.09735576923076923 0.12620192307692307
0 0.9399038461538461 0.17307692307692307 0.11658653846153846 0.22716346153846154
0 0.8774038461538461 0.2692307692307692 0.1310096153846154 0.1971153846153846
0 0.7475961538461539 0.3076923076923077 0.15745192307692307 0.2247596153846154
0 0.8689903846153846 0.47115384615384615 0.19831730769230768 0.28125
0 0.3545673076923077 0.3088942307692308 0.13701923076923078 0.2620192307692308
0 0.4723557692307692 0.35216346153846156 0.16105769230769232 0.22956730769230768
0 0.44350961538461536 0.5012019230769231 0.18629807692307693 0.30649038461538464
0 0.3629807692307692 0.6466346153846154 0.18870192307692307 0.296875
0 0.30288461538461536 0.8401442307692307 0.234375 0.3088942307692308
0 0.1346153846153846 0.90625 0.2512019230769231 0.18269230769230768
2 0.23798076923076922 0.7367788461538461 0.14423076923076922 0.19471153846153846
2 0.609375 0.8942307692307693 0.2800480769230769 0.20793269230769232