1 0.8641826923076923 0.5625 0.1045673076923077 0.15745192307692307
0 0.5360576923076923 0.9194711538461539 0.08774038461538461 0.11778846153846154
0 0.5588942307692307 0.7415865384615384 0.08173076923076923 0.16947115384615385
0 0.671875 0.8245192307692307 0.06850961538461539 0.11057692307692307
0 0.49038461538461536 0.3485576923076923 0.0625 0.09495192307692307
0 0.7019230769230769 0.2860576923076923 0.052884615384615384 0.06971153846153846
0 0.6694711538461539 0.21394230769230768 0.04326923076923077 0.0733173076923077
0 0.7319711538461539 0.17307692307692307 0.038461538461538464 0.09495192307692307
0 0.3858173076923077 0.11899038461538461 0.05889423076923077 0.078125
0 0.3125 0.140625 0.054086538461538464 0.06009615384615385
0 0.31009615384615385 0.06490384615384616 0.05048076923076923 0.05048076923076923
0 0.10336538461538461 0.17427884615384615 0.07211538461538461 0.11538461538461539
3 0.4014423076923077 0.38822115384615385 0.078125 0.11538461538461539
2 0.8569711538461539 0.7223557692307693 0.028846153846153848 0.052884615384615384
2 0.4699519230769231 0.6598557692307693 0.026442307692307692 0.05889423076923077
2 0.35096153846153844 0.22956730769230768 0.03245192307692308 0.03485576923076923