3 0.8894230769230769 0.39903846153846156 0.08774038461538461 0.12139423076923077
3 0.9747596153846154 0.5865384615384616 0.04567307692307692 0.09615384615384616
3 0.4831730769230769 0.7067307692307693 0.1502403846153846 0.24639423076923078
1 0.6153846153846154 0.5096153846153846 0.14302884615384615 0.1310096153846154
0 0.7283653846153846 0.20793269230769232 0.051682692307692304 0.06370192307692307
0 0.7992788461538461 0.11538461538461539 0.0625 0.09134615384615384
0 0.7391826923076923 0.03365384615384615 0.055288461538461536 0.051682692307692304
0 0.7632211538461539 0.06971153846153846 0.04807692307692308 0.06971153846153846
0 0.921875 0.05889423076923077 0.078125 0.0985576923076923
2 0.7524038461538461 0.7439903846153846 0.051682692307692304 0.07211538461538461
2 0.78125 0.8329326923076923 0.026442307692307692 0.03245192307692308
2 0.8737980769230769 0.8930288461538461 0.037259615384615384 0.06129807692307692