2 0.31971153846153844 0.7860576923076923 0.040865384615384616 0.08173076923076923
2 0.6394230769230769 0.8016826923076923 0.042067307692307696 0.07692307692307693
0 0.8713942307692307 0.6694711538461539 0.03245192307692308 0.04447115384615385
0 0.8269230769230769 0.6153846153846154 0.03245192307692308 0.05889423076923077
0 0.5216346153846154 0.36778846153846156 0.054086538461538464 0.12860576923076922
0 0.41346153846153844 0.27524038461538464 0.042067307692307696 0.09615384615384616
0 0.3473557692307692 0.2247596153846154 0.052884615384615384 0.11298076923076923
0 0.1935096153846154 0.3798076923076923 0.078125 0.12860576923076922
1 0.3629807692307692 0.41466346153846156 0.15745192307692307 0.3112980769230769
1 0.2692307692307692 0.6346153846153846 0.1778846153846154 0.13341346153846154
1 0.5060096153846154 0.7536057692307693 0.0829326923076923 0.12379807692307693