1 0.5997596153846154 0.9098557692307693 0.11538461538461539 0.17548076923076922
1 0.6574519230769231 0.8629807692307693 0.09495192307692307 0.17067307692307693
2 0.78125 0.5144230769230769 0.04807692307692308 0.07692307692307693
1 0.4579326923076923 0.0829326923076923 0.04447115384615385 0.08653846153846154
0 0.2764423076923077 0.13822115384615385 0.036057692307692304 0.06971153846153846
0 0.32091346153846156 0.37259615384615385 0.06971153846153846 0.13341346153846154
0 0.3449519230769231 0.21875 0.08052884615384616 0.14543269230769232
0 0.23076923076923078 0.5420673076923077 0.0733173076923077 0.11658653846153846
0 0.2668269230769231 0.7103365384615384 0.0829326923076923 0.17067307692307693
1 0.234375 0.8545673076923077 0.14182692307692307 0.17307692307692307
1 0.453125 0.22115384615384615 0.07692307692307693 0.11658653846153846
1 0.45552884615384615 0.32572115384615385 0.0889423076923077 0.07451923076923077