0 0.30288461538461536 0.11658653846153846 0.04567307692307692 0.07932692307692307
0 0.7463942307692307 0.44711538461538464 0.03485576923076923 0.06370192307692307
0 0.1466346153846154 0.33774038461538464 0.07451923076923077 0.11899038461538461
0 0.3137019230769231 0.2932692307692308 0.06971153846153846 0.14302884615384615
0 0.5745192307692307 0.1045673076923077 0.07211538461538461 0.09134615384615384
0 0.3473557692307692 0.5060096153846154 0.042067307692307696 0.0889423076923077
0 0.4050480769230769 0.12980769230769232 0.03245192307692308 0.07211538461538461
3 0.1778846153846154 0.6117788461538461 0.09495192307692307 0.12379807692307693
3 0.36538461538461536 0.4411057692307692 0.056490384615384616 0.07211538461538461
3 0.8557692307692307 0.27884615384615385 0.046875 0.09375
0 0.9543269230769231 0.9471153846153846 0.0889423076923077 0.10096153846153846