0 0.18028846153846154 0.5516826923076923 0.040865384615384616 0.07211538461538461
0 0.4266826923076923 0.43028846153846156 0.037259615384615384 0.056490384615384616
3 0.4675480769230769 0.5817307692307693 0.037259615384615384 0.056490384615384616
0 0.5480769230769231 0.625 0.036057692307692304 0.05889423076923077
0 0.46274038461538464 0.6538461538461539 0.03485576923076923 0.06370192307692307
0 0.4951923076923077 0.7536057692307693 0.04326923076923077 0.06971153846153846
3 0.6201923076923077 0.890625 0.040865384615384616 0.08173076923076923
3 0.6394230769230769 0.8377403846153846 0.037259615384615384 0.07211538461538461
3 0.640625 0.9471153846153846 0.038461538461538464 0.09134615384615384
3 0.5264423076923077 0.7944711538461539 0.046875 0.054086538461538464
0 0.6802884615384616 0.7512019230769231 0.054086538461538464 0.10336538461538461
0 0.5564903846153846 0.234375 0.04807692307692308 0.07451923076923077
0 0.8461538461538461 0.39783653846153844 0.06490384615384616 0.11298076923076923
0 0.8641826923076923 0.6129807692307693 0.07211538461538461 0.12139423076923077