1 0.6790865384615384 0.9134615384615384 0.09495192307692307 0.13822115384615385
0 0.8641826923076923 0.8088942307692307 0.07692307692307693 0.12139423076923077
3 0.06971153846153846 0.65625 0.10576923076923077 0.15745192307692307
3 0.3954326923076923 0.35336538461538464 0.09014423076923077 0.15264423076923078
3 0.7439903846153846 0.734375 0.078125 0.1310096153846154
3 0.6298076923076923 0.7487980769230769 0.09254807692307693 0.14543269230769232
3 0.6766826923076923 0.6899038461538461 0.09014423076923077 0.140625
3 0.5348557692307693 0.6875 0.08413461538461539 0.09134615384615384
3 0.4567307692307692 0.6346153846153846 0.08052884615384616 0.12860576923076922
3 0.4675480769230769 0.546875 0.055288461538461536 0.07692307692307693
3 0.4951923076923077 0.8088942307692307 0.07091346153846154 0.1310096153846154
3 0.12379807692307693 0.7872596153846154 0.09134615384615384 0.08413461538461539
3 0.2980769230769231 0.6009615384615384 0.08653846153846154 0.13581730769230768
3 0.29447115384615385 0.39663461538461536 0.125 0.19471153846153846