0 0.3317307692307692 0.8365384615384616 0.2824519230769231 0.32091346153846156
2 0.09254807692307693 0.26322115384615385 0.14182692307692307 0.15504807692307693
1 0.15264423076923078 0.12740384615384615 0.12379807692307693 0.20552884615384615
1 0.23557692307692307 0.3737980769230769 0.10576923076923077 0.4074519230769231
3 0.34615384615384615 0.23918269230769232 0.19831730769230768 0.24158653846153846
2 0.3581730769230769 0.42427884615384615 0.17908653846153846 0.1971153846153846
2 0.35336538461538464 0.6334134615384616 0.18509615384615385 0.27884615384615385
0 0.5564903846153846 0.2620192307692308 0.17668269230769232 0.24639423076923078
1 0.53125 0.1622596153846154 0.20432692307692307 0.15504807692307693
2 0.39783653846153844 0.0673076923076923 0.1045673076923077 0.12620192307692307
2 0.4735576923076923 0.0625 0.09735576923076923 0.09134615384615384
2 0.4675480769230769 0.09735576923076923 0.10336538461538461 0.07211538461538461
2 0.5793269230769231 0.38341346153846156 0.11057692307692307 0.10576923076923077
2 0.4951923076923077 0.5408653846153846 0.14543269230769232 0.28125
2 0.5721153846153846 0.7884615384615384 0.22115384615384615 0.35336538461538464
1 0.6478365384615384 0.953125 0.19831730769230768 0.0889423076923077
2 0.6165865384615384 0.53125 0.125 0.23197115384615385
2 0.7079326923076923 0.6742788461538461 0.1658653846153846 0.3798076923076923
2 0.7427884615384616 0.33533653846153844 0.18629807692307693 0.2620192307692308
1 0.8197115384615384 0.7235576923076923 0.2980769230769231 0.40024038461538464
2 0.8112980769230769 0.4987980769230769 0.10817307692307693 0.10336538461538461
2 0.8762019230769231 0.8617788461538461 0.19831730769230768 0.27163461538461536
0 0.9507211538461539 0.7307692307692307 0.09615384615384616 0.42908653846153844
2 0.9134615384615384 0.5036057692307693 0.16947115384615385 0.19230769230769232
0 0.9158653846153846 0.3629807692307692 0.1658653846153846 0.24639423076923078
0 0.8786057692307693 0.125 0.1778846153846154 0.21995192307692307