1 0.40625 0.31850961538461536 0.09615384615384616 0.14302884615384615
3 0.171875 0.17908653846153846 0.08173076923076923 0.12139423076923077
3 0.5168269230769231 0.2548076923076923 0.08173076923076923 0.12379807692307693
3 0.5733173076923077 0.6298076923076923 0.0985576923076923 0.16826923076923078
3 0.6983173076923077 0.48197115384615385 0.051682692307692304 0.06370192307692307
0 0.41947115384615385 0.8293269230769231 0.13581730769230768 0.24158653846153846
1 0.6177884615384616 0.9158653846153846 0.0829326923076923 0.16346153846153846
1 0.7199519230769231 0.7512019230769231 0.0985576923076923 0.1778846153846154
3 0.6478365384615384 0.7451923076923077 0.09615384615384616 0.15264423076923078
0 0.6033653846153846 0.36538461538461536 0.07211538461538461 0.14783653846153846
0 0.734375 0.3605769230769231 0.0625 0.07451923076923077