3 0.2644230769230769 0.4963942307692308 0.05048076923076923 0.09375
0 0.7139423076923077 0.953125 0.08413461538461539 0.09254807692307693
0 0.5192307692307693 0.7283653846153846 0.06610576923076923 0.11658653846153846
0 0.7403846153846154 0.6574519230769231 0.06370192307692307 0.11057692307692307
0 0.6418269230769231 0.23076923076923078 0.042067307692307696 0.08653846153846154
0 0.5949519230769231 0.15865384615384615 0.04447115384615385 0.07692307692307693
0 0.5661057692307693 0.2848557692307692 0.04927884615384615 0.07932692307692307
0 0.5252403846153846 0.27163461538461536 0.025240384615384616 0.05889423076923077
0 0.17668269230769232 0.5889423076923077 0.057692307692307696 0.0985576923076923
0 0.0889423076923077 0.46033653846153844 0.04927884615384615 0.08413461538461539
0 0.08173076923076923 0.2824519230769231 0.051682692307692304 0.06610576923076923