1 0.30528846153846156 0.14783653846153846 0.0889423076923077 0.07451923076923077
0 0.15865384615384615 0.11658653846153846 0.09014423076923077 0.13341346153846154
0 0.3641826923076923 0.9086538461538461 0.109375 0.1778846153846154
0 0.4050480769230769 0.7103365384615384 0.09615384615384616 0.17067307692307693
0 0.5588942307692307 0.6490384615384616 0.06971153846153846 0.12379807692307693
0 0.5805288461538461 0.59375 0.055288461538461536 0.11057692307692307
0 0.6081730769230769 0.46033653846153844 0.055288461538461536 0.10096153846153846
0 0.5985576923076923 0.38341346153846156 0.046875 0.08173076923076923
0 0.5372596153846154 0.2860576923076923 0.046875 0.07451923076923077
0 0.46153846153846156 0.19471153846153846 0.03365384615384615 0.05889423076923077
0 0.4639423076923077 0.14182692307692307 0.036057692307692304 0.07211538461538461