3 0.20192307692307693 0.578125 0.0829326923076923 0.11899038461538461
0 0.6129807692307693 0.10216346153846154 0.040865384615384616 0.06129807692307692
0 0.18028846153846154 0.09735576923076923 0.055288461538461536 0.06610576923076923
0 0.09495192307692307 0.13942307692307693 0.06370192307692307 0.09134615384615384
0 0.109375 0.3401442307692308 0.09735576923076923 0.12860576923076922
0 0.20432692307692307 0.35697115384615385 0.09254807692307693 0.12620192307692307
1 0.14302884615384615 0.296875 0.078125 0.08413461538461539
0 0.3701923076923077 0.15384615384615385 0.04807692307692308 0.10576923076923077
0 0.41346153846153844 0.1935096153846154 0.04567307692307692 0.10576923076923077
0 0.4579326923076923 0.47836538461538464 0.07091346153846154 0.12139423076923077
0 0.6887019230769231 0.6826923076923077 0.07932692307692307 0.1502403846153846
1 0.35096153846153844 0.6225961538461539 0.09495192307692307 0.17307692307692307