0 0.5204326923076923 0.06370192307692307 0.04567307692307692 0.06971153846153846
0 0.6490384615384616 0.2512019230769231 0.042067307692307696 0.056490384615384616
0 0.6598557692307693 0.35096153846153844 0.056490384615384616 0.08413461538461539
0 0.5588942307692307 0.22716346153846154 0.051682692307692304 0.0985576923076923
0 0.4639423076923077 0.32091346153846156 0.06129807692307692 0.10336538461538461
0 0.7379807692307693 0.13341346153846154 0.046875 0.07932692307692307
0 0.7295673076923077 0.23798076923076922 0.042067307692307696 0.07692307692307693
0 0.8016826923076923 0.3629807692307692 0.052884615384615384 0.07932692307692307
0 0.8245192307692307 0.421875 0.04807692307692308 0.07932692307692307
0 0.7608173076923077 0.6057692307692307 0.054086538461538464 0.09615384615384616
0 0.6935096153846154 0.5649038461538461 0.06129807692307692 0.0985576923076923
0 0.6213942307692307 0.5276442307692307 0.06370192307692307 0.11658653846153846
0 0.5480769230769231 0.5192307692307693 0.06490384615384616 0.12620192307692307
0 0.5384615384615384 0.6538461538461539 0.07211538461538461 0.12379807692307693
0 0.4230769230769231 0.7860576923076923 0.08173076923076923 0.1658653846153846
1 0.6189903846153846 0.7704326923076923 0.06129807692307692 0.08413461538461539