1 0.08413461538461539 0.6322115384615384 0.07451923076923077 0.10336538461538461
3 0.21875 0.3401442307692308 0.040865384615384616 0.039663461538461536
3 0.12139423076923077 0.27403846153846156 0.05048076923076923 0.06971153846153846
0 0.7331730769230769 0.2247596153846154 0.030048076923076924 0.04927884615384615
0 0.6153846153846154 0.18990384615384615 0.04807692307692308 0.054086538461538464
0 0.6237980769230769 0.39903846153846156 0.03485576923076923 0.08653846153846154
0 0.6802884615384616 0.7355769230769231 0.06370192307692307 0.0889423076923077
0 0.27283653846153844 0.6081730769230769 0.07692307692307693 0.09615384615384616
0 0.11057692307692307 0.8052884615384616 0.11899038461538461 0.12379807692307693
0 0.21995192307692307 0.4831730769230769 0.06610576923076923 0.08653846153846154
3 0.5757211538461539 0.43028846153846156 0.03485576923076923 0.09615384615384616
3 0.453125 0.19471153846153846 0.042067307692307696 0.07932692307692307
0 0.7836538461538461 0.20552884615384615 0.036057692307692304 0.06370192307692307
0 0.6586538461538461 0.13942307692307693 0.028846153846153848 0.056490384615384616