1 0.06009615384615385 0.6574519230769231 0.11538461538461539 0.09615384615384616
0 0.4579326923076923 0.1971153846153846 0.06129807692307692 0.11298076923076923
0 0.06370192307692307 0.33774038461538464 0.056490384615384616 0.07451923076923077
3 0.8665865384615384 0.6706730769230769 0.09975961538461539 0.1310096153846154
3 0.2800480769230769 0.5252403846153846 0.06850961538461539 0.09615384615384616
3 0.1466346153846154 0.42427884615384615 0.051682692307692304 0.05889423076923077
0 0.6526442307692307 0.41586538461538464 0.06610576923076923 0.10576923076923077
0 0.109375 0.9663461538461539 0.06610576923076923 0.06129807692307692
0 0.6862980769230769 0.125 0.09735576923076923 0.13581730769230768
0 0.15745192307692307 0.5540865384615384 0.040865384615384616 0.046875
0 0.1045673076923077 0.5288461538461539 0.05889423076923077 0.07451923076923077