3 0.6850961538461539 0.14783653846153846 0.04927884615384615 0.06370192307692307
3 0.7848557692307693 0.7956730769230769 0.036057692307692304 0.055288461538461536
0 0.2704326923076923 0.23197115384615385 0.02403846153846154 0.04567307692307692
0 0.24158653846153846 0.25240384615384615 0.030048076923076924 0.040865384615384616
0 0.6189903846153846 0.0673076923076923 0.037259615384615384 0.04807692307692308
0 0.7151442307692307 0.12980769230769232 0.042067307692307696 0.057692307692307696
0 0.953125 0.04807692307692308 0.038461538461538464 0.0625
0 0.9519230769230769 0.6682692307692307 0.06370192307692307 0.0829326923076923
0 0.9278846153846154 0.9206730769230769 0.07211538461538461 0.125
0 0.37259615384615385 0.8425480769230769 0.037259615384615384 0.056490384615384616
0 0.7512019230769231 0.8786057692307693 0.039663461538461536 0.06971153846153846