0 0.6838942307692307 0.7800480769230769 0.09615384615384616 0.16346153846153846
0 0.8149038461538461 0.5697115384615384 0.09975961538461539 0.15504807692307693
0 0.7199519230769231 0.25721153846153844 0.05889423076923077 0.10817307692307693
3 0.7692307692307693 0.21394230769230768 0.03365384615384615 0.06610576923076923
0 0.49759615384615385 0.17668269230769232 0.06009615384615385 0.10096153846153846
0 0.35697115384615385 0.48197115384615385 0.055288461538461536 0.0985576923076923
3 0.4411057692307692 0.39302884615384615 0.052884615384615384 0.06370192307692307
3 0.6790865384615384 0.6382211538461539 0.05889423076923077 0.10576923076923077
3 0.5961538461538461 0.2860576923076923 0.07451923076923077 0.12860576923076922
3 0.6346153846153846 0.22716346153846154 0.051682692307692304 0.0985576923076923
3 0.9855769230769231 0.3701923076923077 0.025240384615384616 0.05889423076923077
3 0.921875 0.41225961538461536 0.07091346153846154 0.0985576923076923
3 0.9278846153846154 0.5096153846153846 0.05048076923076923 0.07211538461538461
3 0.96875 0.8185096153846154 0.06009615384615385 0.14543269230769232