0 0.7536057692307693 0.10697115384615384 0.07451923076923077 0.11658653846153846
0 0.7163461538461539 0.18389423076923078 0.0733173076923077 0.12139423076923077
0 0.6682692307692307 0.11658653846153846 0.0733173076923077 0.0985576923076923
0 0.6069711538461539 0.11658653846153846 0.06129807692307692 0.10336538461538461
0 0.5204326923076923 0.11658653846153846 0.0733173076923077 0.12379807692307693
3 0.4543269230769231 0.8365384615384616 0.07692307692307693 0.14302884615384615
1 0.8978365384615384 0.26322115384615385 0.14903846153846154 0.09134615384615384
1 0.9399038461538461 0.3954326923076923 0.11658653846153846 0.16826923076923078
1 0.7223557692307693 0.32091346153846156 0.09495192307692307 0.10817307692307693
0 0.027644230769230768 0.4795673076923077 0.052884615384615384 0.18269230769230768
0 0.06610576923076923 0.7295673076923077 0.1310096153846154 0.18509615384615385
0 0.24158653846153846 0.6574519230769231 0.11658653846153846 0.18509615384615385
0 0.5024038461538461 0.9435096153846154 0.12740384615384615 0.10817307692307693