3 0.1658653846153846 0.6033653846153846 0.06971153846153846 0.11057692307692307
3 0.21153846153846154 0.6454326923076923 0.056490384615384616 0.1310096153846154
3 0.38221153846153844 0.5697115384615384 0.09014423076923077 0.140625
3 0.34615384615384615 0.4543269230769231 0.05889423076923077 0.04927884615384615
3 0.3425480769230769 0.7824519230769231 0.06610576923076923 0.10817307692307693
3 0.40024038461538464 0.9471153846153846 0.09495192307692307 0.10096153846153846
3 0.6177884615384616 0.7824519230769231 0.056490384615384616 0.09375
3 0.7163461538461539 0.9519230769230769 0.054086538461538464 0.09134615384615384
0 0.27403846153846156 0.5865384615384616 0.08774038461538461 0.1502403846153846
0 0.7824519230769231 0.5540865384615384 0.04807692307692308 0.09134615384615384
0 0.8858173076923077 0.8605769230769231 0.08173076923076923 0.13581730769230768
0 0.6742788461538461 0.44591346153846156 0.04807692307692308 0.07211538461538461