0 0.6274038461538461 0.10576923076923077 0.054086538461538464 0.09375
3 0.5817307692307693 0.5432692307692307 0.037259615384615384 0.06370192307692307
0 0.5348557692307693 0.5396634615384616 0.0625 0.11057692307692307
3 0.44350961538461536 0.5300480769230769 0.04807692307692308 0.07692307692307693
0 0.40865384615384615 0.5084134615384616 0.04807692307692308 0.11899038461538461
0 0.33533653846153844 0.9675480769230769 0.06009615384615385 0.05889423076923077
3 0.5697115384615384 0.24639423076923078 0.036057692307692304 0.0889423076923077
3 0.5528846153846154 0.19591346153846154 0.03485576923076923 0.056490384615384616
3 0.5817307692307693 0.16947115384615385 0.03245192307692308 0.07692307692307693
3 0.5084134615384616 0.36538461538461536 0.05048076923076923 0.08413461538461539
3 0.41466346153846156 0.31490384615384615 0.04567307692307692 0.07211538461538461
3 0.4206730769230769 0.7175480769230769 0.04447115384615385 0.08173076923076923
3 0.3233173076923077 0.5204326923076923 0.06009615384615385 0.11298076923076923
3 0.29086538461538464 0.6730769230769231 0.08653846153846154 0.1502403846153846
3 0.8473557692307693 0.47115384615384615 0.0625 0.07451923076923077
3 0.703125 0.33533653846153844 0.06370192307692307 0.11298076923076923
3 0.5793269230769231 0.8846153846153846 0.04326923076923077 0.09134615384615384
3 0.6274038461538461 0.8918269230769231 0.040865384615384616 0.08413461538461539
3 0.6586538461538461 0.84375 0.06129807692307692 0.12139423076923077