0 0.8425480769230769 0.5637019230769231 0.14302884615384615 0.2692307692307692
0 0.53125 0.8677884615384616 0.1346153846153846 0.24879807692307693
3 0.4891826923076923 0.6129807692307693 0.078125 0.10096153846153846
3 0.9759615384615384 0.9543269230769231 0.04567307692307692 0.08653846153846154
3 0.4230769230769231 0.515625 0.06129807692307692 0.06370192307692307
3 0.3076923076923077 0.5997596153846154 0.04326923076923077 0.06370192307692307
0 0.2536057692307692 0.7752403846153846 0.054086538461538464 0.10817307692307693
0 0.13221153846153846 0.7860576923076923 0.078125 0.12139423076923077
0 0.1466346153846154 0.6358173076923077 0.051682692307692304 0.08173076923076923
0 0.5552884615384616 0.32211538461538464 0.056490384615384616 0.09615384615384616
0 0.6322115384615384 0.20673076923076922 0.04447115384615385 0.07692307692307693