0 0.2800480769230769 0.6129807692307693 0.038461538461538464 0.07692307692307693
0 0.3137019230769231 0.6610576923076923 0.04567307692307692 0.06610576923076923
0 0.16105769230769232 0.53125 0.036057692307692304 0.05889423076923077
0 0.19951923076923078 0.6442307692307693 0.030048076923076924 0.054086538461538464
0 0.4206730769230769 0.6069711538461539 0.03365384615384615 0.04927884615384615
0 0.39903846153846156 0.43028846153846156 0.030048076923076924 0.037259615384615384
0 0.8112980769230769 0.5709134615384616 0.04567307692307692 0.07932692307692307
0 0.8641826923076923 0.7331730769230769 0.04567307692307692 0.08413461538461539
0 0.7271634615384616 0.8209134615384616 0.04326923076923077 0.08173076923076923
0 0.6490384615384616 0.8689903846153846 0.037259615384615384 0.09375
0 0.2644230769230769 0.7788461538461539 0.06850961538461539 0.10576923076923077