3 0.5721153846153846 0.8149038461538461 0.02283653846153846 0.038461538461538464
0 0.5492788461538461 0.8762019230769231 0.028846153846153848 0.054086538461538464
0 0.47115384615384615 0.26322115384615385 0.028846153846153848 0.042067307692307696
0 0.5408653846153846 0.3233173076923077 0.02403846153846154 0.05048076923076923
0 0.7091346153846154 0.2848557692307692 0.02283653846153846 0.04567307692307692
0 0.7524038461538461 0.2704326923076923 0.026442307692307692 0.04927884615384615
0 0.7379807692307693 0.2091346153846154 0.02403846153846154 0.052884615384615384
0 0.9326923076923077 0.7572115384615384 0.040865384615384616 0.0733173076923077
0 0.8882211538461539 0.6935096153846154 0.03125 0.042067307692307696
0 0.7884615384615384 0.96875 0.054086538461538464 0.06129807692307692
0 0.6298076923076923 0.8942307692307693 0.04326923076923077 0.07091346153846154
0 0.6694711538461539 0.7283653846153846 0.037259615384615384 0.057692307692307696
0 0.2668269230769231 0.8413461538461539 0.030048076923076924 0.06009615384615385
0 0.9038461538461539 0.13822115384615385 0.02403846153846154 0.05048076923076923
3 0.2848557692307692 0.8473557692307693 0.02283653846153846 0.03365384615384615
3 0.7427884615384616 0.6646634615384616 0.04326923076923077 0.055288461538461536
3 0.8317307692307693 0.8173076923076923 0.04447115384615385 0.07091346153846154
3 0.9519230769230769 0.9495192307692307 0.037259615384615384 0.0673076923076923
3 0.8894230769230769 0.7367788461538461 0.04807692307692308 0.08173076923076923
3 0.5168269230769231 0.3389423076923077 0.03365384615384615 0.055288461538461536
0 0.16346153846153846 0.3401442307692308 0.030048076923076924 0.039663461538461536
0 0.19591346153846154 0.33533653846153844 0.026442307692307692 0.04807692307692308