0 0.06610576923076923 0.1875 0.051682692307692304 0.0985576923076923
3 0.4266826923076923 0.8028846153846154 0.09975961538461539 0.14783653846153846
0 0.5216346153846154 0.6766826923076923 0.06610576923076923 0.14302884615384615
0 0.4651442307692308 0.6887019230769231 0.06971153846153846 0.11298076923076923
0 0.47115384615384615 0.5949519230769231 0.06370192307692307 0.10336538461538461
0 0.4519230769230769 0.5384615384615384 0.06490384615384616 0.0889423076923077
0 0.4519230769230769 0.46153846153846156 0.05048076923076923 0.07451923076923077
0 0.49278846153846156 0.45552884615384615 0.046875 0.10096153846153846
0 0.48677884615384615 0.38221153846153844 0.051682692307692304 0.06971153846153846
0 0.43149038461538464 0.42788461538461536 0.05048076923076923 0.08653846153846154
0 0.44471153846153844 0.3581730769230769 0.04447115384615385 0.06370192307692307
0 0.5420673076923077 0.30649038461538464 0.04807692307692308 0.08413461538461539
0 0.5913461538461539 0.25600961538461536 0.04807692307692308 0.07211538461538461
0 0.5516826923076923 0.23197115384615385 0.03485576923076923 0.07451923076923077
0 0.7223557692307693 0.057692307692307696 0.038461538461538464 0.056490384615384616
1 0.8737980769230769 0.23918269230769232 0.11298076923076923 0.0889423076923077
0 0.43509615384615385 0.30288461538461536 0.037259615384615384 0.06129807692307692
0 0.4519230769230769 0.25240384615384615 0.038461538461538464 0.04927884615384615