3 0.35697115384615385 0.7175480769230769 0.055288461538461536 0.09615384615384616
0 0.6550480769230769 0.5757211538461539 0.09134615384615384 0.1778846153846154
0 0.4699519230769231 0.5 0.0625 0.08653846153846154
0 0.2644230769230769 0.47596153846153844 0.06971153846153846 0.0985576923076923
0 0.20793269230769232 0.9074519230769231 0.06009615384615385 0.12139423076923077
0 0.21153846153846154 0.78125 0.051682692307692304 0.10096153846153846
3 0.30528846153846156 0.8449519230769231 0.046875 0.06971153846153846
3 0.35216346153846156 0.5456730769230769 0.051682692307692304 0.07932692307692307
3 0.49399038461538464 0.6129807692307693 0.06850961538461539 0.10096153846153846
3 0.7824519230769231 0.48197115384615385 0.07692307692307693 0.12860576923076922
3 0.8653846153846154 0.47596153846153844 0.078125 0.12860576923076922
0 0.765625 0.08653846153846154 0.06971153846153846 0.09375