1 0.5300480769230769 0.18990384615384615 0.04807692307692308 0.11298076923076923
0 0.22956730769230768 0.15745192307692307 0.07692307692307693 0.13341346153846154
0 0.3112980769230769 0.3076923076923077 0.04326923076923077 0.07692307692307693
0 0.4074519230769231 0.13701923076923078 0.06009615384615385 0.09134615384615384
0 0.3870192307692308 0.41466346153846156 0.09615384615384616 0.19230769230769232
0 0.3545673076923077 0.6310096153846154 0.08774038461538461 0.17067307692307693
0 0.2283653846153846 0.8377403846153846 0.10817307692307693 0.17067307692307693
1 0.40024038461538464 0.65625 0.11778846153846154 0.1971153846153846
1 0.31850961538461536 0.9254807692307693 0.0985576923076923 0.14302884615384615
1 0.8197115384615384 0.11057692307692307 0.0985576923076923 0.13341346153846154
1 0.5228365384615384 0.5552884615384616 0.0625 0.11298076923076923
1 0.5120192307692307 0.40865384615384615 0.07692307692307693 0.13581730769230768
1 0.5132211538461539 0.35336538461538464 0.08413461538461539 0.15264423076923078