3 0.8149038461538461 0.3701923076923077 0.078125 0.06971153846153846
3 0.6442307692307693 0.34615384615384615 0.04567307692307692 0.05889423076923077
3 0.5721153846153846 0.34375 0.052884615384615384 0.06971153846153846
2 0.6538461538461539 0.71875 0.030048076923076924 0.05889423076923077
3 0.4362980769230769 0.8894230769230769 0.09134615384615384 0.16346153846153846
0 0.6802884615384616 0.19230769230769232 0.04447115384615385 0.054086538461538464
0 0.9639423076923077 0.18509615384615385 0.06370192307692307 0.10817307692307693
0 0.296875 0.10817307692307693 0.038461538461538464 0.05889423076923077
0 0.390625 0.09615384615384616 0.037259615384615384 0.06370192307692307
0 0.7355769230769231 0.859375 0.09735576923076923 0.25240384615384615
3 0.5841346153846154 0.6466346153846154 0.078125 0.11298076923076923