1 0.6682692307692307 0.25841346153846156 0.06370192307692307 0.11057692307692307
2 0.055288461538461536 0.22956730769230768 0.04567307692307692 0.07451923076923077
0 0.10216346153846154 0.32091346153846156 0.0625 0.09375
2 0.11298076923076923 0.3918269230769231 0.03245192307692308 0.09615384615384616
0 0.13341346153846154 0.18509615384615385 0.05889423076923077 0.07932692307692307
2 0.15865384615384615 0.2283653846153846 0.054086538461538464 0.07211538461538461
0 0.1045673076923077 0.5036057692307693 0.07932692307692307 0.13822115384615385
1 0.15985576923076922 0.3762019230769231 0.0829326923076923 0.2548076923076923
2 0.22355769230769232 0.4831730769230769 0.0829326923076923 0.1310096153846154
2 0.2127403846153846 0.40024038461538464 0.06490384615384616 0.10336538461538461
2 0.22115384615384615 0.3269230769230769 0.056490384615384616 0.07211538461538461
0 0.20673076923076922 0.17668269230769232 0.06490384615384616 0.10096153846153846
0 0.3004807692307692 0.18990384615384615 0.078125 0.12860576923076922
0 0.2403846153846154 0.27524038461538464 0.06129807692307692 0.09615384615384616
1 0.3112980769230769 0.2439903846153846 0.08052884615384616 0.07451923076923077
0 0.38221153846153844 0.2608173076923077 0.0625 0.11057692307692307
0 0.32211538461538464 0.6790865384615384 0.09615384615384616 0.16826923076923078
0 0.40625 0.6838942307692307 0.09615384615384616 0.1778846153846154
0 0.39663461538461536 0.5516826923076923 0.08774038461538461 0.1658653846153846
0 0.4495192307692308 0.484375 0.0985576923076923 0.1875
1 0.3269230769230769 0.41225961538461536 0.12620192307692307 0.1875
2 0.40024038461538464 0.22596153846153846 0.06009615384615385 0.11057692307692307
2 0.34134615384615385 0.359375 0.07211538461538461 0.08653846153846154
2 0.4026442307692308 0.359375 0.10336538461538461 0.11658653846153846
2 0.4098557692307692 0.4387019230769231 0.07932692307692307 0.11658653846153846
2 0.47115384615384615 0.3317307692307692 0.0733173076923077 0.09615384615384616
2 0.5300480769230769 0.29086538461538464 0.07692307692307693 0.12379807692307693
1 0.4963942307692308 0.21153846153846154 0.08774038461538461 0.10096153846153846
0 0.53125 0.4579326923076923 0.09254807692307693 0.17548076923076922
2 0.5865384615384616 0.3605769230769231 0.078125 0.10336538461538461
2 0.5661057692307693 0.4795673076923077 0.054086538461538464 0.16826923076923078
1 0.6274038461538461 0.4026442307692308 0.1141826923076923 0.11899038461538461
2 0.6262019230769231 0.5288461538461539 0.10697115384615384 0.15745192307692307
2 0.6622596153846154 0.4423076923076923 0.08774038461538461 0.0985576923076923
0 0.6862980769230769 0.6213942307692307 0.12860576923076922 0.21033653846153846
0 0.765625 0.5108173076923077 0.11658653846153846 0.15264423076923078
0 0.7391826923076923 0.41586538461538464 0.109375 0.13581730769230768
0 0.7487980769230769 0.3293269230769231 0.10336538461538461 0.12620192307692307
1 0.8449519230769231 0.5144230769230769 0.08052884615384616 0.28365384615384615
2 0.8545673076923077 0.38221153846153844 0.11538461538461539 0.12860576923076922
1 0.6658653846153846 0.12259615384615384 0.1141826923076923 0.140625
0 0.7716346153846154 0.04927884615384615 0.06850961538461539 0.09375
2 0.7331730769230769 0.15985576923076922 0.09615384615384616 0.12620192307692307
2 0.7716346153846154 0.20552884615384615 0.08052884615384616 0.13822115384615385
0 0.8197115384615384 0.15985576923076922 0.05889423076923077 0.08653846153846154
1 0.8449519230769231 0.2536057692307692 0.09495192307692307 0.140625
1 0.8942307692307693 0.23798076923076922 0.07451923076923077 0.1310096153846154
1 0.9387019230769231 0.2439903846153846 0.06850961538461539 0.14783653846153846
1 0.9783653846153846 0.20072115384615385 0.040865384615384616 0.09615384615384616
1 0.953125 0.35697115384615385 0.09134615384615384 0.12620192307692307
1 0.9675480769230769 0.5 0.06129807692307692 0.140625
1 0.265625 0.8485576923076923 0.10336538461538461 0.12139423076923077
1 0.5564903846153846 0.7211538461538461 0.2247596153846154 0.14783653846153846
1 0.6899038461538461 0.9026442307692307 0.12379807692307693 0.18990384615384615
1 0.4831730769230769 0.8665865384615384 0.11057692307692307 0.2620192307692308
2 0.4831730769230769 0.8125 0.11658653846153846 0.19230769230769232