0 0.9290865384615384 0.5817307692307693 0.038461538461538464 0.06610576923076923
0 0.8317307692307693 0.8052884615384616 0.05048076923076923 0.10336538461538461
0 0.8329326923076923 0.6213942307692307 0.051682692307692304 0.08173076923076923
0 0.7091346153846154 0.4110576923076923 0.04567307692307692 0.06610576923076923
0 0.5324519230769231 0.2439903846153846 0.040865384615384616 0.07932692307692307
0 0.3918269230769231 0.05048076923076923 0.037259615384615384 0.06129807692307692
0 0.40625 0.1201923076923077 0.04326923076923077 0.056490384615384616
0 0.3858173076923077 0.2668269230769231 0.052884615384615384 0.10336538461538461
0 0.2403846153846154 0.28966346153846156 0.05889423076923077 0.051682692307692304
0 0.31009615384615385 0.53125 0.07211538461538461 0.09375
0 0.5600961538461539 0.6790865384615384 0.06129807692307692 0.09375
0 0.46274038461538464 0.5300480769230769 0.06850961538461539 0.12139423076923077
3 0.7295673076923077 0.7211538461538461 0.06009615384615385 0.0889423076923077
3 0.703125 0.7896634615384616 0.06971153846153846 0.12379807692307693
3 0.6129807692307693 0.6971153846153846 0.07091346153846154 0.11658653846153846
3 0.5144230769230769 0.9675480769230769 0.06971153846153846 0.05889423076923077
3 0.328125 0.734375 0.0625 0.10576923076923077
3 0.2860576923076923 0.9447115384615384 0.0889423076923077 0.10576923076923077
3 0.04567307692307692 0.9615384615384616 0.0889423076923077 0.07211538461538461