1 0.2403846153846154 0.8834134615384616 0.0829326923076923 0.22716346153846154
0 0.30408653846153844 0.7091346153846154 0.06370192307692307 0.14302884615384615
2 0.34615384615384615 0.5697115384615384 0.0733173076923077 0.13581730769230768
1 0.3004807692307692 0.8641826923076923 0.04567307692307692 0.1875
0 0.328125 0.5120192307692307 0.07091346153846154 0.1310096153846154
0 0.38461538461538464 0.41947115384615385 0.078125 0.14783653846153846
0 0.4362980769230769 0.3112980769230769 0.06610576923076923 0.12860576923076922
0 0.4519230769230769 0.46875 0.07211538461538461 0.14302884615384615
0 0.41947115384615385 0.6045673076923077 0.0829326923076923 0.10336538461538461
0 0.38221153846153844 0.6838942307692307 0.08653846153846154 0.12379807692307693
0 0.3485576923076923 0.8245192307692307 0.09134615384615384 0.16826923076923078
1 0.38100961538461536 0.9411057692307693 0.17067307692307693 0.11298076923076923
0 0.4411057692307692 0.8040865384615384 0.09975961538461539 0.17067307692307693
1 0.4879807692307692 0.36658653846153844 0.0625 0.23918269230769232
1 0.4639423076923077 0.6466346153846154 0.09495192307692307 0.20192307692307693
1 0.5108173076923077 0.6911057692307693 0.07451923076923077 0.2860576923076923
0 0.5 0.9074519230769231 0.10336538461538461 0.18028846153846154
0 0.5877403846153846 0.8185096153846154 0.10096153846153846 0.19471153846153846
0 0.7403846153846154 0.8786057692307693 0.13942307692307693 0.23677884615384615
0 0.6682692307692307 0.6754807692307693 0.109375 0.19471153846153846
0 0.8100961538461539 0.5144230769230769 0.140625 0.19951923076923078
0 0.5829326923076923 0.5949519230769231 0.08173076923076923 0.15745192307692307
0 0.6622596153846154 0.4831730769230769 0.11298076923076923 0.19471153846153846
0 0.5697115384615384 0.4879807692307692 0.08052884615384616 0.1310096153846154
0 0.5384615384615384 0.37740384615384615 0.08413461538461539 0.16346153846153846
0 0.5973557692307693 0.29447115384615385 0.08413461538461539 0.1310096153846154
1 0.5961538461538461 0.23918269230769232 0.1466346153846154 0.15745192307692307
1 0.5504807692307693 0.21995192307692307 0.10697115384615384 0.13341346153846154
1 0.515625 0.12620192307692307 0.042067307692307696 0.1778846153846154
0 0.6766826923076923 0.2932692307692308 0.08653846153846154 0.16346153846153846
0 0.5576923076923077 0.09495192307692307 0.06009615384615385 0.1310096153846154
0 0.6153846153846154 0.1201923076923077 0.07091346153846154 0.13581730769230768
0 0.8016826923076923 0.16947115384615385 0.0889423076923077 0.13581730769230768
1 0.7548076923076923 0.32211538461538464 0.1045673076923077 0.22956730769230768