0 0.6454326923076923 0.4879807692307692 0.0829326923076923 0.12620192307692307
3 0.5384615384615384 0.055288461538461536 0.04326923076923077 0.042067307692307696
1 0.5384615384615384 0.10216346153846154 0.03365384615384615 0.042067307692307696
1 0.5144230769230769 0.15985576923076922 0.03485576923076923 0.09134615384615384
1 0.6802884615384616 0.09014423076923077 0.0625 0.051682692307692304
1 0.6141826923076923 0.0673076923076923 0.051682692307692304 0.051682692307692304
3 0.6358173076923077 0.5913461538461539 0.04326923076923077 0.07692307692307693
3 0.4050480769230769 0.9350961538461539 0.0889423076923077 0.12620192307692307
0 0.7415865384615384 0.9338942307692307 0.11057692307692307 0.12860576923076922
0 0.2620192307692308 0.05048076923076923 0.046875 0.06129807692307692
0 0.2620192307692308 0.6105769230769231 0.06370192307692307 0.20552884615384615
3 0.6670673076923077 0.8016826923076923 0.042067307692307696 0.12139423076923077
3 0.578125 0.6802884615384616 0.07451923076923077 0.14543269230769232
0 0.6826923076923077 0.1622596153846154 0.04807692307692308 0.06129807692307692
3 0.6442307692307693 0.3425480769230769 0.03485576923076923 0.06129807692307692
3 0.5661057692307693 0.328125 0.052884615384615384 0.06370192307692307
3 0.8353365384615384 0.3762019230769231 0.08413461538461539 0.07692307692307693
0 0.23557692307692307 0.43028846153846156 0.03245192307692308 0.10576923076923077
1 0.8545673076923077 0.17908653846153846 0.04807692307692308 0.12139423076923077
1 0.37259615384615385 0.1935096153846154 0.08653846153846154 0.06129807692307692
0 0.36538461538461536 0.04567307692307692 0.04326923076923077 0.07211538461538461
1 0.9627403846153846 0.5757211538461539 0.06490384615384616 0.14783653846153846