1 0.13942307692307693 0.6610576923076923 0.13701923076923078 0.21514423076923078
1 0.2644230769230769 0.8221153846153846 0.17307692307692307 0.18269230769230768
0 0.7740384615384616 0.18629807692307693 0.06971153846153846 0.11658653846153846
0 0.7536057692307693 0.11177884615384616 0.06129807692307692 0.11057692307692307
0 0.7836538461538461 0.0673076923076923 0.04567307692307692 0.10096153846153846
1 0.39663461538461536 0.8689903846153846 0.054086538461538464 0.1778846153846154
3 0.25240384615384615 0.4266826923076923 0.10817307692307693 0.22235576923076922
0 0.41586538461538464 0.5396634615384616 0.10817307692307693 0.19471153846153846
0 0.3449519230769231 0.6418269230769231 0.10096153846153846 0.17307692307692307
0 0.3269230769230769 0.47596153846153844 0.09134615384615384 0.14302884615384615
0 0.35336538461538464 0.31850961538461536 0.10697115384615384 0.19230769230769232
0 0.125 0.4495192307692308 0.0889423076923077 0.14302884615384615
0 0.09254807692307693 0.2764423076923077 0.1502403846153846 0.18269230769230768
3 0.5829326923076923 0.3798076923076923 0.06129807692307692 0.15264423076923078
0 0.8473557692307693 0.5504807692307693 0.04447115384615385 0.07932692307692307