0 0.19230769230769232 0.5576923076923077 0.33774038461538464 0.5925480769230769
0 0.28365384615384615 0.15985576923076922 0.22596153846153846 0.29927884615384615
1 0.31971153846153844 0.265625 0.20192307692307693 0.21033653846153846
2 0.3870192307692308 0.49158653846153844 0.15264423076923078 0.2620192307692308
0 0.6069711538461539 0.11538461538461539 0.06610576923076923 0.2247596153846154
2 0.4855769230769231 0.5384615384615384 0.11298076923076923 0.35096153846153844
2 0.6706730769230769 0.6935096153846154 0.30288461538461536 0.35096153846153844
1 0.7283653846153846 0.24759615384615385 0.37259615384615385 0.21995192307692307
1 0.8725961538461539 0.48677884615384615 0.2512019230769231 0.3401442307692308
1 0.9122596153846154 0.7103365384615384 0.171875 0.24879807692307693
2 0.8834134615384616 0.9002403846153846 0.23076923076923078 0.19471153846153846
1 0.7067307692307693 0.8786057692307693 0.1814903846153846 0.23677884615384615