0 0.1814903846153846 0.28365384615384615 0.046875 0.0889423076923077
0 0.18389423076923078 0.3557692307692308 0.04447115384615385 0.06971153846153846
3 0.4519230769230769 0.6598557692307693 0.056490384615384616 0.08413461538461539
0 0.4891826923076923 0.34615384615384615 0.055288461538461536 0.10817307692307693
0 0.59375 0.28725961538461536 0.056490384615384616 0.08653846153846154
0 0.8185096153846154 0.4519230769230769 0.08413461538461539 0.14783653846153846
0 0.8822115384615384 0.5769230769230769 0.08413461538461539 0.17548076923076922
0 0.35336538461538464 0.7391826923076923 0.10817307692307693 0.18509615384615385
0 0.453125 0.8016826923076923 0.0985576923076923 0.19951923076923078
1 0.6706730769230769 0.4230769230769231 0.06850961538461539 0.10096153846153846
1 0.5889423076923077 0.6153846153846154 0.09495192307692307 0.10817307692307693
1 0.15384615384615385 0.8341346153846154 0.11658653846153846 0.1875
1 0.09014423076923077 0.8942307692307693 0.056490384615384616 0.20793269230769232