0 0.5829326923076923 0.14543269230769232 0.08413461538461539 0.12860576923076922
2 0.0985576923076923 0.1814903846153846 0.09495192307692307 0.1310096153846154
1 0.055288461538461536 0.9170673076923077 0.10697115384615384 0.16105769230769232
2 0.17067307692307693 0.9038461538461539 0.15264423076923078 0.1875
1 0.2283653846153846 0.9423076923076923 0.20432692307692307 0.11057692307692307
1 0.13942307692307693 0.7572115384615384 0.18028846153846154 0.21995192307692307
1 0.19831730769230768 0.6754807692307693 0.15384615384615385 0.234375
2 0.2848557692307692 0.7283653846153846 0.13341346153846154 0.25240384615384615
0 0.40865384615384615 0.8581730769230769 0.2283653846153846 0.27884615384615385
0 0.4675480769230769 0.6670673076923077 0.1346153846153846 0.23197115384615385
0 0.39663461538461536 0.6021634615384616 0.1346153846153846 0.23677884615384615
0 0.7055288461538461 0.8449519230769231 0.18028846153846154 0.30649038461538464
1 0.8473557692307693 0.8449519230769231 0.17548076923076922 0.30649038461538464
1 0.8497596153846154 0.5504807692307693 0.23076923076923078 0.3798076923076923
1 0.6346153846153846 0.6971153846153846 0.25600961538461536 0.24879807692307693
0 0.7091346153846154 0.49038461538461536 0.16706730769230768 0.2692307692307692
0 0.36538461538461536 0.42427884615384615 0.11538461538461539 0.18269230769230768
1 0.5829326923076923 0.5661057692307693 0.15384615384615385 0.19951923076923078
0 0.515625 0.44711538461538464 0.11658653846153846 0.2127403846153846
1 0.5276442307692307 0.42908653846153844 0.1935096153846154 0.16346153846153846
2 0.7091346153846154 0.30408653846153844 0.13701923076923078 0.17307692307692307
2 0.8473557692307693 0.24879807692307693 0.13942307692307693 0.16346153846153846
1 0.43990384615384615 0.38221153846153844 0.0733173076923077 0.25240384615384615
1 0.3485576923076923 0.25721153846153844 0.04447115384615385 0.15745192307692307
0 0.3942307692307692 0.21514423076923078 0.08413461538461539 0.16346153846153846
0 0.4423076923076923 0.1778846153846154 0.10096153846153846 0.13822115384615385
0 0.5096153846153846 0.25240384615384615 0.0985576923076923 0.16346153846153846
0 0.6033653846153846 0.2608173076923077 0.10697115384615384 0.21514423076923078
0 0.6706730769230769 0.18028846153846154 0.09615384615384616 0.16346153846153846
0 0.7800480769230769 0.13822115384615385 0.07932692307692307 0.11298076923076923
2 0.5769230769230769 0.11538461538461539 0.10096153846153846 0.13581730769230768
1 0.4206730769230769 0.09975961538461539 0.06610576923076923 0.09134615384615384
1 0.8605769230769231 0.15144230769230768 0.10096153846153846 0.16105769230769232