2 0.5504807692307693 0.46153846153846156 0.054086538461538464 0.09375
3 0.5492788461538461 0.328125 0.09014423076923077 0.14302884615384615
3 0.3293269230769231 0.34975961538461536 0.10096153846153846 0.18990384615384615
0 0.8605769230769231 0.06009615384615385 0.04567307692307692 0.07211538461538461
0 0.8978365384615384 0.18389423076923078 0.0733173076923077 0.09134615384615384
0 0.671875 0.2283653846153846 0.10336538461538461 0.11057692307692307
0 0.7223557692307693 0.1935096153846154 0.0829326923076923 0.13581730769230768
0 0.6622596153846154 0.9290865384615384 0.1622596153846154 0.13581730769230768
0 0.8161057692307693 0.3762019230769231 0.15144230769230768 0.28365384615384615
0 0.6971153846153846 0.5132211538461539 0.1814903846153846 0.33052884615384615
0 0.4254807692307692 0.3762019230769231 0.10697115384615384 0.2548076923076923