1 0.6899038461538461 0.38341346153846156 0.07091346153846154 0.07692307692307693
1 0.6971153846153846 0.3449519230769231 0.08774038461538461 0.056490384615384616
0 0.4387019230769231 0.12259615384615384 0.056490384615384616 0.10576923076923077
0 0.46875 0.08533653846153846 0.040865384615384616 0.07692307692307693
0 0.4963942307692308 0.078125 0.030048076923076924 0.07692307692307693
0 0.3870192307692308 0.11899038461538461 0.054086538461538464 0.0889423076923077
0 0.3125 0.2644230769230769 0.052884615384615384 0.09375
0 0.5192307692307693 0.4362980769230769 0.03365384615384615 0.08653846153846154
0 0.5528846153846154 0.48197115384615385 0.054086538461538464 0.09375
0 0.6274038461538461 0.5420673076923077 0.078125 0.10096153846153846
0 0.35096153846153844 0.796875 0.07932692307692307 0.14543269230769232
0 0.1935096153846154 0.7079326923076923 0.13581730769230768 0.25961538461538464
3 0.14903846153846154 0.6009615384615384 0.10576923076923077 0.11057692307692307