1 0.9435096153846154 0.7019230769230769 0.11057692307692307 0.23918269230769232
3 0.8425480769230769 0.375 0.06850961538461539 0.0985576923076923
0 0.33413461538461536 0.7223557692307693 0.11658653846153846 0.18990384615384615
0 0.84375 0.5096153846153846 0.06850961538461539 0.18509615384615385
0 0.7259615384615384 0.4651442307692308 0.0625 0.10096153846153846
0 0.7680288461538461 0.4098557692307692 0.06370192307692307 0.09375
0 0.6862980769230769 0.33533653846153844 0.055288461538461536 0.07451923076923077
0 0.5600961538461539 0.3125 0.038461538461538464 0.051682692307692304
0 0.44711538461538464 0.3161057692307692 0.051682692307692304 0.07451923076923077
0 0.20793269230769232 0.21033653846153846 0.052884615384615384 0.039663461538461536
0 0.06490384615384616 0.5576923076923077 0.09975961538461539 0.14783653846153846