3 0.47596153846153844 0.8762019230769231 0.046875 0.10336538461538461
0 0.7512019230769231 0.1971153846153846 0.046875 0.07932692307692307
0 0.7740384615384616 0.3245192307692308 0.06129807692307692 0.09615384615384616
3 0.6682692307692307 0.40625 0.05048076923076923 0.09134615384615384
3 0.7896634615384616 0.5901442307692307 0.06009615384615385 0.10336538461538461
3 0.8737980769230769 0.5841346153846154 0.07692307692307693 0.12139423076923077
3 0.7548076923076923 0.8737980769230769 0.08173076923076923 0.14783653846153846
3 0.6766826923076923 0.765625 0.05889423076923077 0.12860576923076922
0 0.6009615384615384 0.7860576923076923 0.04807692307692308 0.09615384615384616
0 0.5504807692307693 0.7139423076923077 0.04326923076923077 0.0985576923076923
0 0.09735576923076923 0.78125 0.06490384615384616 0.10576923076923077