0 0.5504807692307693 0.9338942307692307 0.055288461538461536 0.11298076923076923
0 0.15384615384615385 0.9266826923076923 0.13341346153846154 0.140625
0 0.5661057692307693 0.5769230769230769 0.06971153846153846 0.10096153846153846
0 0.2848557692307692 0.6394230769230769 0.08653846153846154 0.14302884615384615
0 0.265625 0.5360576923076923 0.0733173076923077 0.10336538461538461
0 0.13341346153846154 0.19831730769230768 0.06610576923076923 0.10576923076923077
0 0.3942307692307692 0.4699519230769231 0.03485576923076923 0.056490384615384616
0 0.35216346153846156 0.5480769230769231 0.056490384615384616 0.06971153846153846
0 0.4170673076923077 0.5853365384615384 0.052884615384615384 0.10817307692307693
0 0.5649038461538461 0.7848557692307693 0.06370192307692307 0.09375
0 0.5204326923076923 0.3798076923076923 0.03245192307692308 0.054086538461538464