3 0.4230769230769231 0.23197115384615385 0.026442307692307692 0.042067307692307696
0 0.859375 0.8954326923076923 0.1141826923076923 0.19471153846153846
0 0.8233173076923077 0.38822115384615385 0.0733173076923077 0.0889423076923077
0 0.6694711538461539 0.3245192307692308 0.04326923076923077 0.055288461538461536
0 0.5552884615384616 0.24879807692307693 0.04927884615384615 0.07692307692307693
0 0.5384615384615384 0.22716346153846154 0.042067307692307696 0.06971153846153846
0 0.5120192307692307 0.3137019230769231 0.04447115384615385 0.07451923076923077
0 0.4050480769230769 0.43990384615384615 0.05889423076923077 0.0889423076923077
0 0.41225961538461536 0.5600961538461539 0.0829326923076923 0.12980769230769232
0 0.1502403846153846 0.5600961538461539 0.06610576923076923 0.10336538461538461
0 0.10576923076923077 0.6009615384615384 0.06490384615384616 0.09254807692307693
0 0.13701923076923078 0.4639423076923077 0.04567307692307692 0.06490384615384616
0 0.08052884615384616 0.4579326923076923 0.056490384615384616 0.0673076923076923
3 0.6177884615384616 0.2920673076923077 0.04567307692307692 0.038461538461538464
3 0.9447115384615384 0.4651442307692308 0.06370192307692307 0.06971153846153846