1 0.8317307692307693 0.6177884615384616 0.06129807692307692 0.06971153846153846
1 0.08653846153846154 0.47836538461538464 0.06850961538461539 0.16105769230769232
1 0.43028846153846156 0.6538461538461539 0.09254807692307693 0.10336538461538461
0 0.2548076923076923 0.453125 0.054086538461538464 0.09134615384615384
0 0.46153846153846156 0.2283653846153846 0.03245192307692308 0.07211538461538461
0 0.6538461538461539 0.12740384615384615 0.042067307692307696 0.08173076923076923
0 0.7572115384615384 0.6033653846153846 0.08774038461538461 0.1502403846153846
0 0.23918269230769232 0.8377403846153846 0.0625 0.11658653846153846
0 0.2091346153846154 0.9302884615384616 0.06610576923076923 0.11899038461538461
0 0.09975961538461539 0.8305288461538461 0.07451923076923077 0.12139423076923077
0 0.9543269230769231 0.1310096153846154 0.08774038461538461 0.13341346153846154