3 0.24158653846153846 0.4639423076923077 0.11057692307692307 0.16346153846153846
0 0.15985576923076922 0.3605769230769231 0.04326923076923077 0.06370192307692307
0 0.24158653846153846 0.3233173076923077 0.05048076923076923 0.07932692307692307
0 0.47115384615384615 0.2668269230769231 0.03485576923076923 0.05889423076923077
0 0.49399038461538464 0.33533653846153844 0.04807692307692308 0.08413461538461539
0 0.49759615384615385 0.5649038461538461 0.046875 0.06971153846153846
0 0.3870192307692308 0.6887019230769231 0.06129807692307692 0.0985576923076923
0 0.5757211538461539 0.7644230769230769 0.04807692307692308 0.08173076923076923
0 0.5997596153846154 0.9555288461538461 0.06490384615384616 0.08413461538461539
0 0.828125 0.5829326923076923 0.054086538461538464 0.07932692307692307
0 0.8930288461538461 0.7536057692307693 0.06370192307692307 0.09375
3 0.28725961538461536 0.6514423076923077 0.07692307692307693 0.0889423076923077