2 0.9375 0.84375 0.11658653846153846 0.3088942307692308
2 0.6754807692307693 0.36177884615384615 0.05048076923076923 0.16105769230769232
1 0.6706730769230769 0.2439903846153846 0.06971153846153846 0.11298076923076923
1 0.6550480769230769 0.140625 0.0829326923076923 0.14302884615384615
1 0.7451923076923077 0.27283653846153844 0.08413461538461539 0.1502403846153846
0 0.31009615384615385 0.359375 0.0889423076923077 0.10096153846153846
0 0.24158653846153846 0.23798076923076922 0.13341346153846154 0.23918269230769232
0 0.2956730769230769 0.7608173076923077 0.16346153846153846 0.2620192307692308
0 0.28365384615384615 0.9170673076923077 0.20552884615384615 0.16105769230769232
0 0.4675480769230769 0.8569711538461539 0.18990384615384615 0.28125
2 0.4411057692307692 0.7283653846153846 0.15985576923076922 0.27163461538461536
1 0.43149038461538464 0.4831730769230769 0.21514423076923078 0.28846153846153844
1 0.4483173076923077 0.36538461538461536 0.10697115384615384 0.23677884615384615
2 0.41466346153846156 0.15625 0.10697115384615384 0.18990384615384615
2 0.515625 0.18269230769230768 0.12860576923076922 0.16826923076923078
2 0.59375 0.4675480769230769 0.1045673076923077 0.22956730769230768
1 0.7608173076923077 0.453125 0.2704326923076923 0.22956730769230768
1 0.7067307692307693 0.7848557692307693 0.1502403846153846 0.38461538461538464
2 0.8401442307692307 0.26322115384615385 0.13942307692307693 0.21033653846153846
2 0.8401442307692307 0.6322115384615384 0.15264423076923078 0.29086538461538464
2 0.7944711538461539 0.8737980769230769 0.1778846153846154 0.24639423076923078