0 0.2920673076923077 0.5528846153846154 0.046875 0.07451923076923077
0 0.36538461538461536 0.5480769230769231 0.04567307692307692 0.0889423076923077
0 0.33413461538461536 0.6009615384615384 0.06009615384615385 0.08653846153846154
0 0.24278846153846154 0.5384615384615384 0.051682692307692304 0.08413461538461539
0 0.16346153846153846 0.5432692307692307 0.056490384615384616 0.0889423076923077
0 0.3485576923076923 0.47475961538461536 0.046875 0.07692307692307693
0 0.32091346153846156 0.38221153846153844 0.05048076923076923 0.07932692307692307
0 0.38461538461538464 0.421875 0.04326923076923077 0.07451923076923077
0 0.5528846153846154 0.0829326923076923 0.04447115384615385 0.08173076923076923
0 0.47836538461538464 0.421875 0.055288461538461536 0.09375
0 0.5625 0.8737980769230769 0.09975961538461539 0.15745192307692307