1 0.6766826923076923 0.6995192307692307 0.056490384615384616 0.10096153846153846
0 0.3329326923076923 0.21514423076923078 0.038461538461538464 0.06370192307692307
0 0.2548076923076923 0.27163461538461536 0.051682692307692304 0.07451923076923077
0 0.5228365384615384 0.3088942307692308 0.04567307692307692 0.07932692307692307
0 0.5649038461538461 0.2980769230769231 0.04807692307692308 0.08173076923076923
0 0.5168269230769231 0.3954326923076923 0.054086538461538464 0.09375
0 0.5961538461538461 0.4206730769230769 0.05048076923076923 0.10576923076923077
0 0.5661057692307693 0.5240384615384616 0.04447115384615385 0.09375
3 0.6165865384615384 0.4963942307692308 0.055288461538461536 0.06971153846153846
0 0.5588942307692307 0.6658653846153846 0.07932692307692307 0.13581730769230768
0 0.5240384615384616 0.7512019230769231 0.0889423076923077 0.15745192307692307
0 0.4579326923076923 0.8293269230769231 0.09014423076923077 0.15745192307692307
0 0.44350961538461536 0.9603365384615384 0.0985576923076923 0.07451923076923077