1 0.3016826923076923 0.8569711538461539 0.16105769230769232 0.11899038461538461
1 0.20793269230769232 0.9242788461538461 0.06129807692307692 0.14543269230769232
0 0.08173076923076923 0.4855769230769231 0.051682692307692304 0.12620192307692307
0 0.5564903846153846 0.14783653846153846 0.03365384615384615 0.054086538461538464
0 0.47836538461538464 0.16105769230769232 0.04447115384615385 0.06370192307692307
0 0.4891826923076923 0.22716346153846154 0.04326923076923077 0.0985576923076923
0 0.2824519230769231 0.3161057692307692 0.0733173076923077 0.10817307692307693
0 0.4831730769230769 0.4230769230769231 0.07211538461538461 0.12139423076923077
0 0.6586538461538461 0.21153846153846154 0.0625 0.09615384615384616
0 0.5120192307692307 0.59375 0.0625 0.11658653846153846
0 0.4266826923076923 0.6730769230769231 0.06610576923076923 0.11658653846153846
0 0.6802884615384616 0.9026442307692307 0.10096153846153846 0.18028846153846154