1 0.2247596153846154 0.7091346153846154 0.051682692307692304 0.0985576923076923
0 0.14182692307692307 0.9266826923076923 0.11298076923076923 0.140625
0 0.7680288461538461 0.17908653846153846 0.10336538461538461 0.17067307692307693
0 0.78125 0.4735576923076923 0.0733173076923077 0.14783653846153846
0 0.6105769230769231 0.3112980769230769 0.06009615384615385 0.12379807692307693
0 0.5913461538461539 0.1875 0.055288461538461536 0.10817307692307693
3 0.35336538461538464 0.07572115384615384 0.05889423076923077 0.08173076923076923
3 0.8786057692307693 0.1622596153846154 0.0625 0.09615384615384616
3 0.33653846153846156 0.47836538461538464 0.056490384615384616 0.10576923076923077
3 0.5432692307692307 0.484375 0.05048076923076923 0.11298076923076923
3 0.421875 0.8677884615384616 0.06490384615384616 0.1310096153846154
3 0.3557692307692308 0.6742788461538461 0.054086538461538464 0.0889423076923077