0 0.5432692307692307 0.4963942307692308 0.04326923076923077 0.10336538461538461
3 0.36177884615384615 0.49399038461538464 0.051682692307692304 0.07932692307692307
3 0.5625 0.38100961538461536 0.05048076923076923 0.1310096153846154
3 0.8449519230769231 0.21995192307692307 0.08653846153846154 0.10336538461538461
3 0.9387019230769231 0.3137019230769231 0.09495192307692307 0.12860576923076922
3 0.6069711538461539 0.7055288461538461 0.06971153846153846 0.1310096153846154
3 0.43149038461538464 0.9603365384615384 0.09014423076923077 0.07451923076923077
0 0.23677884615384615 0.484375 0.08173076923076923 0.15264423076923078
0 0.140625 0.21394230769230768 0.07692307692307693 0.11658653846153846
0 0.21514423076923078 0.13341346153846154 0.0733173076923077 0.0889423076923077
0 0.34134615384615385 0.29086538461538464 0.0625 0.13341346153846154
0 0.46634615384615385 0.09615384615384616 0.06610576923076923 0.11298076923076923
0 0.6274038461538461 0.22235576923076922 0.07692307692307693 0.13822115384615385
0 0.7331730769230769 0.5336538461538461 0.09975961538461539 0.16346153846153846
0 0.7632211538461539 0.9302884615384616 0.12379807692307693 0.13341346153846154