1 0.5612980769230769 0.5288461538461539 0.08052884615384616 0.07932692307692307
1 0.5793269230769231 0.6887019230769231 0.0829326923076923 0.07932692307692307
0 0.09134615384615384 0.07572115384615384 0.056490384615384616 0.09615384615384616
0 0.41586538461538464 0.20552884615384615 0.051682692307692304 0.07932692307692307
0 0.3870192307692308 0.3329326923076923 0.052884615384615384 0.0889423076923077
0 0.44471153846153844 0.29086538461538464 0.04326923076923077 0.07932692307692307
0 0.5276442307692307 0.28125 0.055288461538461536 0.0889423076923077
0 0.8377403846153846 0.4254807692307692 0.038461538461538464 0.06610576923076923
0 0.6766826923076923 0.5264423076923077 0.06370192307692307 0.10336538461538461
0 0.7355769230769231 0.9567307692307693 0.09735576923076923 0.08173076923076923
0 0.7548076923076923 0.5901442307692307 0.051682692307692304 0.07932692307692307
3 0.7487980769230769 0.765625 0.08774038461538461 0.11298076923076923
3 0.8197115384615384 0.7764423076923077 0.07692307692307693 0.12620192307692307
3 0.7584134615384616 0.6814903846153846 0.06129807692307692 0.08413461538461539
3 0.7980769230769231 0.6382211538461539 0.056490384615384616 0.10096153846153846