1 0.0829326923076923 0.4855769230769231 0.13701923076923078 0.28846153846153844
1 0.1310096153846154 0.6382211538461539 0.14423076923076922 0.31850961538461536
1 0.19951923076923078 0.6706730769230769 0.16706730769230768 0.35336538461538464
1 0.27884615384615385 0.40024038461538464 0.10817307692307693 0.27163461538461536
1 0.2127403846153846 0.2776442307692308 0.14182692307692307 0.11057692307692307
1 0.25721153846153844 0.8557692307692307 0.1502403846153846 0.28365384615384615
1 0.3701923076923077 0.8401442307692307 0.140625 0.3137019230769231
1 0.47115384615384615 0.8954326923076923 0.15384615384615385 0.20552884615384615
0 0.546875 0.8016826923076923 0.1466346153846154 0.2644230769230769
1 0.6105769230769231 0.9194711538461539 0.09735576923076923 0.15504807692307693
1 0.703125 0.9194711538461539 0.125 0.15504807692307693
1 0.8389423076923077 0.8125 0.31971153846153844 0.27163461538461536
0 0.8365384615384616 0.9254807692307693 0.19471153846153846 0.14302884615384615
2 0.7283653846153846 0.7475961538461539 0.07692307692307693 0.10817307692307693
2 0.9170673076923077 0.6646634615384616 0.14543269230769232 0.15264423076923078
2 0.7980769230769231 0.6237980769230769 0.1310096153846154 0.18028846153846154
0 0.6418269230769231 0.5877403846153846 0.18028846153846154 0.29086538461538464
1 0.4963942307692308 0.5144230769230769 0.2536057692307692 0.19951923076923078
2 0.7019230769230769 0.5432692307692307 0.10336538461538461 0.19230769230769232
0 0.7103365384615384 0.3641826923076923 0.1346153846153846 0.23918269230769232
2 0.703125 0.4326923076923077 0.11057692307692307 0.07932692307692307
0 0.59375 0.29447115384615385 0.15745192307692307 0.21995192307692307
0 0.4951923076923077 0.3737980769230769 0.11538461538461539 0.19471153846153846
1 0.40384615384615385 0.359375 0.10336538461538461 0.19471153846153846
1 0.46875 0.23076923076923078 0.140625 0.12139423076923077
1 0.35697115384615385 0.2536057692307692 0.07211538461538461 0.1502403846153846
1 0.3245192307692308 0.16826923076923078 0.13581730769230768 0.13822115384615385
0 0.4651442307692308 0.10216346153846154 0.06610576923076923 0.11057692307692307
1 0.4074519230769231 0.171875 0.08173076923076923 0.11057692307692307
2 0.7175480769230769 0.25240384615384615 0.07932692307692307 0.10336538461538461
0 0.6754807692307693 0.13221153846153846 0.09014423076923077 0.1658653846153846
1 0.4963942307692308 0.13701923076923078 0.08774038461538461 0.09615384615384616
1 0.6394230769230769 0.08774038461538461 0.04326923076923077 0.11057692307692307
0 0.6141826923076923 0.0625 0.054086538461538464 0.08173076923076923
1 0.5612980769230769 0.08052884615384616 0.10096153846153846 0.06610576923076923
1 0.9399038461538461 0.18028846153846154 0.11658653846153846 0.11899038461538461