0 0.7283653846153846 0.65625 0.04326923076923077 0.06971153846153846
0 0.05048076923076923 0.5564903846153846 0.056490384615384616 0.07211538461538461
0 0.2824519230769231 0.5408653846153846 0.04447115384615385 0.06370192307692307
0 0.34975961538461536 0.6442307692307693 0.05048076923076923 0.06370192307692307
0 0.7355769230769231 0.796875 0.06009615384615385 0.10096153846153846
0 0.5132211538461539 0.6706730769230769 0.051682692307692304 0.06129807692307692
0 0.46875 0.6514423076923077 0.054086538461538464 0.07451923076923077
0 0.5769230769230769 0.875 0.06850961538461539 0.12139423076923077
3 0.33774038461538464 0.71875 0.052884615384615384 0.06971153846153846
3 0.17668269230769232 0.8149038461538461 0.052884615384615384 0.06971153846153846
3 0.14182692307692307 0.7740384615384616 0.052884615384615384 0.056490384615384616
3 0.1875 0.6911057692307693 0.07211538461538461 0.06971153846153846