0 0.41466346153846156 0.8497596153846154 0.04807692307692308 0.0985576923076923
0 0.13221153846153846 0.5408653846153846 0.051682692307692304 0.09375
0 0.4254807692307692 0.45072115384615385 0.03245192307692308 0.042067307692307696
0 0.43509615384615385 0.38221153846153844 0.03365384615384615 0.06370192307692307
0 0.05048076923076923 0.9290865384615384 0.09254807692307693 0.13581730769230768
0 0.28846153846153844 0.6358173076923077 0.054086538461538464 0.09615384615384616
0 0.5180288461538461 0.5036057692307693 0.030048076923076924 0.06971153846153846
0 0.4338942307692308 0.7223557692307693 0.037259615384615384 0.08653846153846154
0 0.8016826923076923 0.17067307692307693 0.06971153846153846 0.12379807692307693
0 0.5516826923076923 0.20552884615384615 0.03365384615384615 0.06370192307692307
0 0.1466346153846154 0.3798076923076923 0.040865384615384616 0.06971153846153846
3 0.9302884615384616 0.6947115384615384 0.13701923076923078 0.23918269230769232
0 0.9134615384615384 0.5576923076923077 0.11298076923076923 0.0985576923076923