1 0.6838942307692307 0.7055288461538461 0.07211538461538461 0.18028846153846154
1 0.4375 0.9230769230769231 0.05048076923076923 0.14783653846153846
1 0.484375 0.9026442307692307 0.07451923076923077 0.18990384615384615
1 0.5252403846153846 0.6322115384615384 0.07932692307692307 0.18269230769230768
0 0.3473557692307692 0.8882211538461539 0.13701923076923078 0.21995192307692307
0 0.5769230769230769 0.7620192307692307 0.08774038461538461 0.18028846153846154
0 0.6237980769230769 0.6875 0.07692307692307693 0.1502403846153846
0 0.6538461538461539 0.4579326923076923 0.06490384615384616 0.12139423076923077
0 0.6358173076923077 0.33653846153846156 0.052884615384615384 0.10576923076923077
0 0.5721153846153846 0.19230769230769232 0.054086538461538464 0.0985576923076923
0 0.5252403846153846 0.10096153846153846 0.042067307692307696 0.09375
0 0.484375 0.04927884615384615 0.04567307692307692 0.06971153846153846