1 0.16466346153846154 0.5637019230769231 0.054086538461538464 0.18509615384615385
1 0.9014423076923077 0.8064903846153846 0.19471153846153846 0.21514423076923078
1 0.8365384615384616 0.6730769230769231 0.3233173076923077 0.19951923076923078
1 0.7439903846153846 0.9230769230769231 0.13341346153846154 0.14783653846153846
1 0.7512019230769231 0.8497596153846154 0.22235576923076922 0.296875
2 0.7151442307692307 0.5649038461538461 0.15745192307692307 0.27163461538461536
0 0.6177884615384616 0.8882211538461539 0.14543269230769232 0.21995192307692307
0 0.47836538461538464 0.875 0.12379807692307693 0.21514423076923078
1 0.5276442307692307 0.71875 0.2800480769230769 0.23197115384615385
2 0.5456730769230769 0.609375 0.12259615384615384 0.14302884615384615
2 0.6045673076923077 0.4639423076923077 0.10697115384615384 0.21754807692307693
2 0.5336538461538461 0.4519230769230769 0.08774038461538461 0.20793269230769232
2 0.6105769230769231 0.22716346153846154 0.0625 0.1778846153846154
0 0.3858173076923077 0.6105769230769231 0.08413461538461539 0.17067307692307693
0 0.49038461538461536 0.3786057692307692 0.09495192307692307 0.21995192307692307
0 0.5637019230769231 0.19831730769230768 0.1045673076923077 0.21033653846153846
0 0.4891826923076923 0.10817307692307693 0.09975961538461539 0.1875
1 0.33413461538461536 0.25600961538461536 0.11057692307692307 0.12620192307692307
1 0.2800480769230769 0.21514423076923078 0.0829326923076923 0.24639423076923078
0 0.4170673076923077 0.2403846153846154 0.0889423076923077 0.18028846153846154
1 0.4050480769230769 0.33653846153846156 0.17668269230769232 0.19471153846153846
1 0.24879807692307693 0.4699519230769231 0.08653846153846154 0.22956730769230768
1 0.3317307692307692 0.828125 0.11778846153846154 0.1658653846153846
1 0.24759615384615385 0.9206730769230769 0.15264423076923078 0.15264423076923078
1 0.25721153846153844 0.7331730769230769 0.09735576923076923 0.3161057692307692
1 0.12259615384615384 0.9423076923076923 0.06850961538461539 0.11057692307692307
1 0.11658653846153846 0.7860576923076923 0.06971153846153846 0.22956730769230768
0 0.38461538461538464 0.9435096153846154 0.06971153846153846 0.10336538461538461