3 0.7259615384615384 0.2127403846153846 0.07211538461538461 0.0889423076923077
3 0.7824519230769231 0.8774038461538461 0.10096153846153846 0.12139423076923077
3 0.6322115384615384 0.6418269230769231 0.06129807692307692 0.0985576923076923
3 0.12379807692307693 0.8016826923076923 0.06370192307692307 0.08173076923076923
3 0.18389423076923078 0.625 0.056490384615384616 0.05889423076923077
3 0.03365384615384615 0.7740384615384616 0.0625 0.09134615384615384
0 0.44711538461538464 0.296875 0.056490384615384616 0.09375
0 0.234375 0.5793269230769231 0.04326923076923077 0.07211538461538461
0 0.2403846153846154 0.640625 0.038461538461538464 0.07211538461538461
0 0.36658653846153844 0.6730769230769231 0.052884615384615384 0.08653846153846154
0 0.24759615384615385 0.3942307692307692 0.052884615384615384 0.08173076923076923
0 0.3858173076923077 0.35096153846153844 0.051682692307692304 0.07451923076923077