0 0.2932692307692308 0.24519230769230768 0.09975961538461539 0.20552884615384615
0 0.29927884615384615 0.4338942307692308 0.12620192307692307 0.20552884615384615
0 0.3557692307692308 0.5444711538461539 0.13581730769230768 0.22956730769230768
1 0.18269230769230768 0.1814903846153846 0.14543269230769232 0.11658653846153846
1 0.0985576923076923 0.35096153846153844 0.18389423076923078 0.1875
1 0.2608173076923077 0.8329326923076923 0.18509615384615385 0.17067307692307693
2 0.2536057692307692 0.6766826923076923 0.12860576923076922 0.22716346153846154
0 0.13701923076923078 0.7572115384615384 0.125 0.27884615384615385
0 0.41346153846153844 0.9026442307692307 0.14543269230769232 0.18509615384615385
0 0.5456730769230769 0.9591346153846154 0.16706730769230768 0.07692307692307693
1 0.42908653846153844 0.2668269230769231 0.0829326923076923 0.12379807692307693
2 0.4375 0.16826923076923078 0.07211538461538461 0.08413461538461539
0 0.4795673076923077 0.11298076923076923 0.09975961538461539 0.1778846153846154
2 0.5108173076923077 0.27163461538461536 0.09014423076923077 0.19230769230769232
2 0.5913461538461539 0.37259615384615385 0.12379807692307693 0.19230769230769232
2 0.6670673076923077 0.23918269230769232 0.12139423076923077 0.15264423076923078
2 0.6862980769230769 0.10336538461538461 0.11899038461538461 0.14302884615384615