0 0.5829326923076923 0.43509615384615385 0.037259615384615384 0.05889423076923077
0 0.5132211538461539 0.375 0.037259615384615384 0.06370192307692307
0 0.4206730769230769 0.32572115384615385 0.03485576923076923 0.05889423076923077
0 0.36899038461538464 0.33774038461538464 0.040865384615384616 0.07451923076923077
0 0.3269230769230769 0.7427884615384616 0.040865384615384616 0.08413461538461539
0 0.3137019230769231 0.6358173076923077 0.038461538461538464 0.06610576923076923
0 0.3762019230769231 0.7247596153846154 0.04326923076923077 0.07211538461538461
0 0.23918269230769232 0.7680288461538461 0.054086538461538464 0.09375
0 0.06490384615384616 0.9266826923076923 0.06850961538461539 0.09134615384615384
0 0.5048076923076923 0.9471153846153846 0.054086538461538464 0.09134615384615384
1 0.3557692307692308 0.6358173076923077 0.054086538461538464 0.07211538461538461
3 0.6177884615384616 0.9026442307692307 0.0733173076923077 0.10096153846153846
1 0.5793269230769231 0.9747596153846154 0.07451923076923077 0.04447115384615385