0 0.2848557692307692 0.5552884615384616 0.05048076923076923 0.06370192307692307
0 0.36899038461538464 0.3389423076923077 0.03365384615384615 0.06129807692307692
0 0.30528846153846156 0.22596153846153846 0.027644230769230768 0.042067307692307696
0 0.3641826923076923 0.12860576923076922 0.028846153846153848 0.039663461538461536
0 0.5685096153846154 0.08774038461538461 0.025240384615384616 0.042067307692307696
0 0.6622596153846154 0.06490384615384616 0.030048076923076924 0.03245192307692308
0 0.6923076923076923 0.38221153846153844 0.037259615384615384 0.054086538461538464
0 0.9507211538461539 0.49278846153846156 0.056490384615384616 0.06129807692307692
0 0.75 0.5372596153846154 0.04447115384615385 0.056490384615384616
3 0.5252403846153846 0.4411057692307692 0.036057692307692304 0.06129807692307692
3 0.8954326923076923 0.35096153846153844 0.05048076923076923 0.07932692307692307
3 0.9314903846153846 0.44350961538461536 0.06009615384615385 0.037259615384615384
3 0.890625 0.5252403846153846 0.054086538461538464 0.06129807692307692
3 0.8293269230769231 0.9555288461538461 0.09735576923076923 0.08413461538461539
3 0.9627403846153846 0.9278846153846154 0.07091346153846154 0.12860576923076922
3 0.46875 0.8173076923076923 0.028846153846153848 0.03485576923076923
1 0.5661057692307693 0.8774038461538461 0.06129807692307692 0.06610576923076923
1 0.6550480769230769 0.9026442307692307 0.052884615384615384 0.10576923076923077
3 0.9362980769230769 0.7668269230769231 0.06610576923076923 0.07211538461538461