0 0.28365384615384615 0.4026442307692308 0.03485576923076923 0.05889423076923077
3 0.12259615384615384 0.5432692307692307 0.06610576923076923 0.06971153846153846
3 0.15865384615384615 0.3894230769230769 0.04326923076923077 0.06129807692307692
1 0.48677884615384615 0.7247596153846154 0.051682692307692304 0.13581730769230768
1 0.109375 0.6526442307692307 0.06009615384615385 0.06129807692307692
2 0.5516826923076923 0.9603365384615384 0.028846153846153848 0.07451923076923077
2 0.44591346153846156 0.9447115384615384 0.046875 0.06610576923076923
2 0.6923076923076923 0.8665865384615384 0.03245192307692308 0.054086538461538464
2 0.53125 0.8605769230769231 0.015625 0.042067307692307696
2 0.49399038461538464 0.8401442307692307 0.028846153846153848 0.03245192307692308
2 0.6322115384615384 0.9002403846153846 0.028846153846153848 0.051682692307692304
2 0.34134615384615385 0.8810096153846154 0.021634615384615384 0.039663461538461536
3 0.6237980769230769 0.6334134615384616 0.11538461538461539 0.1502403846153846
0 0.7596153846153846 0.32211538461538464 0.046875 0.09615384615384616
0 0.5961538461538461 0.7740384615384616 0.06370192307692307 0.11057692307692307
0 0.3798076923076923 0.5324519230769231 0.040865384615384616 0.06610576923076923
0 0.2800480769230769 0.7572115384615384 0.052884615384615384 0.07211538461538461
1 0.10336538461538461 0.3088942307692308 0.028846153846153848 0.08413461538461539
1 0.8413461538461539 0.8737980769230769 0.07692307692307693 0.06971153846153846
1 0.5456730769230769 0.44711538461538464 0.05889423076923077 0.05889423076923077
1 0.037259615384615384 0.8040865384615384 0.056490384615384616 0.1310096153846154
1 0.22956730769230768 0.5733173076923077 0.07091346153846154 0.06971153846153846
1 0.3137019230769231 0.5841346153846154 0.06610576923076923 0.06129807692307692
3 0.8629807692307693 0.9519230769230769 0.06129807692307692 0.08173076923076923