0 0.1814903846153846 0.3329326923076923 0.05889423076923077 0.07451923076923077
0 0.10336538461538461 0.3629807692307692 0.056490384615384616 0.06370192307692307
0 0.46153846153846156 0.37259615384615385 0.051682692307692304 0.07451923076923077
0 0.4723557692307692 0.28725961538461536 0.046875 0.06610576923076923
0 0.5324519230769231 0.26322115384615385 0.04326923076923077 0.056490384615384616
0 0.6310096153846154 0.23076923076923078 0.03245192307692308 0.051682692307692304
0 0.7536057692307693 0.2776442307692308 0.055288461538461536 0.09134615384615384
0 0.8137019230769231 0.22596153846153846 0.054086538461538464 0.09134615384615384
0 0.7728365384615384 0.39663461538461536 0.0625 0.11658653846153846
0 0.8870192307692307 0.39783653846153844 0.07451923076923077 0.12860576923076922
3 0.9399038461538461 0.5036057692307693 0.08173076923076923 0.0889423076923077
0 0.8629807692307693 0.5492788461538461 0.08173076923076923 0.13581730769230768
0 0.9014423076923077 0.7776442307692307 0.10817307692307693 0.18269230769230768
0 0.8641826923076923 0.9110576923076923 0.12379807692307693 0.17307692307692307
0 0.7740384615384616 0.96875 0.09254807692307693 0.056490384615384616