1 0.15985576923076922 0.6502403846153846 0.23557692307692307 0.4074519230769231
2 0.171875 0.2764423076923077 0.13581730769230768 0.19230769230769232
2 0.390625 0.13221153846153846 0.12259615384615384 0.14543269230769232
1 0.9338942307692307 0.125 0.08774038461538461 0.1658653846153846
1 0.9495192307692307 0.2692307692307692 0.0985576923076923 0.18269230769230768
2 0.8305288461538461 0.18028846153846154 0.14423076923076922 0.12860576923076922
2 0.9206730769230769 0.4326923076923077 0.15745192307692307 0.33533653846153844
2 0.7668269230769231 0.2920673076923077 0.1971153846153846 0.2247596153846154
2 0.5973557692307693 0.19951923076923078 0.140625 0.13822115384615385
1 0.5552884615384616 0.11177884615384616 0.10817307692307693 0.17548076923076922
1 0.42788461538461536 0.31971153846153844 0.09615384615384616 0.29927884615384615
1 0.6129807692307693 0.34375 0.27403846153846156 0.25240384615384615
1 0.8401442307692307 0.6117788461538461 0.2776442307692308 0.40024038461538464
2 0.6610576923076923 0.5721153846153846 0.23076923076923078 0.1658653846153846
0 0.9038461538461539 0.828125 0.18990384615384615 0.33774038461538464
1 0.6418269230769231 0.7932692307692307 0.4375 0.4074519230769231
1 0.28966346153846156 0.8401442307692307 0.34615384615384615 0.3137019230769231