1 0.9591346153846154 0.22235576923076922 0.078125 0.10336538461538461
1 0.6129807692307693 0.40865384615384615 0.06850961538461539 0.1310096153846154
0 0.5384615384615384 0.17307692307692307 0.10817307692307693 0.18269230769230768
0 0.27283653846153844 0.5637019230769231 0.1346153846153846 0.2247596153846154
0 0.3858173076923077 0.9399038461538461 0.07692307692307693 0.11658653846153846
0 0.8497596153846154 0.5721153846153846 0.03365384615384615 0.056490384615384616
0 0.9182692307692307 0.6959134615384616 0.04326923076923077 0.05889423076923077
3 0.08774038461538461 0.8737980769230769 0.07692307692307693 0.10336538461538461
3 0.17307692307692307 0.8713942307692307 0.05889423076923077 0.07451923076923077
3 0.25961538461538464 0.8894230769230769 0.08052884615384616 0.09375
3 0.6165865384615384 0.9579326923076923 0.07211538461538461 0.07932692307692307
3 0.8786057692307693 0.265625 0.06490384615384616 0.10576923076923077
3 0.6009615384615384 0.6983173076923077 0.03365384615384615 0.054086538461538464
1 0.5372596153846154 0.9555288461538461 0.04567307692307692 0.08413461538461539