0 0.6959134615384616 0.13221153846153846 0.052884615384615384 0.09134615384615384
0 0.20432692307692307 0.5180288461538461 0.0733173076923077 0.12860576923076922
0 0.27403846153846156 0.7572115384615384 0.09254807692307693 0.16105769230769232
0 0.8233173076923077 0.8725961538461539 0.08653846153846154 0.1310096153846154
3 0.08173076923076923 0.23677884615384615 0.07211538461538461 0.08413461538461539
3 0.20793269230769232 0.3329326923076923 0.05048076923076923 0.04927884615384615
3 0.515625 0.14783653846153846 0.05048076923076923 0.08413461538461539
3 0.6682692307692307 0.4483173076923077 0.036057692307692304 0.09615384615384616
0 0.7175480769230769 0.3942307692307692 0.046875 0.08653846153846154
0 0.8245192307692307 0.16706730769230768 0.03245192307692308 0.051682692307692304
0 0.8846153846153846 0.13942307692307693 0.040865384615384616 0.06610576923076923
0 0.7307692307692307 0.055288461538461536 0.03365384615384615 0.056490384615384616