3 0.7620192307692307 0.546875 0.07091346153846154 0.08653846153846154
3 0.7139423076923077 0.47836538461538464 0.06370192307692307 0.06129807692307692
3 0.9338942307692307 0.6995192307692307 0.0985576923076923 0.14543269230769232
3 0.7295673076923077 0.8689903846153846 0.08052884615384616 0.13822115384615385
3 0.7019230769230769 0.6298076923076923 0.07091346153846154 0.07932692307692307
3 0.33774038461538464 0.9026442307692307 0.052884615384615384 0.06610576923076923
3 0.14903846153846154 0.8665865384615384 0.06490384615384616 0.11899038461538461
0 0.10096153846153846 0.6538461538461539 0.07091346153846154 0.09375
0 0.15264423076923078 0.5697115384615384 0.04567307692307692 0.06129807692307692
0 0.24759615384615385 0.6382211538461539 0.06850961538461539 0.08173076923076923
0 0.3317307692307692 0.6021634615384616 0.056490384615384616 0.0889423076923077
0 0.8149038461538461 0.1814903846153846 0.046875 0.07211538461538461
0 0.6346153846153846 0.27403846153846156 0.04326923076923077 0.07451923076923077
0 0.6274038461538461 0.12259615384615384 0.04567307692307692 0.09134615384615384
0 0.8509615384615384 0.5060096153846154 0.109375 0.13341346153846154
0 0.5600961538461539 0.5264423076923077 0.08774038461538461 0.12860576923076922
0 0.5384615384615384 0.9122596153846154 0.07692307692307693 0.14543269230769232