3 0.3918269230769231 0.7127403846153846 0.07211538461538461 0.10576923076923077
3 0.3473557692307692 0.6550480769230769 0.07211538461538461 0.11658653846153846
0 0.18509615384615385 0.4963942307692308 0.06129807692307692 0.0985576923076923
0 0.6550480769230769 0.6983173076923077 0.08173076923076923 0.11298076923076923
0 0.8918269230769231 0.2824519230769231 0.08774038461538461 0.13581730769230768
0 0.5913461538461539 0.09735576923076923 0.0733173076923077 0.13581730769230768
0 0.4338942307692308 0.12259615384615384 0.07091346153846154 0.140625
3 0.19471153846153846 0.8978365384615384 0.0829326923076923 0.08173076923076923
3 0.6971153846153846 0.7944711538461539 0.06129807692307692 0.0985576923076923
3 0.8545673076923077 0.9591346153846154 0.09735576923076923 0.07692307692307693
3 0.7752403846153846 0.19110576923076922 0.09495192307692307 0.15504807692307693