3 0.24158653846153846 0.43990384615384615 0.04447115384615385 0.06971153846153846
3 0.8786057692307693 0.7584134615384616 0.14423076923076922 0.27163461538461536
3 0.5564903846153846 0.8617788461538461 0.0829326923076923 0.14302884615384615
3 0.5925480769230769 0.6358173076923077 0.056490384615384616 0.08653846153846154
3 0.4483173076923077 0.8028846153846154 0.07692307692307693 0.09375
3 0.3425480769230769 0.9399038461538461 0.09495192307692307 0.11658653846153846
3 0.265625 0.6935096153846154 0.078125 0.10817307692307693
3 0.15264423076923078 0.7427884615384616 0.0889423076923077 0.12379807692307693
0 0.09254807692307693 0.4014423076923077 0.0829326923076923 0.12139423076923077
0 0.12860576923076922 0.1310096153846154 0.052884615384615384 0.07932692307692307
0 0.6935096153846154 0.12860576923076922 0.09975961538461539 0.17307692307692307
0 0.8341346153846154 0.16826923076923078 0.11057692307692307 0.17307692307692307
1 0.7836538461538461 0.5769230769230769 0.07692307692307693 0.07211538461538461
1 0.22355769230769232 0.3425480769230769 0.0829326923076923 0.09134615384615384
0 0.2848557692307692 0.078125 0.06129807692307692 0.10576923076923077
0 0.3605769230769231 0.14903846153846154 0.0625 0.11057692307692307