3 0.5456730769230769 0.38100961538461536 0.04447115384615385 0.056490384615384616
0 0.49399038461538464 0.2920673076923077 0.04326923076923077 0.07692307692307693
0 0.53125 0.2980769230769231 0.03485576923076923 0.06129807692307692
0 0.6730769230769231 0.2800480769230769 0.038461538461538464 0.07692307692307693
0 0.8870192307692307 0.5877403846153846 0.04807692307692308 0.08413461538461539
0 0.7824519230769231 0.9375 0.07932692307692307 0.12139423076923077
0 0.671875 0.5420673076923077 0.052884615384615384 0.06610576923076923
0 0.4891826923076923 0.49278846153846156 0.05889423076923077 0.08653846153846154
3 0.18269230769230768 0.7692307692307693 0.040865384615384616 0.06129807692307692
3 0.6382211538461539 0.4795673076923077 0.04326923076923077 0.06971153846153846
3 0.8064903846153846 0.5901442307692307 0.04447115384615385 0.05889423076923077
3 0.828125 0.7223557692307693 0.052884615384615384 0.07692307692307693
1 0.921875 0.9375 0.09495192307692307 0.12139423076923077