1 0.3004807692307692 0.8629807692307693 0.078125 0.10576923076923077
1 0.40024038461538464 0.8353365384615384 0.04326923076923077 0.19471153846153846
3 0.44711538461538464 0.5552884615384616 0.04567307692307692 0.054086538461538464
3 0.3545673076923077 0.7728365384615384 0.040865384615384616 0.06370192307692307
3 0.3701923076923077 0.6947115384615384 0.04326923076923077 0.06129807692307692
0 0.2920673076923077 0.7175480769230769 0.06129807692307692 0.12139423076923077
0 0.18629807692307693 0.6310096153846154 0.078125 0.11057692307692307
0 0.31850961538461536 0.5252403846153846 0.037259615384615384 0.06129807692307692
0 0.35697115384615385 0.4182692307692308 0.042067307692307696 0.056490384615384616
0 0.1045673076923077 0.5108173076923077 0.06009615384615385 0.06370192307692307
0 0.125 0.44350961538461536 0.06370192307692307 0.06129807692307692