1 0.6490384615384616 0.7415865384615384 0.07932692307692307 0.20552884615384615
1 0.7055288461538461 0.6021634615384616 0.06610576923076923 0.15745192307692307
0 0.6346153846153846 0.18990384615384615 0.056490384615384616 0.11298076923076923
0 0.7079326923076923 0.21995192307692307 0.04807692307692308 0.0985576923076923
0 0.78125 0.7788461538461539 0.15144230769230768 0.25961538461538464
0 0.6502403846153846 0.9567307692307693 0.12379807692307693 0.08173076923076923
0 0.6117788461538461 0.3786057692307692 0.06490384615384616 0.11658653846153846
0 0.5348557692307693 0.4831730769230769 0.07692307692307693 0.140625
0 0.3870192307692308 0.5036057692307693 0.11899038461538461 0.17307692307692307
0 0.13701923076923078 0.6466346153846154 0.12259615384615384 0.19230769230769232
0 0.1622596153846154 0.859375 0.16105769230769232 0.22235576923076922