0 0.75 0.7836538461538461 0.04447115384615385 0.07211538461538461
0 0.8786057692307693 0.8461538461538461 0.055288461538461536 0.09615384615384616
3 0.40625 0.5576923076923077 0.06009615384615385 0.09375
3 0.2692307692307692 0.9302884615384616 0.13581730769230768 0.13341346153846154
0 0.5348557692307693 0.6502403846153846 0.046875 0.11658653846153846
0 0.5528846153846154 0.5600961538461539 0.040865384615384616 0.08413461538461539
0 0.7247596153846154 0.9639423076923077 0.056490384615384616 0.06610576923076923
0 0.609375 0.9747596153846154 0.042067307692307696 0.04447115384615385
0 0.5637019230769231 0.8798076923076923 0.042067307692307696 0.07692307692307693
0 0.5168269230769231 0.9254807692307693 0.052884615384615384 0.08413461538461539
0 0.4483173076923077 0.4879807692307692 0.07451923076923077 0.11658653846153846
0 0.5745192307692307 0.2536057692307692 0.04567307692307692 0.07692307692307693
0 0.3641826923076923 0.21995192307692307 0.06129807692307692 0.10336538461538461
0 0.30528846153846156 0.3233173076923077 0.07091346153846154 0.11899038461538461
0 0.32211538461538464 0.5048076923076923 0.09134615384615384 0.16105769230769232
0 0.19951923076923078 0.7007211538461539 0.12259615384615384 0.17307692307692307