0 0.8954326923076923 0.3449519230769231 0.04567307692307692 0.06129807692307692
0 0.2920673076923077 0.21514423076923078 0.038461538461538464 0.07451923076923077
1 0.27884615384615385 0.6430288461538461 0.06490384615384616 0.1310096153846154
1 0.18870192307692307 0.6899038461538461 0.0889423076923077 0.14543269230769232
3 0.2091346153846154 0.8605769230769231 0.07091346153846154 0.11658653846153846
1 0.1310096153846154 0.8473557692307693 0.11899038461538461 0.2127403846153846
0 0.16346153846153846 0.06490384615384616 0.04567307692307692 0.07692307692307693
0 0.17427884615384615 0.49158653846153844 0.06850961538461539 0.11899038461538461
0 0.34975961538461536 0.27163461538461536 0.030048076923076924 0.07451923076923077
0 0.37740384615384615 0.3173076923076923 0.037259615384615384 0.08173076923076923
0 0.42788461538461536 0.3737980769230769 0.06129807692307692 0.07692307692307693
1 0.5060096153846154 0.23677884615384615 0.07091346153846154 0.06971153846153846