1 0.6189903846153846 0.39663461538461536 0.051682692307692304 0.140625
2 0.09014423076923077 0.90625 0.1778846153846154 0.18269230769230768
2 0.1971153846153846 0.8016826923076923 0.14182692307692307 0.24879807692307693
2 0.3161057692307692 0.7055288461538461 0.125 0.21995192307692307
2 0.328125 0.8846153846153846 0.09975961538461539 0.2247596153846154
2 0.12379807692307693 0.31971153846153844 0.11658653846153846 0.16105769230769232
2 0.5793269230769231 0.2403846153846154 0.09495192307692307 0.14543269230769232
0 0.4651442307692308 0.27884615384615385 0.08774038461538461 0.1875
0 0.5276442307692307 0.39903846153846156 0.078125 0.11057692307692307
1 0.41586538461538464 0.8822115384615384 0.12139423076923077 0.22956730769230768
2 0.49038461538461536 0.859375 0.11778846153846154 0.24639423076923078
0 0.5540865384615384 0.6574519230769231 0.125 0.19471153846153846
0 0.5913461538461539 0.8028846153846154 0.14302884615384615 0.2620192307692308
0 0.7235576923076923 0.7704326923076923 0.13942307692307693 0.27163461538461536
2 0.6670673076923077 0.6189903846153846 0.12740384615384615 0.11658653846153846
1 0.8365384615384616 0.9182692307692307 0.15504807692307693 0.15745192307692307
2 0.9375 0.7632211538461539 0.12259615384615384 0.1875
1 0.8521634615384616 0.6862980769230769 0.09615384615384616 0.25240384615384615
1 0.6358173076923077 0.47475961538461536 0.17067307692307693 0.20552884615384615
1 0.8509615384615384 0.3605769230769231 0.054086538461538464 0.09375
2 0.9230769230769231 0.35336538461538464 0.078125 0.13822115384615385
2 0.7956730769230769 0.40024038461538464 0.04567307692307692 0.11899038461538461
1 0.8581730769230769 0.32091346153846156 0.0733173076923077 0.11899038461538461
2 0.7560096153846154 0.484375 0.07091346153846154 0.14302884615384615
1 0.7403846153846154 0.37740384615384615 0.07932692307692307 0.08413461538461539
1 0.8725961538461539 0.48197115384615385 0.1622596153846154 0.11298076923076923
2 0.9471153846153846 0.59375 0.10336538461538461 0.19951923076923078