0 0.11298076923076923 0.9074519230769231 0.1310096153846154 0.18028846153846154
0 0.21995192307692307 0.47115384615384615 0.07211538461538461 0.13341346153846154
0 0.3245192307692308 0.40625 0.04807692307692308 0.06610576923076923
0 0.15745192307692307 0.22115384615384615 0.06490384615384616 0.09615384615384616
0 0.43509615384615385 0.203125 0.09014423076923077 0.1310096153846154
0 0.3629807692307692 0.7860576923076923 0.10817307692307693 0.22956730769230768
0 0.22115384615384615 0.9495192307692307 0.06129807692307692 0.09615384615384616
1 0.8245192307692307 0.16826923076923078 0.09014423076923077 0.10817307692307693
3 0.9338942307692307 0.18629807692307693 0.10576923076923077 0.12620192307692307
3 0.13942307692307693 0.43990384615384615 0.078125 0.10336538461538461
3 0.2247596153846154 0.6766826923076923 0.07091346153846154 0.13341346153846154
1 0.5576923076923077 0.9350961538461539 0.10697115384615384 0.12620192307692307
1 0.4543269230769231 0.7115384615384616 0.06009615384615385 0.1971153846153846
1 0.4495192307692308 0.9146634615384616 0.054086538461538464 0.1658653846153846