0 0.09495192307692307 0.09014423076923077 0.055288461538461536 0.07692307692307693
0 0.7247596153846154 0.07572115384615384 0.04326923076923077 0.056490384615384616
0 0.7163461538461539 0.3076923076923077 0.046875 0.09134615384615384
0 0.7560096153846154 0.21995192307692307 0.05048076923076923 0.06971153846153846
0 0.7692307692307693 0.2920673076923077 0.046875 0.07692307692307693
0 0.9795673076923077 0.5901442307692307 0.038461538461538464 0.10336538461538461
3 0.5012019230769231 0.49158653846153844 0.06490384615384616 0.07932692307692307
3 0.7055288461538461 0.9158653846153846 0.10336538461538461 0.13822115384615385
3 0.49399038461538464 0.9302884615384616 0.09495192307692307 0.13341346153846154
3 0.12980769230769232 0.2608173076923077 0.07692307692307693 0.07692307692307693
0 0.33774038461538464 0.17548076923076922 0.04326923076923077 0.10336538461538461
0 0.20192307692307693 0.36177884615384615 0.07091346153846154 0.12620192307692307
0 0.14903846153846154 0.6923076923076923 0.125 0.18509615384615385
0 0.515625 0.6310096153846154 0.056490384615384616 0.1310096153846154
0 0.5793269230769231 0.9495192307692307 0.09735576923076923 0.09615384615384616
0 0.8317307692307693 0.8990384615384616 0.07932692307692307 0.12860576923076922
0 0.9110576923076923 0.921875 0.11658653846153846 0.1502403846153846