0 0.7355769230769231 0.12620192307692307 0.03365384615384615 0.05889423076923077
0 0.6814903846153846 0.3112980769230769 0.037259615384615384 0.06971153846153846
0 0.5997596153846154 0.2536057692307692 0.03365384615384615 0.06129807692307692
3 0.7764423076923077 0.6971153846153846 0.05048076923076923 0.07211538461538461
3 0.5865384615384616 0.8786057692307693 0.05048076923076923 0.06971153846153846
3 0.46634615384615385 0.9302884615384616 0.055288461538461536 0.07932692307692307
0 0.7355769230769231 0.5492788461538461 0.036057692307692304 0.056490384615384616
0 0.5733173076923077 0.5733173076923077 0.038461538461538464 0.06971153846153846
0 0.5721153846153846 0.7872596153846154 0.03485576923076923 0.06971153846153846
0 0.3858173076923077 0.5432692307692307 0.037259615384615384 0.054086538461538464
0 0.42908653846153844 0.5240384615384616 0.042067307692307696 0.05889423076923077
0 0.47836538461538464 0.6286057692307693 0.03485576923076923 0.07211538461538461
0 0.41586538461538464 0.6730769230769231 0.046875 0.07211538461538461
0 0.640625 0.6370192307692307 0.04447115384615385 0.07451923076923077
0 0.6490384615384616 0.7548076923076923 0.042067307692307696 0.08173076923076923
0 0.9831730769230769 0.6766826923076923 0.03245192307692308 0.09375
0 0.8762019230769231 0.7980769230769231 0.06490384615384616 0.08413461538461539
0 0.9302884615384616 0.8930288461538461 0.10096153846153846 0.1310096153846154
0 0.09615384615384616 0.4026442307692308 0.07692307692307693 0.0985576923076923