1 0.3557692307692308 0.4411057692307692 0.06129807692307692 0.12139423076923077
3 0.9423076923076923 0.3173076923076923 0.10096153846153846 0.08173076923076923
1 0.953125 0.07451923076923077 0.055288461538461536 0.13822115384615385
3 0.703125 0.5588942307692307 0.04807692307692308 0.07211538461538461
0 0.3858173076923077 0.12379807692307693 0.06850961538461539 0.054086538461538464
3 0.6189903846153846 0.265625 0.055288461538461536 0.07692307692307693
3 0.7067307692307693 0.27524038461538464 0.055288461538461536 0.08173076923076923
3 0.45913461538461536 0.9519230769230769 0.09014423076923077 0.09134615384615384
3 0.7439903846153846 0.8125 0.046875 0.13341346153846154
3 0.6370192307692307 0.6634615384615384 0.09014423076923077 0.13581730769230768
0 0.7391826923076923 0.06129807692307692 0.046875 0.06971153846153846
0 0.2920673076923077 0.6165865384615384 0.08774038461538461 0.23918269230769232
0 0.25721153846153844 0.39783653846153844 0.037259615384615384 0.13822115384615385
1 0.5492788461538461 0.07692307692307693 0.03485576923076923 0.07451923076923077