0 0.23076923076923078 0.24519230769230768 0.054086538461538464 0.07211538461538461
0 0.47596153846153844 0.04447115384615385 0.0625 0.07932692307692307
0 0.7223557692307693 0.24639423076923078 0.078125 0.15745192307692307
0 0.7475961538461539 0.6057692307692307 0.10576923076923077 0.13581730769230768
0 0.8990384615384616 0.5396634615384616 0.07211538461538461 0.08653846153846154
0 0.8473557692307693 0.5721153846153846 0.026442307692307692 0.051682692307692304
0 0.38100961538461536 0.39663461538461536 0.06129807692307692 0.056490384615384616
0 0.4206730769230769 0.08533653846153846 0.03485576923076923 0.06610576923076923
3 0.49399038461538464 0.3737980769230769 0.08052884615384616 0.12139423076923077
3 0.46875 0.5048076923076923 0.040865384615384616 0.08173076923076923
3 0.3401442307692308 0.9519230769230769 0.037259615384615384 0.09134615384615384
1 0.4495192307692308 0.7127403846153846 0.09495192307692307 0.21514423076923078
1 0.6237980769230769 0.7536057692307693 0.140625 0.08413461538461539
2 0.44711538461538464 0.6153846153846154 0.02403846153846154 0.04447115384615385
2 0.5829326923076923 0.8377403846153846 0.025240384615384616 0.027644230769230768
2 0.3401442307692308 0.359375 0.019230769230769232 0.042067307692307696