3 0.8737980769230769 0.7632211538461539 0.15384615384615385 0.25240384615384615
3 0.765625 0.17307692307692307 0.07451923076923077 0.11899038461538461
3 0.5192307692307693 0.14903846153846154 0.09735576923076923 0.15504807692307693
3 0.49399038461538464 0.9435096153846154 0.08052884615384616 0.10817307692307693
3 0.13221153846153846 0.4699519230769231 0.10336538461538461 0.19471153846153846
1 0.8617788461538461 0.5324519230769231 0.09615384615384616 0.19951923076923078
1 0.7608173076923077 0.4879807692307692 0.0985576923076923 0.1502403846153846
1 0.6538461538461539 0.7007211538461539 0.1658653846153846 0.19230769230769232
1 0.3329326923076923 0.8257211538461539 0.055288461538461536 0.25961538461538464
1 0.3088942307692308 0.19951923076923078 0.0733173076923077 0.12379807692307693
0 0.5372596153846154 0.046875 0.09615384615384616 0.0889423076923077
0 0.5829326923076923 0.8473557692307693 0.10697115384615384 0.21754807692307693