0 0.3641826923076923 0.84375 0.05048076923076923 0.09134615384615384
0 0.5072115384615384 0.037259615384615384 0.02403846153846154 0.06370192307692307
0 0.5012019230769231 0.16466346153846154 0.04326923076923077 0.09615384615384616
0 0.6225961538461539 0.17427884615384615 0.056490384615384616 0.13581730769230768
0 0.41225961538461536 0.3449519230769231 0.038461538461538464 0.06129807692307692
0 0.5012019230769231 0.4519230769230769 0.055288461538461536 0.10336538461538461
0 0.40384615384615385 0.49158653846153844 0.04567307692307692 0.06971153846153846
0 0.4387019230769231 0.4170673076923077 0.027644230769230768 0.05889423076923077
0 0.43509615384615385 0.5997596153846154 0.038461538461538464 0.08413461538461539
0 0.4807692307692308 0.6814903846153846 0.054086538461538464 0.12379807692307693
0 0.3713942307692308 0.6045673076923077 0.027644230769230768 0.05889423076923077
0 0.08653846153846154 0.9411057692307693 0.06490384615384616 0.04927884615384615
0 0.19591346153846154 0.9435096153846154 0.07451923076923077 0.04447115384615385
0 0.2932692307692308 0.9675480769230769 0.038461538461538464 0.04927884615384615