3 0.734375 0.8353365384615384 0.09134615384615384 0.12620192307692307
3 0.90625 0.6370192307692307 0.0985576923076923 0.0889423076923077
3 0.7572115384615384 0.6057692307692307 0.07211538461538461 0.08173076923076923
0 0.1502403846153846 0.16105769230769232 0.03245192307692308 0.04447115384615385
0 0.3786057692307692 0.43509615384615385 0.042067307692307696 0.05889423076923077
0 0.3088942307692308 0.9483173076923077 0.12139423076923077 0.0985576923076923
0 0.5745192307692307 0.6201923076923077 0.04807692307692308 0.07451923076923077
0 0.6334134615384616 0.4675480769230769 0.05889423076923077 0.09615384615384616
0 0.05889423076923077 0.5516826923076923 0.06971153846153846 0.06610576923076923
0 0.33413461538461536 0.5132211538461539 0.06370192307692307 0.0985576923076923
0 0.2704326923076923 0.671875 0.07211538461538461 0.10336538461538461
1 0.8810096153846154 0.6935096153846154 0.06129807692307692 0.0889423076923077
1 0.703125 0.7524038461538461 0.06490384615384616 0.09615384615384616
1 0.6526442307692307 0.6670673076923077 0.037259615384615384 0.10336538461538461
1 0.265625 0.41466346153846156 0.06129807692307692 0.039663461538461536
1 0.1466346153846154 0.6574519230769231 0.11538461538461539 0.07692307692307693
1 0.15384615384615385 0.5012019230769231 0.07091346153846154 0.054086538461538464