0 0.8990384615384616 0.5865384615384616 0.05048076923076923 0.07692307692307693
1 0.11298076923076923 0.9483173076923077 0.16346153846153846 0.0985576923076923
1 0.4651442307692308 0.7512019230769231 0.07932692307692307 0.22235576923076922
3 0.8413461538461539 0.7451923076923077 0.0985576923076923 0.1875
0 0.2247596153846154 0.46033653846153844 0.1141826923076923 0.20552884615384615
0 0.3954326923076923 0.4423076923076923 0.08413461538461539 0.1778846153846154
0 0.6382211538461539 0.9423076923076923 0.10096153846153846 0.11057692307692307
0 0.8918269230769231 0.46033653846153844 0.055288461538461536 0.10096153846153846
0 0.7475961538461539 0.23677884615384615 0.06971153846153846 0.11899038461538461
0 0.6754807692307693 0.2403846153846154 0.06370192307692307 0.12139423076923077
0 0.9555288461538461 0.7439903846153846 0.04447115384615385 0.09615384615384616