0 0.5348557692307693 0.4651442307692308 0.037259615384615384 0.07692307692307693
0 0.5733173076923077 0.4567307692307692 0.03365384615384615 0.054086538461538464
0 0.30649038461538464 0.08774038461538461 0.036057692307692304 0.06610576923076923
3 0.1622596153846154 0.7163461538461539 0.09254807692307693 0.1875
0 0.8641826923076923 0.734375 0.06850961538461539 0.06610576923076923
0 0.7740384615384616 0.8713942307692307 0.056490384615384616 0.0985576923076923
0 0.30528846153846156 0.796875 0.04326923076923077 0.11658653846153846
0 0.25721153846153844 0.6454326923076923 0.07091346153846154 0.09615384615384616
0 0.40024038461538464 0.3954326923076923 0.038461538461538464 0.07451923076923077
0 0.35697115384615385 0.47475961538461536 0.038461538461538464 0.08173076923076923
0 0.20072115384615385 0.3389423076923077 0.054086538461538464 0.06610576923076923