1 0.44471153846153844 0.27524038461538464 0.05048076923076923 0.056490384615384616
0 0.5997596153846154 0.22716346153846154 0.028846153846153848 0.05889423076923077
0 0.5649038461538461 0.29927884615384615 0.028846153846153848 0.05889423076923077
0 0.5144230769230769 0.2644230769230769 0.038461538461538464 0.07932692307692307
0 0.3137019230769231 0.18028846153846154 0.037259615384615384 0.06370192307692307
0 0.31009615384615385 0.25841346153846156 0.038461538461538464 0.06610576923076923
0 0.3401442307692308 0.22716346153846154 0.038461538461538464 0.06971153846153846
3 0.20192307692307693 0.6237980769230769 0.07091346153846154 0.08173076923076923
0 0.8846153846153846 0.37740384615384615 0.06129807692307692 0.05889423076923077
0 0.44350961538461536 0.3918269230769231 0.09735576923076923 0.13581730769230768
0 0.41947115384615385 0.5168269230769231 0.10336538461538461 0.1658653846153846
0 0.47836538461538464 0.7836538461538461 0.0733173076923077 0.1658653846153846
1 0.7247596153846154 0.37259615384615385 0.09134615384615384 0.0985576923076923
1 0.9579326923076923 0.5997596153846154 0.08052884615384616 0.15264423076923078
3 0.36899038461538464 0.5853365384615384 0.054086538461538464 0.09375
0 0.1814903846153846 0.5168269230769231 0.0625 0.09134615384615384
0 0.2776442307692308 0.6213942307692307 0.0829326923076923 0.12620192307692307