0 0.09975961538461539 0.7295673076923077 0.16947115384615385 0.21514423076923078
2 0.4266826923076923 0.8088942307692307 0.1466346153846154 0.2439903846153846
2 0.29927884615384615 0.8509615384615384 0.09014423076923077 0.21033653846153846
2 0.20192307692307693 0.953125 0.12139423076923077 0.0889423076923077
2 0.1346153846153846 0.9014423076923077 0.11658653846153846 0.19230769230769232
2 0.0625 0.8004807692307693 0.0829326923076923 0.07451923076923077
2 0.33413461538461536 0.6730769230769231 0.09014423076923077 0.1658653846153846
1 0.3317307692307692 0.515625 0.10576923076923077 0.16346153846153846
1 0.25 0.5204326923076923 0.0829326923076923 0.18269230769230768
0 0.17548076923076922 0.5769230769230769 0.10576923076923077 0.17548076923076922
0 0.13942307692307693 0.4387019230769231 0.08774038461538461 0.14543269230769232
0 0.20793269230769232 0.4483173076923077 0.07932692307692307 0.1310096153846154
0 0.22355769230769232 0.3088942307692308 0.09134615384615384 0.15264423076923078
1 0.5841346153846154 0.7055288461538461 0.08173076923076923 0.3233173076923077
0 0.4951923076923077 0.48197115384615385 0.12379807692307693 0.19230769230769232
2 0.484375 0.5793269230769231 0.11658653846153846 0.10096153846153846
2 0.41586538461538464 0.3894230769230769 0.051682692307692304 0.1310096153846154
1 0.3858173076923077 0.4567307692307692 0.0829326923076923 0.16826923076923078
1 0.37740384615384615 0.31971153846153844 0.08173076923076923 0.10096153846153846
0 0.46153846153846156 0.31490384615384615 0.06490384615384616 0.1502403846153846
0 0.5036057692307693 0.26322115384615385 0.06490384615384616 0.12139423076923077
1 0.7043269230769231 0.4651442307692308 0.18990384615384615 0.17067307692307693
1 0.7596153846153846 0.40384615384615385 0.140625 0.11057692307692307
0 0.5492788461538461 0.36899038461538464 0.0985576923076923 0.15504807692307693
0 0.7151442307692307 0.34615384615384615 0.08653846153846154 0.14302884615384615
0 0.7884615384615384 0.24278846153846154 0.09975961538461539 0.14543269230769232
0 0.6298076923076923 0.29927884615384615 0.06850961538461539 0.15264423076923078
0 0.6850961538461539 0.22355769230769232 0.07692307692307693 0.1310096153846154
0 0.7151442307692307 0.15504807692307693 0.078125 0.16346153846153846
0 0.8774038461538461 0.12860576923076922 0.1045673076923077 0.14783653846153846
3 0.9254807692307693 0.09615384615384616 0.11057692307692307 0.12860576923076922
2 0.65625 0.1658653846153846 0.06009615384615385 0.11899038461538461
2 0.6875 0.08052884615384616 0.0829326923076923 0.09134615384615384
2 0.5973557692307693 0.05889423076923077 0.09014423076923077 0.08413461538461539
2 0.5348557692307693 0.055288461538461536 0.07091346153846154 0.07692307692307693
2 0.42427884615384615 0.20793269230769232 0.08774038461538461 0.08413461538461539
1 0.38822115384615385 0.08774038461538461 0.1346153846153846 0.08653846153846154
0 0.5805288461538461 0.17427884615384615 0.0889423076923077 0.17548076923076922
1 0.5144230769230769 0.15384615384615385 0.07091346153846154 0.09615384615384616