0 0.15384615384615385 0.18629807692307693 0.109375 0.16105769230769232
0 0.7884615384615384 0.11177884615384616 0.07211538461538461 0.10096153846153846
0 0.7980769230769231 0.28966346153846156 0.051682692307692304 0.11057692307692307
0 0.6105769230769231 0.44350961538461536 0.078125 0.1310096153846154
0 0.14423076923076922 0.5192307692307693 0.09615384615384616 0.11658653846153846
3 0.09975961538461539 0.484375 0.04567307692307692 0.0985576923076923
0 0.2512019230769231 0.6706730769230769 0.0889423076923077 0.140625
0 0.2980769230769231 0.5252403846153846 0.078125 0.09615384615384616
3 0.9411057692307693 0.4026442307692308 0.1141826923076923 0.11298076923076923
3 0.5612980769230769 0.7548076923076923 0.09254807692307693 0.17548076923076922
3 0.4170673076923077 0.5288461538461539 0.051682692307692304 0.05889423076923077
1 0.33774038461538464 0.5612980769230769 0.09254807692307693 0.10576923076923077
1 0.33653846153846156 0.8173076923076923 0.07451923076923077 0.2127403846153846