0 0.7427884615384616 0.5697115384615384 0.07451923076923077 0.17067307692307693
3 0.8245192307692307 0.71875 0.038461538461538464 0.06971153846153846
3 0.7836538461538461 0.6466346153846154 0.06129807692307692 0.0889423076923077
0 0.21033653846153846 0.6887019230769231 0.04567307692307692 0.06971153846153846
3 0.2980769230769231 0.08774038461538461 0.04567307692307692 0.056490384615384616
3 0.04326923076923077 0.2704326923076923 0.08173076923076923 0.07692307692307693
3 0.35697115384615385 0.13942307692307693 0.055288461538461536 0.07692307692307693
3 0.3125 0.3737980769230769 0.06370192307692307 0.09615384615384616
3 0.3425480769230769 0.5625 0.05048076923076923 0.07932692307692307
3 0.27163461538461536 0.5192307692307693 0.06129807692307692 0.10096153846153846
3 0.6658653846153846 0.78125 0.08052884615384616 0.13581730769230768
3 0.7439903846153846 0.8653846153846154 0.040865384615384616 0.08173076923076923
0 0.42788461538461536 0.06009615384615385 0.078125 0.11057692307692307