0 0.21153846153846154 0.40024038461538464 0.028846153846153848 0.04447115384615385
0 0.30649038461538464 0.27403846153846156 0.051682692307692304 0.06370192307692307
0 0.3918269230769231 0.3088942307692308 0.04326923076923077 0.07451923076923077
0 0.5492788461538461 0.6213942307692307 0.06009615384615385 0.10576923076923077
0 0.4987980769230769 0.7992788461538461 0.06610576923076923 0.11658653846153846
0 0.27884615384615385 0.7271634615384616 0.05048076923076923 0.09134615384615384
0 0.15745192307692307 0.8762019230769231 0.056490384615384616 0.07451923076923077
0 0.8353365384615384 0.5300480769230769 0.054086538461538464 0.10576923076923077
0 0.8966346153846154 0.4807692307692308 0.046875 0.07211538461538461
3 0.12620192307692307 0.4891826923076923 0.04447115384615385 0.07451923076923077
3 0.45072115384615385 0.5865384615384616 0.040865384615384616 0.06610576923076923
3 0.3293269230769231 0.46875 0.040865384615384616 0.05889423076923077
0 0.5096153846153846 0.03485576923076923 0.040865384615384616 0.06370192307692307
0 0.6141826923076923 0.14423076923076922 0.021634615384615384 0.056490384615384616
0 0.5372596153846154 0.33052884615384615 0.038461538461538464 0.04447115384615385