0 0.9182692307692307 0.5697115384615384 0.07692307692307693 0.140625
0 0.8485576923076923 0.3557692307692308 0.08052884615384616 0.14302884615384615
0 0.5649038461538461 0.10216346153846154 0.07211538461538461 0.11658653846153846
1 0.5504807692307693 0.8774038461538461 0.12379807692307693 0.1310096153846154
0 0.1971153846153846 0.8713942307692307 0.11658653846153846 0.24639423076923078
0 0.3629807692307692 0.7391826923076923 0.1045673076923077 0.18509615384615385
0 0.14543269230769232 0.5408653846153846 0.14903846153846154 0.27163461538461536
1 0.453125 0.37259615384615385 0.06971153846153846 0.16346153846153846
1 0.3112980769230769 0.41586538461538464 0.12259615384615384 0.18990384615384615
3 0.5925480769230769 0.20192307692307693 0.055288461538461536 0.08413461538461539
3 0.6959134615384616 0.41225961538461536 0.05889423076923077 0.11899038461538461
3 0.6850961538461539 0.5108173076923077 0.056490384615384616 0.0889423076923077
3 0.5673076923076923 0.4579326923076923 0.06009615384615385 0.10096153846153846
3 0.29086538461538464 0.7475961538461539 0.07932692307692307 0.16826923076923078