3 0.859375 0.16947115384615385 0.09014423076923077 0.12620192307692307
0 0.7463942307692307 0.20673076923076922 0.054086538461538464 0.08173076923076923
0 0.7367788461538461 0.796875 0.056490384615384616 0.10096153846153846
0 0.6610576923076923 0.7199519230769231 0.06370192307692307 0.11658653846153846
0 0.5396634615384616 0.5829326923076923 0.04326923076923077 0.06370192307692307
0 0.4807692307692308 0.6009615384615384 0.04567307692307692 0.08173076923076923
0 0.4891826923076923 0.4795673076923077 0.03485576923076923 0.054086538461538464
0 0.4543269230769231 0.5072115384615384 0.04326923076923077 0.07211538461538461
0 0.43990384615384615 0.6454326923076923 0.040865384615384616 0.07692307692307693
0 0.40384615384615385 0.6081730769230769 0.040865384615384616 0.07692307692307693
0 0.40625 0.7175480769230769 0.04326923076923077 0.07211538461538461
0 0.2800480769230769 0.8990384615384616 0.04807692307692308 0.07932692307692307
0 0.3329326923076923 0.47115384615384615 0.04447115384615385 0.08413461538461539
0 0.30528846153846156 0.6370192307692307 0.046875 0.07932692307692307
3 0.4519230769230769 0.7920673076923077 0.078125 0.12379807692307693
0 0.5552884615384616 0.13942307692307693 0.054086538461538464 0.09134615384615384