0 0.4567307692307692 0.7548076923076923 0.13221153846153846 0.18990384615384615
2 0.5348557692307693 0.8689903846153846 0.13701923076923078 0.24158653846153846
1 0.6646634615384616 0.921875 0.0985576923076923 0.1502403846153846
1 0.71875 0.875 0.17307692307692307 0.2439903846153846
0 0.8870192307692307 0.8401442307692307 0.21514423076923078 0.3137019230769231
2 0.7283653846153846 0.6838942307692307 0.14423076923076922 0.22716346153846154
2 0.8221153846153846 0.6670673076923077 0.09735576923076923 0.22235576923076922
2 0.9507211538461539 0.8641826923076923 0.09615384615384616 0.2668269230769231
2 0.9579326923076923 0.7067307692307693 0.07932692307692307 0.15745192307692307
1 0.9783653846153846 0.59375 0.040865384615384616 0.15504807692307693
2 0.9206730769230769 0.5625 0.13581730769230768 0.12860576923076922
2 0.8882211538461539 0.5024038461538461 0.10697115384615384 0.1502403846153846
0 0.8052884615384616 0.4879807692307692 0.13701923076923078 0.17548076923076922
0 0.8713942307692307 0.3786057692307692 0.10697115384615384 0.140625
0 0.8377403846153846 0.32211538461538464 0.10336538461538461 0.140625
0 0.9338942307692307 0.3629807692307692 0.10096153846153846 0.1778846153846154
0 0.9759615384615384 0.36538461538461536 0.04567307692307692 0.25721153846153844
0 0.6418269230769231 0.5408653846153846 0.13581730769230768 0.2127403846153846
0 0.7319711538461539 0.3762019230769231 0.10576923076923077 0.19951923076923078
1 0.6346153846153846 0.3786057692307692 0.1346153846153846 0.13581730769230768
3 0.5024038461538461 0.5384615384615384 0.13701923076923078 0.15745192307692307
3 0.46875 0.3485576923076923 0.109375 0.14783653846153846
3 0.2776442307692308 0.8197115384615384 0.1814903846153846 0.3161057692307692
2 0.11538461538461539 0.5673076923076923 0.10576923076923077 0.14302884615384615