3 0.7596153846153846 0.3737980769230769 0.052884615384615384 0.03245192307692308
3 0.8245192307692307 0.6021634615384616 0.037259615384615384 0.05889423076923077
3 0.6322115384615384 0.3173076923076923 0.036057692307692304 0.051682692307692304
0 0.7139423076923077 0.9579326923076923 0.06129807692307692 0.07932692307692307
0 0.7055288461538461 0.828125 0.038461538461538464 0.09615384615384616
0 0.6490384615384616 0.8004807692307693 0.042067307692307696 0.07451923076923077
0 0.08173076923076923 0.7884615384615384 0.052884615384615384 0.08173076923076923
0 0.15384615384615385 0.6850961538461539 0.04447115384615385 0.07211538461538461
0 0.3737980769230769 0.8329326923076923 0.04447115384615385 0.07692307692307693
0 0.4170673076923077 0.3137019230769231 0.030048076923076924 0.07932692307692307
0 0.3581730769230769 0.07692307692307693 0.021634615384615384 0.04447115384615385
0 0.3161057692307692 0.04567307692307692 0.037259615384615384 0.06610576923076923
0 0.11899038461538461 0.234375 0.038461538461538464 0.05889423076923077