2 0.7908653846153846 0.7620192307692307 0.10697115384615384 0.21033653846153846
0 0.03485576923076923 0.12740384615384615 0.0625 0.10096153846153846
0 0.08413461538461539 0.265625 0.09254807692307693 0.10576923076923077
0 0.20552884615384615 0.12259615384615384 0.06610576923076923 0.09615384615384616
0 0.3401442307692308 0.09134615384615384 0.056490384615384616 0.0889423076923077
0 0.3449519230769231 0.1658653846153846 0.052884615384615384 0.08413461538461539
0 0.27884615384615385 0.2247596153846154 0.06610576923076923 0.0985576923076923
0 0.23076923076923078 0.3473557692307692 0.07211538461538461 0.11658653846153846
0 0.4495192307692308 0.4543269230769231 0.06610576923076923 0.11298076923076923
0 0.3317307692307692 0.42908653846153844 0.08173076923076923 0.11899038461538461
0 0.37259615384615385 0.2860576923076923 0.08173076923076923 0.11298076923076923
0 0.3016826923076923 0.3425480769230769 0.08173076923076923 0.13581730769230768
0 0.4110576923076923 0.37740384615384615 0.05048076923076923 0.04927884615384615
0 0.1814903846153846 0.8125 0.125 0.18269230769230768
0 0.15504807692307693 0.5204326923076923 0.06850961538461539 0.0889423076923077
0 0.051682692307692304 0.5300480769230769 0.09495192307692307 0.1502403846153846
0 0.028846153846153848 0.7716346153846154 0.052884615384615384 0.11658653846153846
0 0.2824519230769231 0.051682692307692304 0.037259615384615384 0.06971153846153846
3 0.44350961538461536 0.18389423076923078 0.0829326923076923 0.12139423076923077
3 0.5096153846153846 0.234375 0.06370192307692307 0.11298076923076923
3 0.6310096153846154 0.33533653846153844 0.07091346153846154 0.12860576923076922
3 0.7884615384615384 0.32091346153846156 0.07932692307692307 0.10817307692307693
3 0.6911057692307693 0.5913461538461539 0.10096153846153846 0.18509615384615385
3 0.7872596153846154 0.15384615384615385 0.109375 0.13581730769230768
1 0.6838942307692307 0.8040865384615384 0.07211538461538461 0.234375
2 0.8245192307692307 0.42788461538461536 0.08653846153846154 0.1310096153846154
0 0.5420673076923077 0.9110576923076923 0.10817307692307693 0.17307692307692307
2 0.4699519230769231 0.33052884615384615 0.020432692307692308 0.03485576923076923