0 0.16346153846153846 0.5516826923076923 0.042067307692307696 0.06610576923076923
0 0.7668269230769231 0.2668269230769231 0.04567307692307692 0.0889423076923077
0 0.5072115384615384 0.2403846153846154 0.05048076923076923 0.08653846153846154
0 0.9278846153846154 0.5805288461538461 0.09254807692307693 0.10817307692307693
0 0.6177884615384616 0.8125 0.07451923076923077 0.14302884615384615
0 0.5300480769230769 0.9627403846153846 0.10336538461538461 0.06971153846153846
3 0.4495192307692308 0.5096153846153846 0.04567307692307692 0.07692307692307693
0 0.1466346153846154 0.7379807692307693 0.051682692307692304 0.06370192307692307
0 0.05048076923076923 0.9170673076923077 0.0829326923076923 0.1310096153846154
0 0.24639423076923078 0.7319711538461539 0.052884615384615384 0.06610576923076923
0 0.4254807692307692 0.8100961538461539 0.055288461538461536 0.0985576923076923