0 0.1346153846153846 0.6081730769230769 0.054086538461538464 0.06610576923076923
0 0.16105769230769232 0.6646634615384616 0.055288461538461536 0.06370192307692307
0 0.31009615384615385 0.6225961538461539 0.04567307692307692 0.07451923076923077
0 0.3581730769230769 0.6334134615384616 0.06971153846153846 0.09134615384615384
0 0.4230769230769231 0.5709134615384616 0.052884615384615384 0.07451923076923077
0 0.5204326923076923 0.6262019230769231 0.04807692307692308 0.08173076923076923
0 0.5805288461538461 0.53125 0.052884615384615384 0.07451923076923077
0 0.5336538461538461 0.7848557692307693 0.08052884615384616 0.13822115384615385
0 0.3954326923076923 0.7716346153846154 0.037259615384615384 0.08173076923076923
0 0.5769230769230769 0.4014423076923077 0.04567307692307692 0.07211538461538461
0 0.640625 0.3016826923076923 0.055288461538461536 0.07451923076923077
0 0.8605769230769231 0.21153846153846154 0.055288461538461536 0.09615384615384616