3 0.8918269230769231 0.5288461538461539 0.07211538461538461 0.09375
3 0.5288461538461539 0.9326923076923077 0.125 0.1310096153846154
0 0.7211538461538461 0.20793269230769232 0.08052884615384616 0.12860576923076922
0 0.6995192307692307 0.06370192307692307 0.06850961538461539 0.09375
0 0.6322115384615384 0.28725961538461536 0.07091346153846154 0.12620192307692307
1 0.6706730769230769 0.5841346153846154 0.12259615384615384 0.20552884615384615
3 0.5396634615384616 0.22235576923076922 0.0625 0.09375
3 0.4987980769230769 0.32211538461538464 0.09254807692307693 0.1310096153846154
1 0.2692307692307692 0.28365384615384615 0.1814903846153846 0.10336538461538461
3 0.3701923076923077 0.4362980769230769 0.09014423076923077 0.13581730769230768
3 0.20432692307692307 0.19471153846153846 0.10576923076923077 0.11899038461538461
0 0.734375 0.9134615384615384 0.0829326923076923 0.16826923076923078
0 0.042067307692307696 0.53125 0.07451923076923077 0.11899038461538461
0 0.15745192307692307 0.7740384615384616 0.11298076923076923 0.19471153846153846
0 0.17668269230769232 0.5504807692307693 0.09254807692307693 0.14783653846153846
0 0.10817307692307693 0.3641826923076923 0.08052884615384616 0.10576923076923077
0 0.5480769230769231 0.051682692307692304 0.10576923076923077 0.0985576923076923
0 0.37259615384615385 0.08413461538461539 0.09254807692307693 0.14302884615384615
0 0.18389423076923078 0.05048076923076923 0.08774038461538461 0.08173076923076923
0 0.0985576923076923 0.1935096153846154 0.08653846153846154 0.11057692307692307