0 0.234375 0.3870192307692308 0.06009615384615385 0.10576923076923077
0 0.5204326923076923 0.45552884615384615 0.05889423076923077 0.09134615384615384
0 0.6033653846153846 0.09254807692307693 0.056490384615384616 0.09615384615384616
0 0.6141826923076923 0.28725961538461536 0.055288461538461536 0.08653846153846154
0 0.8858173076923077 0.3389423076923077 0.037259615384615384 0.056490384615384616
0 0.9170673076923077 0.6237980769230769 0.051682692307692304 0.10096153846153846
3 0.28725961538461536 0.9170673076923077 0.0733173076923077 0.09615384615384616
3 0.3317307692307692 0.7271634615384616 0.05048076923076923 0.07211538461538461
3 0.4891826923076923 0.8112980769230769 0.06009615384615385 0.06610576923076923
3 0.5060096153846154 0.8822115384615384 0.055288461538461536 0.07692307692307693
3 0.5408653846153846 0.9350961538461539 0.046875 0.08173076923076923
3 0.7043269230769231 0.5432692307692307 0.05889423076923077 0.08413461538461539
3 0.8040865384615384 0.5276442307692307 0.04447115384615385 0.06129807692307692
3 0.4483173076923077 0.040865384615384616 0.04807692307692308 0.056490384615384616
3 0.15745192307692307 0.45552884615384615 0.0625 0.08653846153846154