0 0.5252403846153846 0.4050480769230769 0.021634615384615384 0.05889423076923077
0 0.46634615384615385 0.7007211538461539 0.03485576923076923 0.054086538461538464
0 0.3269230769230769 0.7800480769230769 0.040865384615384616 0.06971153846153846
1 0.5252403846153846 0.828125 0.055288461538461536 0.037259615384615384
3 0.3786057692307692 0.8485576923076923 0.03245192307692308 0.037259615384615384
3 0.421875 0.890625 0.04567307692307692 0.06129807692307692
3 0.5036057692307693 0.875 0.06129807692307692 0.06610576923076923
3 0.6442307692307693 0.8485576923076923 0.037259615384615384 0.056490384615384616
3 0.5600961538461539 0.7680288461538461 0.036057692307692304 0.04447115384615385
3 0.8557692307692307 0.5769230769230769 0.04807692307692308 0.046875
3 0.8461538461538461 0.9495192307692307 0.06370192307692307 0.09615384615384616
0 0.9050480769230769 0.671875 0.04807692307692308 0.06971153846153846
0 0.6778846153846154 0.7524038461538461 0.042067307692307696 0.09134615384615384
0 0.7608173076923077 0.9338942307692307 0.055288461538461536 0.12860576923076922