0 0.3004807692307692 0.13701923076923078 0.06971153846153846 0.1310096153846154
0 0.421875 0.05889423076923077 0.0625 0.11298076923076923
0 0.4987980769230769 0.04927884615384615 0.06129807692307692 0.09375
0 0.3786057692307692 0.2512019230769231 0.06971153846153846 0.14543269230769232
0 0.3425480769230769 0.40024038461538464 0.0829326923076923 0.13822115384615385
0 0.49399038461538464 0.5492788461538461 0.11538461538461539 0.18028846153846154
0 0.49158653846153844 0.18028846153846154 0.06971153846153846 0.13341346153846154
0 0.5853365384615384 0.1814903846153846 0.0733173076923077 0.1310096153846154
0 0.6911057692307693 0.23076923076923078 0.07091346153846154 0.12620192307692307
0 0.703125 0.5552884615384616 0.09254807692307693 0.20192307692307693
0 0.8329326923076923 0.7247596153846154 0.11057692307692307 0.18509615384615385
3 0.7872596153846154 0.46153846153846156 0.12259615384615384 0.1971153846153846
3 0.5997596153846154 0.3942307692307692 0.0829326923076923 0.10096153846153846
3 0.41586538461538464 0.9338942307692307 0.11057692307692307 0.12860576923076922
1 0.6526442307692307 0.7584134615384616 0.18990384615384615 0.1875
1 0.6850961538461539 0.33413461538461536 0.12259615384615384 0.10576923076923077
1 0.5913461538461539 0.2860576923076923 0.06850961538461539 0.0985576923076923