1 0.6370192307692307 0.6526442307692307 0.07091346153846154 0.06610576923076923
1 0.6947115384615384 0.19831730769230768 0.06370192307692307 0.12620192307692307
0 0.8870192307692307 0.28966346153846156 0.07211538461538461 0.11658653846153846
0 0.45913461538461536 0.26322115384615385 0.042067307692307696 0.10576923076923077
0 0.24639423076923078 0.9375 0.04567307692307692 0.12139423076923077
0 0.46634615384615385 0.9471153846153846 0.0889423076923077 0.10096153846153846
0 0.5817307692307693 0.8197115384615384 0.07692307692307693 0.15264423076923078
0 0.11778846153846154 0.7740384615384616 0.09134615384615384 0.14543269230769232
3 0.2091346153846154 0.8942307692307693 0.04807692307692308 0.09375
3 0.49399038461538464 0.7776442307692307 0.09014423076923077 0.16346153846153846
3 0.7259615384615384 0.6814903846153846 0.06610576923076923 0.10817307692307693
3 0.5685096153846154 0.4831730769230769 0.054086538461538464 0.056490384615384616
3 0.5060096153846154 0.4651442307692308 0.054086538461538464 0.06610576923076923
3 0.41346153846153844 0.6225961538461539 0.051682692307692304 0.05889423076923077
3 0.2403846153846154 0.6262019230769231 0.052884615384615384 0.08173076923076923