0 0.16706730769230768 0.15144230769230768 0.07451923076923077 0.140625
3 0.15504807692307693 0.3557692307692308 0.10096153846153846 0.13822115384615385
3 0.2512019230769231 0.31850961538461536 0.08173076923076923 0.13822115384615385
3 0.36538461538461536 0.4170673076923077 0.10336538461538461 0.14783653846153846
3 0.7536057692307693 0.7512019230769231 0.11538461538461539 0.25240384615384615
3 0.8725961538461539 0.7439903846153846 0.1310096153846154 0.24879807692307693
3 0.0985576923076923 0.7283653846153846 0.13942307692307693 0.22716346153846154
3 0.20072115384615385 0.9122596153846154 0.07692307692307693 0.12139423076923077
1 0.359375 0.03125 0.08413461538461539 0.051682692307692304
1 0.38221153846153844 0.15625 0.11298076923076923 0.11658653846153846
1 0.4951923076923077 0.3173076923076923 0.1346153846153846 0.10096153846153846
1 0.6418269230769231 0.5084134615384616 0.14182692307692307 0.19230769230769232
1 0.44471153846153844 0.5817307692307693 0.07692307692307693 0.15504807692307693
1 0.2956730769230769 0.5588942307692307 0.13701923076923078 0.11658653846153846