2 0.8173076923076923 0.8689903846153846 0.140625 0.23197115384615385
0 0.09495192307692307 0.14543269230769232 0.06850961538461539 0.13341346153846154
0 0.21394230769230768 0.265625 0.06129807692307692 0.1310096153846154
0 0.27283653846153844 0.33533653846153844 0.06490384615384616 0.0985576923076923
0 0.28966346153846156 0.203125 0.0625 0.12139423076923077
0 0.3641826923076923 0.140625 0.05048076923076923 0.0985576923076923
0 0.24158653846153846 0.13701923076923078 0.052884615384615384 0.09134615384615384
0 0.20432692307692307 0.09254807692307693 0.07211538461538461 0.10576923076923077
0 0.41586538461538464 0.030048076923076924 0.0733173076923077 0.054086538461538464
0 0.5528846153846154 0.35336538461538464 0.09014423076923077 0.15264423076923078
0 0.2764423076923077 0.9543269230769231 0.0889423076923077 0.08653846153846154
1 0.484375 0.5817307692307693 0.14302884615384615 0.18509615384615385
1 0.5036057692307693 0.7632211538461539 0.23076923076923078 0.18269230769230768
2 0.7019230769230769 0.8942307692307693 0.07692307692307693 0.12379807692307693
2 0.7980769230769231 0.49038461538461536 0.09495192307692307 0.14543269230769232
2 0.31850961538461536 0.47596153846153844 0.09495192307692307 0.13341346153846154