0 0.17427884615384615 0.43990384615384615 0.12860576923076922 0.1875
0 0.5108173076923077 0.41225961538461536 0.0889423076923077 0.16346153846153846
0 0.6754807692307693 0.4855769230769231 0.08653846153846154 0.13581730769230768
0 0.5096153846153846 0.6310096153846154 0.10096153846153846 0.17067307692307693
0 0.45552884615384615 0.8401442307692307 0.10576923076923077 0.17548076923076922
0 0.9266826923076923 0.8942307692307693 0.10817307692307693 0.14783653846153846
0 0.6947115384615384 0.2439903846153846 0.08774038461538461 0.14302884615384615
0 0.7716346153846154 0.16826923076923078 0.07692307692307693 0.09375
0 0.8221153846153846 0.27283653846153844 0.06129807692307692 0.12139423076923077
0 0.8798076923076923 0.2548076923076923 0.054086538461538464 0.12379807692307693
0 0.8173076923076923 0.12379807692307693 0.051682692307692304 0.07932692307692307
3 0.32211538461538464 0.7007211538461539 0.14423076923076922 0.23197115384615385
3 0.5625 0.9002403846153846 0.1141826923076923 0.19471153846153846
3 0.5853365384615384 0.40024038461538464 0.06009615384615385 0.10817307692307693
3 0.3076923076923077 0.12379807692307693 0.08774038461538461 0.0985576923076923
1 0.6370192307692307 0.6322115384615384 0.17548076923076922 0.12379807692307693
3 0.8521634615384616 0.7764423076923077 0.07091346153846154 0.09134615384615384