0 0.22115384615384615 0.5757211538461539 0.06850961538461539 0.12379807692307693
0 0.3425480769230769 0.6346153846153846 0.06490384615384616 0.11298076923076923
0 0.5180288461538461 0.20552884615384615 0.05048076923076923 0.08413461538461539
0 0.5973557692307693 0.23557692307692307 0.04447115384615385 0.08173076923076923
0 0.8533653846153846 0.5889423076923077 0.06009615384615385 0.1310096153846154
0 0.9326923076923077 0.6682692307692307 0.054086538461538464 0.08653846153846154
3 0.9651442307692307 0.5817307692307693 0.056490384615384616 0.10096153846153846
3 0.7752403846153846 0.8966346153846154 0.04807692307692308 0.09375
3 0.06610576923076923 0.6129807692307693 0.09014423076923077 0.10096153846153846
3 0.2439903846153846 0.2800480769230769 0.06009615384615385 0.10096153846153846
3 0.3329326923076923 0.7848557692307693 0.052884615384615384 0.0985576923076923
3 0.5805288461538461 0.6189903846153846 0.030048076923076924 0.08173076923076923
3 0.6971153846153846 0.6971153846153846 0.028846153846153848 0.06610576923076923