3 0.4879807692307692 0.3954326923076923 0.038461538461538464 0.06370192307692307
3 0.09615384615384616 0.5324519230769231 0.09134615384615384 0.12139423076923077
3 0.14423076923076922 0.8810096153846154 0.109375 0.14783653846153846
3 0.38100961538461536 0.9098557692307693 0.1045673076923077 0.1658653846153846
1 0.4483173076923077 0.5168269230769231 0.042067307692307696 0.17067307692307693
1 0.5841346153846154 0.7391826923076923 0.09014423076923077 0.1310096153846154
1 0.7692307692307693 0.30649038461538464 0.10576923076923077 0.08413461538461539
0 0.5504807692307693 0.6009615384615384 0.07211538461538461 0.11057692307692307
0 0.5444711538461539 0.5024038461538461 0.046875 0.06610576923076923
0 0.5853365384615384 0.43509615384615385 0.04807692307692308 0.08413461538461539
0 0.6418269230769231 0.28125 0.056490384615384616 0.09375
0 0.6454326923076923 0.4519230769230769 0.06129807692307692 0.09375
0 0.6598557692307693 0.5709134615384616 0.07692307692307693 0.10817307692307693
0 0.6358173076923077 0.7007211538461539 0.07211538461538461 0.13341346153846154
0 0.6466346153846154 0.9338942307692307 0.0829326923076923 0.12860576923076922
0 0.4891826923076923 0.46875 0.055288461538461536 0.0985576923076923
0 0.42427884615384615 0.7223557692307693 0.0625 0.11057692307692307
0 0.3293269230769231 0.7680288461538461 0.07451923076923077 0.13822115384615385
0 0.15985576923076922 0.6802884615384616 0.09134615384615384 0.14543269230769232
0 0.38341346153846156 0.4639423076923077 0.06370192307692307 0.10817307692307693
0 0.3737980769230769 0.2920673076923077 0.04807692307692308 0.051682692307692304
0 0.3605769230769231 0.35216346153846156 0.056490384615384616 0.07692307692307693
0 0.15504807692307693 0.41225961538461536 0.06850961538461539 0.12860576923076922