1 0.7175480769230769 0.46033653846153844 0.052884615384615384 0.056490384615384616
0 0.25240384615384615 0.21754807692307693 0.0733173076923077 0.0889423076923077
0 0.4891826923076923 0.25961538461538464 0.046875 0.0985576923076923
0 0.5372596153846154 0.28966346153846156 0.052884615384615384 0.07211538461538461
0 0.5637019230769231 0.1658653846153846 0.04447115384615385 0.06370192307692307
0 0.4519230769230769 0.41346153846153844 0.052884615384615384 0.12139423076923077
0 0.5661057692307693 0.5841346153846154 0.0733173076923077 0.140625
0 0.3954326923076923 0.6947115384615384 0.07692307692307693 0.12620192307692307
0 0.5228365384615384 0.8293269230769231 0.051682692307692304 0.10817307692307693
3 0.11177884615384616 0.3329326923076923 0.0733173076923077 0.06370192307692307
1 0.9411057692307693 0.5096153846153846 0.11057692307692307 0.12139423076923077
1 0.3112980769230769 0.16466346153846154 0.054086538461538464 0.051682692307692304