0 0.39903846153846156 0.17908653846153846 0.05889423076923077 0.10096153846153846
0 0.6322115384615384 0.09134615384615384 0.06610576923076923 0.11298076923076923
0 0.4254807692307692 0.37740384615384615 0.038461538461538464 0.06370192307692307
0 0.48197115384615385 0.43990384615384615 0.055288461538461536 0.08413461538461539
0 0.5661057692307693 0.49278846153846156 0.06490384615384616 0.10576923076923077
0 0.5492788461538461 0.5817307692307693 0.040865384615384616 0.07692307692307693
0 0.6225961538461539 0.6045673076923077 0.06971153846153846 0.10817307692307693
0 0.6766826923076923 0.7427884615384616 0.08052884615384616 0.15264423076923078
0 0.8725961538461539 0.7524038461538461 0.09254807692307693 0.10096153846153846
0 0.953125 0.9447115384615384 0.09134615384615384 0.10576923076923077
0 0.9254807692307693 0.0733173076923077 0.11778846153846154 0.13581730769230768
3 0.6346153846153846 0.37740384615384615 0.051682692307692304 0.0985576923076923
3 0.7163461538461539 0.3329326923076923 0.09735576923076923 0.16826923076923078