0 0.16826923076923078 0.6394230769230769 0.1045673076923077 0.15745192307692307
0 0.7427884615384616 0.49278846153846156 0.0889423076923077 0.17067307692307693
0 0.8737980769230769 0.7608173076923077 0.06490384615384616 0.11298076923076923
0 0.46153846153846156 0.14423076923076922 0.051682692307692304 0.06610576923076923
0 0.34975961538461536 0.13581730769230768 0.030048076923076924 0.06370192307692307
0 0.39783653846153844 0.030048076923076924 0.028846153846153848 0.04927884615384615
3 0.28365384615384615 0.3233173076923077 0.05048076923076923 0.06971153846153846
3 0.026442307692307692 0.5024038461538461 0.04447115384615385 0.12139423076923077
3 0.16826923076923078 0.7848557692307693 0.09014423076923077 0.0889423076923077
1 0.4375 0.5853365384615384 0.09735576923076923 0.17307692307692307
1 0.5192307692307693 0.25600961538461536 0.140625 0.08173076923076923
1 0.05889423076923077 0.4675480769230769 0.09254807692307693 0.18509615384615385
1 0.16346153846153846 0.4963942307692308 0.08413461538461539 0.12379807692307693
3 0.6105769230769231 0.3088942307692308 0.05889423076923077 0.06971153846153846
1 0.609375 0.48677884615384615 0.051682692307692304 0.13822115384615385
1 0.8185096153846154 0.7704326923076923 0.03485576923076923 0.19230769230769232