0 0.3317307692307692 0.18389423076923078 0.038461538461538464 0.056490384615384616
0 0.4807692307692308 0.31490384615384615 0.04567307692307692 0.07211538461538461
0 0.7379807692307693 0.19471153846153846 0.051682692307692304 0.07932692307692307
0 0.6971153846153846 0.07091346153846154 0.04326923076923077 0.06610576923076923
0 0.5420673076923077 0.45072115384615385 0.03485576923076923 0.08173076923076923
0 0.5348557692307693 0.5745192307692307 0.054086538461538464 0.10576923076923077
0 0.3762019230769231 0.6081730769230769 0.07451923076923077 0.10096153846153846
0 0.40865384615384615 0.7163461538461539 0.06971153846153846 0.14302884615384615
0 0.3473557692307692 0.7415865384615384 0.07932692307692307 0.13581730769230768
0 0.2800480769230769 0.6237980769230769 0.08173076923076923 0.12620192307692307
0 0.328125 0.4639423076923077 0.046875 0.07932692307692307
0 0.1502403846153846 0.5420673076923077 0.06490384615384616 0.10096153846153846
0 0.06610576923076923 0.7115384615384616 0.0829326923076923 0.11899038461538461
0 0.29086538461538464 0.9290865384615384 0.06610576923076923 0.10096153846153846