0 0.055288461538461536 0.6237980769230769 0.0889423076923077 0.11057692307692307
0 0.21875 0.8882211538461539 0.08413461538461539 0.16105769230769232
0 0.39783653846153844 0.9170673076923077 0.09014423076923077 0.15504807692307693
0 0.5997596153846154 0.8930288461538461 0.08052884615384616 0.140625
0 0.8233173076923077 0.6790865384615384 0.09134615384615384 0.15745192307692307
0 0.6959134615384616 0.47475961538461536 0.07451923076923077 0.12139423076923077
0 0.5612980769230769 0.35697115384615385 0.07211538461538461 0.10096153846153846
0 0.35096153846153844 0.36778846153846156 0.07091346153846154 0.11298076923076923
0 0.33413461538461536 0.5576923076923077 0.0829326923076923 0.14302884615384615
0 0.4362980769230769 0.49399038461538464 0.07932692307692307 0.13341346153846154
0 0.46634615384615385 0.640625 0.08774038461538461 0.140625
0 0.5600961538461539 0.15144230769230768 0.06971153846153846 0.09134615384615384
0 0.5252403846153846 0.4987980769230769 0.04326923076923077 0.08413461538461539
0 0.5745192307692307 0.6021634615384616 0.078125 0.15745192307692307
0 0.6358173076923077 0.10096153846153846 0.052884615384615384 0.09375
2 0.5492788461538461 0.23918269230769232 0.028846153846153848 0.04927884615384615