1 0.7824519230769231 0.9266826923076923 0.07932692307692307 0.140625
3 0.8004807692307693 0.7632211538461539 0.09254807692307693 0.17307692307692307
0 0.8245192307692307 0.22956730769230768 0.0889423076923077 0.15745192307692307
0 0.5012019230769231 0.96875 0.06610576923076923 0.056490384615384616
0 0.5793269230769231 0.9338942307692307 0.08653846153846154 0.12860576923076922
0 0.6706730769230769 0.8882211538461539 0.0889423076923077 0.1310096153846154
0 0.671875 0.7007211538461539 0.09254807692307693 0.16826923076923078
0 0.71875 0.5 0.07692307692307693 0.14543269230769232
0 0.609375 0.59375 0.07091346153846154 0.140625
0 0.4362980769230769 0.04447115384615385 0.055288461538461536 0.08413461538461539
0 0.47716346153846156 0.6947115384615384 0.06490384615384616 0.11057692307692307
0 0.14783653846153846 0.7103365384615384 0.08413461538461539 0.16105769230769232
0 0.15144230769230768 0.43990384615384615 0.07211538461538461 0.0889423076923077