3 0.22355769230769232 0.47596153846153844 0.1466346153846154 0.15745192307692307
0 0.546875 0.09975961538461539 0.06971153846153846 0.09615384615384616
0 0.6634615384615384 0.15985576923076922 0.0733173076923077 0.12620192307692307
0 0.8269230769230769 0.14182692307692307 0.07091346153846154 0.10576923076923077
0 0.5264423076923077 0.4579326923076923 0.0889423076923077 0.140625
0 0.6911057692307693 0.8028846153846154 0.08052884615384616 0.17307692307692307
0 0.8930288461538461 0.3389423076923077 0.07451923076923077 0.11658653846153846
0 0.8942307692307693 0.4723557692307692 0.06850961538461539 0.09615384615384616
0 0.8725961538461539 0.6057692307692307 0.06009615384615385 0.11057692307692307
0 0.8245192307692307 0.6129807692307693 0.06370192307692307 0.10576923076923077
0 0.7800480769230769 0.6875 0.0889423076923077 0.11658653846153846
0 0.8112980769230769 0.8173076923076923 0.06490384615384616 0.15745192307692307
0 0.8629807692307693 0.7896634615384616 0.052884615384615384 0.11899038461538461
1 0.1622596153846154 0.2439903846153846 0.09254807692307693 0.11298076923076923
1 0.7079326923076923 0.59375 0.08774038461538461 0.27403846153846156