2 0.046875 0.21394230769230768 0.028846153846153848 0.021634615384615384
2 0.07211538461538461 0.21995192307692307 0.027644230769230768 0.019230769230769232
1 0.9158653846153846 0.46634615384615385 0.05048076923076923 0.24639423076923078
3 0.4483173076923077 0.1935096153846154 0.09014423076923077 0.13581730769230768
3 0.33774038461538464 0.125 0.0733173076923077 0.15504807692307693
3 0.8737980769230769 0.7920673076923077 0.07932692307692307 0.1875
3 0.7067307692307693 0.6262019230769231 0.10817307692307693 0.19951923076923078
3 0.31971153846153844 0.734375 0.12379807692307693 0.3329326923076923
3 0.23918269230769232 0.5492788461538461 0.07692307692307693 0.17548076923076922
3 0.14903846153846154 0.6274038461538461 0.14182692307692307 0.24639423076923078
0 0.6706730769230769 0.9471153846153846 0.12740384615384615 0.10096153846153846
0 0.5793269230769231 0.6225961538461539 0.08653846153846154 0.14302884615384615
0 0.44711538461538464 0.5841346153846154 0.08052884615384616 0.140625
0 0.3762019230769231 0.4375 0.11778846153846154 0.19230769230769232
0 0.21754807692307693 0.25841346153846156 0.10096153846153846 0.24879807692307693
0 0.08173076923076923 0.11658653846153846 0.12259615384615384 0.16346153846153846
1 0.8822115384615384 0.2692307692307692 0.051682692307692304 0.1875
1 0.5649038461538461 0.7151442307692307 0.1045673076923077 0.13581730769230768