3 0.14182692307692307 0.7788461538461539 0.12860576923076922 0.13581730769230768
3 0.6742788461538461 0.6911057692307693 0.07692307692307693 0.11298076923076923
3 0.4543269230769231 0.5576923076923077 0.04807692307692308 0.07932692307692307
3 0.4963942307692308 0.6021634615384616 0.05048076923076923 0.06370192307692307
3 0.5745192307692307 0.6225961538461539 0.078125 0.12379807692307693
0 0.17548076923076922 0.6682692307692307 0.0985576923076923 0.10096153846153846
0 0.4050480769230769 0.6742788461538461 0.06370192307692307 0.09375
0 0.2980769230769231 0.6538461538461539 0.0889423076923077 0.0985576923076923
0 0.30528846153846156 0.7439903846153846 0.078125 0.10096153846153846
0 0.6225961538461539 0.8449519230769231 0.0733173076923077 0.14302884615384615
0 0.7223557692307693 0.8834134615384616 0.08052884615384616 0.13822115384615385
0 0.8064903846153846 0.8786057692307693 0.08173076923076923 0.11899038461538461
1 0.4987980769230769 0.7007211538461539 0.046875 0.14302884615384615