3 0.19831730769230768 0.7007211538461539 0.0625 0.07692307692307693
0 0.7536057692307693 0.7620192307692307 0.07451923076923077 0.13701923076923078
0 0.7055288461538461 0.4014423076923077 0.042067307692307696 0.08413461538461539
0 0.6322115384615384 0.29927884615384615 0.03365384615384615 0.056490384615384616
0 0.6153846153846154 0.4098557692307692 0.037259615384615384 0.08413461538461539
0 0.5673076923076923 0.5961538461538461 0.036057692307692304 0.06850961538461539
0 0.5012019230769231 0.5336538461538461 0.03365384615384615 0.06610576923076923
0 0.4230769230769231 0.18870192307692307 0.025240384615384616 0.03245192307692308
0 0.3762019230769231 0.19591346153846154 0.02403846153846154 0.030048076923076924
0 0.28966346153846156 0.2644230769230769 0.02283653846153846 0.042067307692307696
0 0.5132211538461539 0.35096153846153844 0.03245192307692308 0.040865384615384616
0 0.11057692307692307 0.9447115384615384 0.10096153846153846 0.10336538461538461
0 0.027644230769230768 0.7548076923076923 0.052884615384615384 0.10096153846153846
0 0.06370192307692307 0.5 0.051682692307692304 0.0625