3 0.43028846153846156 0.234375 0.04447115384615385 0.06971153846153846
3 0.5769230769230769 0.16826923076923078 0.037259615384615384 0.05889423076923077
3 0.7620192307692307 0.45072115384615385 0.10576923076923077 0.12139423076923077
3 0.8870192307692307 0.11658653846153846 0.07451923076923077 0.10817307692307693
3 0.6658653846153846 0.26322115384615385 0.07211538461538461 0.12139423076923077
3 0.5396634615384616 0.7115384615384616 0.0625 0.0889423076923077
0 0.7463942307692307 0.28365384615384615 0.06971153846153846 0.12860576923076922
0 0.6586538461538461 0.4170673076923077 0.078125 0.10336538461538461
0 0.4699519230769231 0.48677884615384615 0.051682692307692304 0.0889423076923077
0 0.28125 0.8485576923076923 0.06009615384615385 0.09615384615384616
0 0.36538461538461536 0.36658653846153844 0.052884615384615384 0.10096153846153846