0 0.2247596153846154 0.4855769230769231 0.07692307692307693 0.12139423076923077
0 0.37259615384615385 0.6225961538461539 0.08413461538461539 0.14783653846153846
0 0.49759615384615385 0.8209134615384616 0.08052884615384616 0.1658653846153846
0 0.16947115384615385 0.7235576923076923 0.06971153846153846 0.11899038461538461
0 0.04567307692307692 0.8100961538461539 0.0889423076923077 0.17307692307692307
0 0.08173076923076923 0.953125 0.10096153846153846 0.0889423076923077
0 0.2439903846153846 0.8653846153846154 0.09014423076923077 0.17067307692307693
0 0.20793269230769232 0.21875 0.07211538461538461 0.1310096153846154
0 0.3016826923076923 0.1502403846153846 0.06370192307692307 0.10336538461538461
0 0.20793269230769232 0.08173076923076923 0.06850961538461539 0.10336538461538461
0 0.30288461538461536 0.03485576923076923 0.052884615384615384 0.06370192307692307
0 0.44471153846153844 0.052884615384615384 0.051682692307692304 0.10096153846153846
3 0.16706730769230768 0.3317307692307692 0.06850961538461539 0.11658653846153846
3 0.2800480769230769 0.328125 0.05889423076923077 0.07932692307692307
3 0.4699519230769231 0.3798076923076923 0.04567307692307692 0.08413461538461539
3 0.39783653846153844 0.06610576923076923 0.04326923076923077 0.06971153846153846
3 0.28365384615384615 0.6165865384615384 0.06850961538461539 0.12139423076923077
1 0.6550480769230769 0.671875 0.15384615384615385 0.19230769230769232
2 0.4675480769230769 0.6838942307692307 0.028846153846153848 0.05889423076923077