3 0.19591346153846154 0.42427884615384615 0.046875 0.07932692307692307
0 0.4206730769230769 0.28846153846153844 0.056490384615384616 0.0985576923076923
0 0.44591346153846156 0.44471153846153844 0.06971153846153846 0.12860576923076922
0 0.5276442307692307 0.5384615384615384 0.06129807692307692 0.07932692307692307
0 0.4495192307692308 0.7163461538461539 0.09134615384615384 0.13822115384615385
0 0.5757211538461539 0.7920673076923077 0.10096153846153846 0.1971153846153846
0 0.6346153846153846 0.6574519230769231 0.06971153846153846 0.14543269230769232
0 0.6394230769230769 0.9579326923076923 0.07932692307692307 0.07932692307692307
0 0.4567307692307692 0.9074519230769231 0.09254807692307693 0.1658653846153846
3 0.7752403846153846 0.578125 0.1045673076923077 0.13341346153846154
3 0.671875 0.5516826923076923 0.05889423076923077 0.08173076923076923
1 0.3425480769230769 0.7980769230769231 0.06850961538461539 0.28125
1 0.5769230769230769 0.20072115384615385 0.07932692307692307 0.07692307692307693