0 0.8125 0.31009615384615385 0.025240384615384616 0.03245192307692308
0 0.9182692307692307 0.23798076923076922 0.019230769230769232 0.042067307692307696
0 0.9002403846153846 0.375 0.03365384615384615 0.04927884615384615
0 0.8786057692307693 0.31971153846153844 0.06490384615384616 0.07211538461538461
0 0.05048076923076923 0.9447115384615384 0.04326923076923077 0.07692307692307693
0 0.23076923076923078 0.5504807692307693 0.027644230769230768 0.039663461538461536
0 0.2668269230769231 0.5877403846153846 0.026442307692307692 0.04447115384615385
0 0.140625 0.7451923076923077 0.028846153846153848 0.04447115384615385
0 0.27163461538461536 0.7680288461538461 0.03365384615384615 0.04927884615384615
0 0.8221153846153846 0.6862980769230769 0.030048076923076924 0.054086538461538464
0 0.8137019230769231 0.546875 0.030048076923076924 0.056490384615384616
0 0.6959134615384616 0.9795673076923077 0.036057692307692304 0.037259615384615384
0 0.6454326923076923 0.9819711538461539 0.03485576923076923 0.03245192307692308
0 0.546875 0.96875 0.04326923076923077 0.056490384615384616