0 0.4951923076923077 0.2848557692307692 0.06009615384615385 0.10576923076923077
1 0.21754807692307693 0.8173076923076923 0.03365384615384615 0.11899038461538461
1 0.375 0.6778846153846154 0.078125 0.07211538461538461
0 0.4987980769230769 0.5877403846153846 0.06129807692307692 0.11899038461538461
0 0.6177884615384616 0.890625 0.06850961538461539 0.15504807692307693
0 0.7716346153846154 0.5745192307692307 0.04567307692307692 0.09615384615384616
0 0.8341346153846154 0.17908653846153846 0.03365384615384615 0.06129807692307692
0 0.40024038461538464 0.171875 0.037259615384615384 0.056490384615384616
0 0.28365384615384615 0.2764423076923077 0.036057692307692304 0.06370192307692307
3 0.5108173076923077 0.734375 0.046875 0.07211538461538461
1 0.625 0.6346153846153846 0.078125 0.05889423076923077
1 0.7175480769230769 0.6057692307692307 0.05889423076923077 0.07692307692307693