2 0.8894230769230769 0.3713942307692308 0.04326923076923077 0.046875
2 0.3401442307692308 0.5793269230769231 0.038461538461538464 0.037259615384615384
2 0.3161057692307692 0.6117788461538461 0.021634615384615384 0.039663461538461536
2 0.5048076923076923 0.5805288461538461 0.026442307692307692 0.030048076923076924
2 0.375 0.30649038461538464 0.055288461538461536 0.054086538461538464
2 0.40024038461538464 0.2764423076923077 0.038461538461538464 0.04447115384615385
0 0.7908653846153846 0.7632211538461539 0.10697115384615384 0.16346153846153846
0 0.7548076923076923 0.6081730769230769 0.10096153846153846 0.18509615384615385
0 0.7283653846153846 0.4362980769230769 0.11298076923076923 0.15504807692307693
0 0.6622596153846154 0.5252403846153846 0.09014423076923077 0.13581730769230768
0 0.8581730769230769 0.5096153846153846 0.12259615384615384 0.1658653846153846
0 0.8125 0.33774038461538464 0.06971153846153846 0.10817307692307693
0 0.8052884615384616 0.21033653846153846 0.06971153846153846 0.13822115384615385
0 0.7355769230769231 0.1310096153846154 0.05889423076923077 0.11298076923076923
0 0.6298076923076923 0.21995192307692307 0.07091346153846154 0.10336538461538461
0 0.4651442307692308 0.18389423076923078 0.05889423076923077 0.10096153846153846
0 0.296875 0.9098557692307693 0.08774038461538461 0.17548076923076922
0 0.578125 0.8112980769230769 0.07091346153846154 0.14543269230769232
0 0.4254807692307692 0.9375 0.09615384615384616 0.12139423076923077
0 0.4891826923076923 0.7475961538461539 0.078125 0.16826923076923078
0 0.4110576923076923 0.7716346153846154 0.06610576923076923 0.13581730769230768
0 0.35697115384615385 0.5072115384615384 0.05889423076923077 0.09134615384615384
0 0.28846153846153844 0.5204326923076923 0.07211538461538461 0.10336538461538461
0 0.5 0.36778846153846156 0.078125 0.11298076923076923
0 0.37740384615384615 0.38221153846153844 0.06370192307692307 0.08413461538461539
0 0.4254807692307692 0.49278846153846156 0.07451923076923077 0.07211538461538461
0 0.40865384615384615 0.5769230769230769 0.07692307692307693 0.09615384615384616
0 0.25961538461538464 0.6418269230769231 0.0733173076923077 0.10336538461538461