1 0.7355769230769231 0.3317307692307692 0.0829326923076923 0.14543269230769232
3 0.203125 0.5420673076923077 0.052884615384615384 0.051682692307692304
3 0.6189903846153846 0.4411057692307692 0.04447115384615385 0.07692307692307693
3 0.5144230769230769 0.2439903846153846 0.054086538461538464 0.08413461538461539
3 0.5432692307692307 0.921875 0.04447115384615385 0.056490384615384616
3 0.5516826923076923 0.8305288461538461 0.046875 0.09134615384615384
3 0.42427884615384615 0.9038461538461539 0.056490384615384616 0.07451923076923077
0 0.8233173076923077 0.7175480769230769 0.040865384615384616 0.07692307692307693
0 0.8966346153846154 0.7680288461538461 0.04567307692307692 0.06370192307692307
0 0.6646634615384616 0.7548076923076923 0.051682692307692304 0.08653846153846154
0 0.7860576923076923 0.8882211538461539 0.05048076923076923 0.09615384615384616
0 0.43149038461538464 0.5961538461538461 0.04807692307692308 0.06610576923076923
0 0.7139423076923077 0.4855769230769231 0.04447115384615385 0.07692307692307693
0 0.6814903846153846 0.08173076923076923 0.03245192307692308 0.05889423076923077
0 0.59375 0.27403846153846156 0.04567307692307692 0.0889423076923077
0 0.3425480769230769 0.24759615384615385 0.05048076923076923 0.07211538461538461