0 0.3425480769230769 0.23197115384615385 0.03245192307692308 0.05889423076923077
0 0.2800480769230769 0.359375 0.04326923076923077 0.07211538461538461
0 0.3293269230769231 0.45552884615384615 0.040865384615384616 0.06610576923076923
0 0.46274038461538464 0.7055288461538461 0.04326923076923077 0.09615384615384616
0 0.5216346153846154 0.6730769230769231 0.040865384615384616 0.07692307692307693
0 0.8966346153846154 0.59375 0.06370192307692307 0.10096153846153846
0 0.9519230769230769 0.828125 0.06490384615384616 0.11057692307692307
0 0.5877403846153846 0.17427884615384615 0.027644230769230768 0.046875
0 0.1875 0.828125 0.06129807692307692 0.10576923076923077
1 0.5997596153846154 0.6959134615384616 0.06490384615384616 0.054086538461538464
1 0.6814903846153846 0.7692307692307693 0.0733173076923077 0.07211538461538461
1 0.71875 0.5036057692307693 0.054086538461538464 0.06971153846153846