2 0.052884615384615384 0.5036057692307693 0.0829326923076923 0.14302884615384615
2 0.5240384615384616 0.7548076923076923 0.037259615384615384 0.07211538461538461
2 0.4362980769230769 0.6887019230769231 0.052884615384615384 0.0985576923076923
2 0.6983173076923077 0.3557692307692308 0.056490384615384616 0.07451923076923077
2 0.234375 0.6310096153846154 0.036057692307692304 0.042067307692307696
2 0.3581730769230769 0.5673076923076923 0.056490384615384616 0.0889423076923077
2 0.4182692307692308 0.3798076923076923 0.042067307692307696 0.05889423076923077
2 0.5144230769230769 0.6129807692307693 0.09615384615384616 0.16105769230769232
3 0.6706730769230769 0.6165865384615384 0.12740384615384615 0.18509615384615385
3 0.3545673076923077 0.8305288461538461 0.056490384615384616 0.11658653846153846
1 0.2548076923076923 0.6875 0.140625 0.17548076923076922
1 0.18389423076923078 0.5492788461538461 0.16105769230769232 0.09615384615384616
0 0.055288461538461536 0.9543269230769231 0.10336538461538461 0.08653846153846154
0 0.27403846153846156 0.3125 0.08653846153846154 0.1502403846153846
0 0.109375 0.04567307692307692 0.07932692307692307 0.08653846153846154
0 0.0733173076923077 0.18990384615384615 0.055288461538461536 0.09375