0 0.4098557692307692 0.3737980769230769 0.06129807692307692 0.11658653846153846
0 0.1201923076923077 0.6358173076923077 0.11538461538461539 0.18028846153846154
0 0.3245192307692308 0.4495192307692308 0.09134615384615384 0.13341346153846154
0 0.3088942307692308 0.5817307692307693 0.0829326923076923 0.140625
0 0.4050480769230769 0.5865384615384616 0.0625 0.10576923076923077
0 0.43509615384615385 0.7283653846153846 0.078125 0.13822115384615385
0 0.5769230769230769 0.8689903846153846 0.07932692307692307 0.13341346153846154
0 0.3581730769230769 0.921875 0.08653846153846154 0.1502403846153846
0 0.234375 0.9495192307692307 0.0985576923076923 0.09615384615384616
0 0.7908653846153846 0.7079326923076923 0.07091346153846154 0.12139423076923077
0 0.8497596153846154 0.7704326923076923 0.06610576923076923 0.13341346153846154
1 0.6658653846153846 0.46634615384615385 0.0625 0.25721153846153844
0 0.040865384615384616 0.26322115384615385 0.0733173076923077 0.1658653846153846
0 0.10336538461538461 0.296875 0.055288461538461536 0.14302884615384615
3 0.7175480769230769 0.6490384615384616 0.08173076923076923 0.11899038461538461
2 0.4651442307692308 0.96875 0.019230769230769232 0.046875