0 0.9579326923076923 0.055288461538461536 0.08173076923076923 0.10096153846153846
2 0.8353365384615384 0.0985576923076923 0.051682692307692304 0.08413461538461539
0 0.24879807692307693 0.2932692307692308 0.056490384615384616 0.10817307692307693
0 0.3713942307692308 0.4951923076923077 0.06850961538461539 0.1658653846153846
0 0.6105769230769231 0.765625 0.10336538461538461 0.16346153846153846
0 0.7019230769230769 0.5492788461538461 0.09735576923076923 0.17067307692307693
0 0.8004807692307693 0.7103365384615384 0.11899038461538461 0.18990384615384615
0 0.5865384615384616 0.9603365384615384 0.11658653846153846 0.07451923076923077
0 0.3870192307692308 0.20192307692307693 0.08052884615384616 0.14783653846153846
3 0.6526442307692307 0.2536057692307692 0.09495192307692307 0.19471153846153846
3 0.5372596153846154 0.3401442307692308 0.0625 0.11899038461538461
0 0.16706730769230768 0.6971153846153846 0.15384615384615385 0.17548076923076922