0 0.13581730769230768 0.21514423076923078 0.0733173076923077 0.09375
0 0.38221153846153844 0.35216346153846156 0.06370192307692307 0.12139423076923077
0 0.3762019230769231 0.5973557692307693 0.08653846153846154 0.13822115384615385
0 0.5432692307692307 0.21754807692307693 0.05889423076923077 0.10336538461538461
0 0.4651442307692308 0.39663461538461536 0.0625 0.08653846153846154
0 0.47115384615384615 0.5132211538461539 0.0733173076923077 0.0985576923076923
0 0.5817307692307693 0.5120192307692307 0.0733173076923077 0.11057692307692307
0 0.5348557692307693 0.6430288461538461 0.07692307692307693 0.12139423076923077
0 0.6598557692307693 0.42427884615384615 0.054086538461538464 0.07451923076923077
0 0.6670673076923077 0.6802884615384616 0.07091346153846154 0.10096153846153846
0 0.7776442307692307 0.7680288461538461 0.07091346153846154 0.11298076923076923
0 0.4266826923076923 0.0673076923076923 0.046875 0.08653846153846154
3 0.8918269230769231 0.8533653846153846 0.09134615384615384 0.15504807692307693
1 0.6057692307692307 0.30408653846153844 0.055288461538461536 0.12379807692307693
1 0.6274038461538461 0.7596153846153846 0.0625 0.18509615384615385
1 0.609375 0.4795673076923077 0.0829326923076923 0.15264423076923078