3 0.6298076923076923 0.12980769230769232 0.09254807692307693 0.1310096153846154
3 0.5637019230769231 0.07211538461538461 0.06971153846153846 0.12379807692307693
1 0.5300480769230769 0.71875 0.19951923076923078 0.24639423076923078
2 0.078125 0.20552884615384615 0.06971153846153846 0.10336538461538461
0 0.47475961538461536 0.16826923076923078 0.06971153846153846 0.11298076923076923
0 0.3581730769230769 0.17427884615384615 0.06971153846153846 0.11057692307692307
0 0.15625 0.39783653846153844 0.06850961538461539 0.11899038461538461
0 0.1814903846153846 0.2620192307692308 0.07211538461538461 0.10817307692307693
0 0.4675480769230769 0.33052884615384615 0.06370192307692307 0.10817307692307693
0 0.5276442307692307 0.3629807692307692 0.06971153846153846 0.13341346153846154
0 0.6262019230769231 0.3485576923076923 0.08413461538461539 0.15264423076923078
0 0.9591346153846154 0.5829326923076923 0.078125 0.24158653846153846
0 0.8533653846153846 0.35096153846153844 0.13581730769230768 0.22235576923076922
0 0.7103365384615384 0.5144230769230769 0.08774038461538461 0.17548076923076922
0 0.6850961538461539 0.7620192307692307 0.0829326923076923 0.17548076923076922
0 0.43509615384615385 0.6526442307692307 0.0733173076923077 0.14543269230769232
0 0.27163461538461536 0.6971153846153846 0.07451923076923077 0.13581730769230768