0 0.1778846153846154 0.15384615384615385 0.09134615384615384 0.1502403846153846
0 0.2932692307692308 0.25600961538461536 0.09254807692307693 0.15504807692307693
0 0.3449519230769231 0.47115384615384615 0.11298076923076923 0.17307692307692307
0 0.41225961538461536 0.7331730769230769 0.10697115384615384 0.1971153846153846
0 0.5300480769230769 0.7596153846153846 0.07451923076923077 0.1310096153846154
1 0.22716346153846154 0.7800480769230769 0.11538461538461539 0.10336538461538461
3 0.41586538461538464 0.31009615384615385 0.09254807692307693 0.13581730769230768
3 0.7403846153846154 0.6213942307692307 0.1141826923076923 0.1310096153846154
3 0.828125 0.2247596153846154 0.09254807692307693 0.14302884615384615
3 0.9555288461538461 0.5865384615384616 0.08052884615384616 0.12139423076923077
3 0.6201923076923077 0.7259615384615384 0.08774038461538461 0.11899038461538461
1 0.7283653846153846 0.7836538461538461 0.15384615384615385 0.17548076923076922
1 0.4831730769230769 0.5048076923076923 0.09254807692307693 0.27884615384615385
2 0.7427884615384616 0.2608173076923077 0.11057692307692307 0.21033653846153846