0 0.2800480769230769 0.4543269230769231 0.037259615384615384 0.03485576923076923
0 0.3088942307692308 0.4723557692307692 0.025240384615384616 0.051682692307692304
0 0.5697115384615384 0.16466346153846154 0.02403846153846154 0.042067307692307696
3 0.1466346153846154 0.9302884615384616 0.052884615384615384 0.06370192307692307
3 0.32572115384615385 0.5709134615384616 0.04807692307692308 0.054086538461538464
0 0.2956730769230769 0.8521634615384616 0.05048076923076923 0.08413461538461539
0 0.9675480769230769 0.625 0.052884615384615384 0.08413461538461539
0 0.6310096153846154 0.5204326923076923 0.05048076923076923 0.08413461538461539
0 0.8064903846153846 0.19831730769230768 0.04807692307692308 0.09134615384615384
0 0.7848557692307693 0.34975961538461536 0.05048076923076923 0.07692307692307693
0 0.49759615384615385 0.6959134615384616 0.05048076923076923 0.09375
0 0.08413461538461539 0.8810096153846154 0.07692307692307693 0.10336538461538461