3 0.6081730769230769 0.5372596153846154 0.027644230769230768 0.046875
3 0.06850961538461539 0.828125 0.04447115384615385 0.056490384615384616
3 0.17548076923076922 0.8365384615384616 0.04567307692307692 0.04447115384615385
3 0.2932692307692308 0.609375 0.042067307692307696 0.06971153846153846
3 0.28725961538461536 0.7704326923076923 0.04447115384615385 0.06370192307692307
3 0.6286057692307693 0.9146634615384616 0.028846153846153848 0.06610576923076923
3 0.6935096153846154 0.6658653846153846 0.051682692307692304 0.08173076923076923
3 0.8533653846153846 0.4110576923076923 0.03245192307692308 0.037259615384615384
3 0.8533653846153846 0.5300480769230769 0.04807692307692308 0.06610576923076923
3 0.7403846153846154 0.44350961538461536 0.037259615384615384 0.046875
0 0.6995192307692307 0.5588942307692307 0.03485576923076923 0.046875
0 0.8125 0.3401442307692308 0.036057692307692304 0.04927884615384615
0 0.5913461538461539 0.9338942307692307 0.026442307692307692 0.06370192307692307
0 0.5588942307692307 0.8569711538461539 0.028846153846153848 0.04927884615384615
0 0.4230769230769231 0.7848557692307693 0.020432692307692308 0.04447115384615385
0 0.49038461538461536 0.7151442307692307 0.036057692307692304 0.056490384615384616
0 0.24879807692307693 0.7980769230769231 0.030048076923076924 0.039663461538461536
0 0.23798076923076922 0.6334134615384616 0.03485576923076923 0.06610576923076923
0 0.25240384615384615 0.484375 0.027644230769230768 0.04927884615384615
0 0.21875 0.4026442307692308 0.03245192307692308 0.04447115384615385