1 0.8978365384615384 0.5180288461538461 0.054086538461538464 0.2127403846153846
0 0.9411057692307693 0.171875 0.09975961538461539 0.20552884615384615
0 0.2704326923076923 0.7019230769230769 0.109375 0.234375
0 0.37740384615384615 0.8353365384615384 0.10817307692307693 0.14543269230769232
0 0.6814903846153846 0.6754807692307693 0.08653846153846154 0.15504807692307693
3 0.38221153846153844 0.1310096153846154 0.109375 0.22716346153846154
3 0.5492788461538461 0.23076923076923078 0.12379807692307693 0.234375
3 0.8461538461538461 0.42788461538461536 0.06610576923076923 0.15504807692307693
3 0.5324519230769231 0.45913461538461536 0.08413461538461539 0.15745192307692307
3 0.19831730769230768 0.33413461538461536 0.1346153846153846 0.3088942307692308
1 0.25240384615384615 0.22956730769230768 0.1502403846153846 0.3605769230769231
3 0.5805288461538461 0.6057692307692307 0.09735576923076923 0.22956730769230768