2 0.6706730769230769 0.22956730769230768 0.025240384615384616 0.03485576923076923
3 0.20793269230769232 0.9399038461538461 0.14423076923076922 0.11658653846153846
3 0.9002403846153846 0.20552884615384615 0.09014423076923077 0.15745192307692307
1 0.6995192307692307 0.6682692307692307 0.16947115384615385 0.19951923076923078
1 0.578125 0.38100961538461536 0.15144230769230768 0.11057692307692307
1 0.5733173076923077 0.17427884615384615 0.10697115384615384 0.09134615384615384
3 0.04807692307692308 0.19110576923076922 0.09254807692307693 0.2439903846153846
3 0.45913461538461536 0.054086538461538464 0.10576923076923077 0.10336538461538461
3 0.5240384615384616 0.7391826923076923 0.12379807692307693 0.21033653846153846
3 0.40865384615384615 0.5444711538461539 0.09975961538461539 0.17067307692307693
3 0.30528846153846156 0.5925480769230769 0.09014423076923077 0.1778846153846154
0 0.34375 0.35096153846153844 0.08413461538461539 0.15264423076923078