2 0.90625 0.7920673076923077 0.026442307692307692 0.04927884615384615
3 0.7740384615384616 0.8954326923076923 0.04447115384615385 0.07692307692307693
3 0.6574519230769231 0.8605769230769231 0.056490384615384616 0.11057692307692307
3 0.3762019230769231 0.7271634615384616 0.06009615384615385 0.09615384615384616
0 0.10216346153846154 0.8822115384615384 0.0985576923076923 0.1310096153846154
0 0.3401442307692308 0.07572115384615384 0.030048076923076924 0.046875
0 0.47115384615384615 0.08653846153846154 0.042067307692307696 0.06971153846153846
0 0.3473557692307692 0.5961538461538461 0.055288461538461536 0.07692307692307693
0 0.8774038461538461 0.6862980769230769 0.04447115384615385 0.0889423076923077
0 0.7980769230769231 0.8076923076923077 0.055288461538461536 0.11899038461538461
0 0.5661057692307693 0.5865384615384616 0.046875 0.10576923076923077
0 0.3473557692307692 0.37740384615384615 0.052884615384615384 0.0985576923076923