1 0.6033653846153846 0.34615384615384615 0.12139423076923077 0.16826923076923078
1 0.6802884615384616 0.5240384615384616 0.16105769230769232 0.13341346153846154
3 0.5564903846153846 0.8052884615384616 0.0625 0.14783653846153846
3 0.7836538461538461 0.8954326923076923 0.1658653846153846 0.20552884615384615
3 0.6286057692307693 0.6814903846153846 0.10697115384615384 0.17307692307692307
3 0.5817307692307693 0.1310096153846154 0.09134615384615384 0.15264423076923078
3 0.47115384615384615 0.31971153846153844 0.11778846153846154 0.17548076923076922
3 0.35697115384615385 0.45552884615384615 0.14182692307692307 0.25961538461538464
3 0.17668269230769232 0.5733173076923077 0.1346153846153846 0.22716346153846154
0 0.33533653846153844 0.25961538461538464 0.07091346153846154 0.10336538461538461
0 0.4951923076923077 0.1658653846153846 0.08413461538461539 0.15745192307692307
0 0.35697115384615385 0.11177884615384616 0.09495192307692307 0.1502403846153846
0 0.09134615384615384 0.15144230769230768 0.11778846153846154 0.1658653846153846