0 0.42427884615384615 0.65625 0.08774038461538461 0.13341346153846154
0 0.20432692307692307 0.4338942307692308 0.09014423076923077 0.13581730769230768
0 0.23677884615384615 0.9002403846153846 0.1045673076923077 0.18990384615384615
0 0.4338942307692308 0.234375 0.056490384615384616 0.13341346153846154
0 0.41346153846153844 0.47836538461538464 0.06971153846153846 0.11658653846153846
0 0.9002403846153846 0.9543269230769231 0.12620192307692307 0.08653846153846154
0 0.09254807692307693 0.20192307692307693 0.06370192307692307 0.12860576923076922
0 0.4495192307692308 0.359375 0.028846153846153848 0.07692307692307693
0 0.5012019230769231 0.8076923076923077 0.078125 0.13341346153846154
1 0.6165865384615384 0.8557692307692307 0.11899038461538461 0.18509615384615385
3 0.6237980769230769 0.5600961538461539 0.07211538461538461 0.10817307692307693
3 0.9579326923076923 0.44350961538461536 0.08173076923076923 0.08653846153846154