0 0.8894230769230769 0.6538461538461539 0.10096153846153846 0.1778846153846154
0 0.7415865384615384 0.5949519230769231 0.09375 0.13701923076923078
0 0.6658653846153846 0.703125 0.07211538461538461 0.10697115384615384
0 0.6382211538461539 0.31490384615384615 0.04326923076923077 0.10336538461538461
0 0.8389423076923077 0.06009615384615385 0.052884615384615384 0.07451923076923077
0 0.36177884615384615 0.5180288461538461 0.037259615384615384 0.07451923076923077
0 0.28365384615384615 0.5721153846153846 0.046875 0.056490384615384616
0 0.9699519230769231 0.09134615384615384 0.055288461538461536 0.10576923076923077
0 0.39783653846153844 0.36899038461538464 0.052884615384615384 0.09134615384615384
1 0.4495192307692308 0.2403846153846154 0.08413461538461539 0.14423076923076922
1 0.7127403846153846 0.2692307692307692 0.07692307692307693 0.1201923076923077
1 0.5492788461538461 0.24639423076923078 0.04567307692307692 0.15625