3 0.8305288461538461 0.026442307692307692 0.04567307692307692 0.046875
3 0.7980769230769231 0.2860576923076923 0.040865384615384616 0.07211538461538461
3 0.9158653846153846 0.3894230769230769 0.04807692307692308 0.06610576923076923
3 0.734375 0.8100961538461539 0.056490384615384616 0.09014423076923077
3 0.3581730769230769 0.890625 0.040865384615384616 0.046875
3 0.18028846153846154 0.9302884615384616 0.07091346153846154 0.10096153846153846
3 0.29927884615384615 0.625 0.026442307692307692 0.06370192307692307
1 0.4074519230769231 0.6201923076923077 0.042067307692307696 0.15384615384615385
1 0.08052884615384616 0.703125 0.06490384615384616 0.1778846153846154
3 0.03125 0.5108173076923077 0.04927884615384615 0.06850961538461539
3 0.18870192307692307 0.4182692307692308 0.04447115384615385 0.056490384615384616