0 0.4026442307692308 0.5661057692307693 0.0673076923076923 0.16947115384615385
0 0.47716346153846156 0.25600961538461536 0.04927884615384615 0.10216346153846154
0 0.5012019230769231 0.12860576923076922 0.046875 0.06370192307692307
0 0.421875 0.1814903846153846 0.04927884615384615 0.09014423076923077
3 0.4891826923076923 0.4651442307692308 0.040865384615384616 0.06009615384615385
3 0.39302884615384615 0.921875 0.08413461538461539 0.15144230769230768
3 0.47596153846153844 0.7536057692307693 0.03245192307692308 0.13822115384615385
1 0.7355769230769231 0.9014423076923077 0.08653846153846154 0.19230769230769232
1 0.8329326923076923 0.9182692307692307 0.04326923076923077 0.042067307692307696
1 0.6995192307692307 0.5492788461538461 0.055288461538461536 0.078125
1 0.38341346153846156 0.2920673076923077 0.046875 0.05048076923076923
1 0.2824519230769231 0.23918269230769232 0.037259615384615384 0.0889423076923077