0 0.21394230769230768 0.3016826923076923 0.04447115384615385 0.0625
0 0.2776442307692308 0.30649038461538464 0.040865384615384616 0.06971153846153846
0 0.3329326923076923 0.30649038461538464 0.039663461538461536 0.07091346153846154
0 0.039663461538461536 0.4543269230769231 0.028846153846153848 0.05048076923076923
0 0.06971153846153846 0.3389423076923077 0.026442307692307692 0.04807692307692308
0 0.18028846153846154 0.21754807692307693 0.036057692307692304 0.056490384615384616
0 0.234375 0.18269230769230768 0.03485576923076923 0.04567307692307692
0 0.359375 0.25600961538461536 0.030048076923076924 0.05048076923076923
0 0.4675480769230769 0.34134615384615385 0.028846153846153848 0.051682692307692304
0 0.6382211538461539 0.11057692307692307 0.037259615384615384 0.0673076923076923
0 0.6959134615384616 0.06370192307692307 0.04326923076923077 0.055288461538461536
0 0.5408653846153846 0.6069711538461539 0.039663461538461536 0.06490384615384616
0 0.515625 0.703125 0.04447115384615385 0.07091346153846154
0 0.11658653846153846 0.9014423076923077 0.042067307692307696 0.046875
0 0.45072115384615385 0.9158653846153846 0.028846153846153848 0.051682692307692304
0 0.6201923076923077 0.7283653846153846 0.025240384615384616 0.04807692307692308
0 0.6778846153846154 0.7211538461538461 0.04326923076923077 0.052884615384615384