0 0.028846153846153848 0.6670673076923077 0.052884615384615384 0.09615384615384616
3 0.28365384615384615 0.5552884615384616 0.038461538461538464 0.05048076923076923
0 0.3137019230769231 0.5829326923076923 0.039663461538461536 0.078125
0 0.4230769230769231 0.5216346153846154 0.04447115384615385 0.07572115384615384
3 0.45072115384615385 0.5024038461538461 0.026442307692307692 0.04447115384615385
3 0.6754807692307693 0.5432692307692307 0.028846153846153848 0.052884615384615384
3 0.6262019230769231 0.5132211538461539 0.051682692307692304 0.04807692307692308
3 0.6370192307692307 0.5697115384615384 0.05048076923076923 0.06129807692307692
0 0.59375 0.8882211538461539 0.06490384615384616 0.11298076923076923
3 0.7632211538461539 0.7331730769230769 0.046875 0.08052884615384616
3 0.36778846153846156 0.44350961538461536 0.040865384615384616 0.036057692307692304