0 0.6274038461538461 0.7992788461538461 0.09254807692307693 0.14543269230769232
0 0.6526442307692307 0.7079326923076923 0.07091346153846154 0.09495192307692307
0 0.9675480769230769 0.6009615384615384 0.0625 0.19471153846153846
0 0.8497596153846154 0.6682692307692307 0.11177884615384616 0.17548076923076922
3 0.3545673076923077 0.9543269230769231 0.06850961538461539 0.06850961538461539
3 0.6081730769230769 0.5817307692307693 0.039663461538461536 0.09375
3 0.7620192307692307 0.6165865384615384 0.052884615384615384 0.1201923076923077
3 0.7055288461538461 0.7536057692307693 0.054086538461538464 0.04807692307692308
3 0.7704326923076923 0.052884615384615384 0.038461538461538464 0.06129807692307692
0 0.7355769230769231 0.05048076923076923 0.06009615384615385 0.09495192307692307
0 0.5745192307692307 0.3233173076923077 0.04927884615384615 0.09134615384615384