1 0.40865384615384615 0.7584134615384616 0.1045673076923077 0.10817307692307693
1 0.36899038461538464 0.9627403846153846 0.09495192307692307 0.06971153846153846
1 0.6165865384615384 0.17307692307692307 0.052884615384615384 0.08413461538461539
1 0.8028846153846154 0.09375 0.11778846153846154 0.09375
1 0.07932692307692307 0.3125 0.10336538461538461 0.1658653846153846
1 0.23918269230769232 0.33774038461538464 0.042067307692307696 0.12860576923076922
1 0.11778846153846154 0.7451923076923077 0.09495192307692307 0.08413461538461539
3 0.3545673076923077 0.3125 0.06610576923076923 0.09615384615384616
3 0.3088942307692308 0.18509615384615385 0.052884615384615384 0.07451923076923077
3 0.12139423076923077 0.43509615384615385 0.07451923076923077 0.12860576923076922
3 0.15745192307692307 0.6526442307692307 0.05889423076923077 0.09134615384615384