0 0.31971153846153844 0.1622596153846154 0.0889423076923077 0.15745192307692307
0 0.21875 0.13822115384615385 0.08173076923076923 0.15985576923076922
0 0.2439903846153846 0.37259615384615385 0.08052884615384616 0.09735576923076923
0 0.6286057692307693 0.6850961538461539 0.04927884615384615 0.10697115384615384
0 0.6598557692307693 0.26802884615384615 0.052884615384615384 0.11538461538461539
0 0.5408653846153846 0.5588942307692307 0.046875 0.07451923076923077
0 0.06971153846153846 0.8052884615384616 0.06971153846153846 0.1045673076923077
3 0.1814903846153846 0.7211538461538461 0.04447115384615385 0.07091346153846154
3 0.12980769230769232 0.9471153846153846 0.038461538461538464 0.07932692307692307
1 0.3473557692307692 0.5913461538461539 0.06971153846153846 0.078125
1 0.15504807692307693 0.26802884615384615 0.052884615384615384 0.08052884615384616
1 0.3641826923076923 0.8533653846153846 0.056490384615384616 0.12620192307692307