0 0.2668269230769231 0.3449519230769231 0.038461538461538464 0.055288461538461536
0 0.5757211538461539 0.41466346153846156 0.04567307692307692 0.0733173076923077
0 0.6141826923076923 0.3762019230769231 0.037259615384615384 0.0733173076923077
0 0.46153846153846156 0.10576923076923077 0.027644230769230768 0.051682692307692304
0 0.25240384615384615 0.19951923076923078 0.027644230769230768 0.04447115384615385
0 0.20793269230769232 0.2403846153846154 0.030048076923076924 0.039663461538461536
0 0.15745192307692307 0.23317307692307693 0.028846153846153848 0.04326923076923077
0 0.03125 0.3317307692307692 0.03245192307692308 0.05048076923076923
0 0.2091346153846154 0.40024038461538464 0.038461538461538464 0.057692307692307696
0 0.3485576923076923 0.5228365384615384 0.02283653846153846 0.04807692307692308
0 0.2536057692307692 0.6298076923076923 0.03125 0.052884615384615384
0 0.03485576923076923 0.7572115384615384 0.039663461538461536 0.052884615384615384
3 0.7872596153846154 0.5973557692307693 0.026442307692307692 0.07211538461538461
3 0.5324519230769231 0.28125 0.027644230769230768 0.04447115384615385
3 0.23677884615384615 0.3762019230769231 0.03245192307692308 0.05048076923076923