0 0.265625 0.5925480769230769 0.06370192307692307 0.10817307692307693
0 0.03365384615384615 0.0829326923076923 0.05048076923076923 0.06610576923076923
0 0.07091346153846154 0.20673076923076922 0.052884615384615384 0.09615384615384616
1 0.7668269230769231 0.8100961538461539 0.10817307692307693 0.24639423076923078
1 0.7079326923076923 0.5516826923076923 0.07451923076923077 0.09134615384615384
1 0.35336538461538464 0.3545673076923077 0.06490384615384616 0.140625
3 0.21634615384615385 0.4182692307692308 0.06850961538461539 0.08173076923076923
3 0.18389423076923078 0.4831730769230769 0.06490384615384616 0.09134615384615384
3 0.7163461538461539 0.7980769230769231 0.06971153846153846 0.13341346153846154
3 0.8257211538461539 0.7740384615384616 0.08413461538461539 0.140625
3 0.8377403846153846 0.9230769230769231 0.06850961538461539 0.10817307692307693
3 0.8461538461538461 0.47115384615384615 0.042067307692307696 0.07451923076923077
3 0.9663461538461539 0.36658653846153844 0.05889423076923077 0.08653846153846154
3 0.06129807692307692 0.640625 0.051682692307692304 0.07692307692307693
3 0.04567307692307692 0.3233173076923077 0.04447115384615385 0.05889423076923077