0 0.2439903846153846 0.6286057692307693 0.09735576923076923 0.1502403846153846
0 0.36778846153846156 0.43990384615384615 0.08413461538461539 0.14302884615384615
0 0.40384615384615385 0.3293269230769231 0.056490384615384616 0.09615384615384616
0 0.4651442307692308 0.32211538461538464 0.042067307692307696 0.09134615384615384
0 0.5084134615384616 0.34615384615384615 0.055288461538461536 0.12860576923076922
0 0.5829326923076923 0.3870192307692308 0.056490384615384616 0.13581730769230768
0 0.5528846153846154 0.7764423076923077 0.1141826923076923 0.20552884615384615
0 0.5048076923076923 0.11658653846153846 0.04567307692307692 0.0889423076923077
0 0.5793269230769231 0.1310096153846154 0.04326923076923077 0.0985576923076923
0 0.6213942307692307 0.22235576923076922 0.03485576923076923 0.08413461538461539
3 0.5372596153846154 0.9278846153846154 0.09975961538461539 0.12860576923076922