3 0.5384615384615384 0.38100961538461536 0.056490384615384616 0.0673076923076923
0 0.32211538461538464 0.2548076923076923 0.018028846153846152 0.03485576923076923
0 0.375 0.3233173076923077 0.025240384615384616 0.03485576923076923
0 0.29086538461538464 0.31490384615384615 0.021634615384615384 0.03485576923076923
0 0.18389423076923078 0.9723557692307693 0.046875 0.054086538461538464
3 0.2980769230769231 0.4362980769230769 0.04927884615384615 0.036057692307692304
3 0.25240384615384615 0.4891826923076923 0.055288461538461536 0.08413461538461539
0 0.21153846153846154 0.5084134615384616 0.04326923076923077 0.057692307692307696
0 0.8834134615384616 0.8701923076923077 0.06009615384615385 0.08653846153846154
0 0.859375 0.5612980769230769 0.08774038461538461 0.13221153846153846
0 0.6706730769230769 0.36658653846153844 0.06850961538461539 0.078125
0 0.7367788461538461 0.35697115384615385 0.04807692307692308 0.0829326923076923
0 0.5997596153846154 0.38822115384615385 0.06490384615384616 0.0625
0 0.6983173076923077 0.42788461538461536 0.040865384615384616 0.05048076923076923
0 0.38100961538461536 0.46153846153846156 0.037259615384615384 0.04807692307692308
0 0.453125 0.44471153846153844 0.04927884615384615 0.0625
0 0.49399038461538464 0.5649038461538461 0.06850961538461539 0.10697115384615384
0 0.5793269230769231 0.6189903846153846 0.08413461538461539 0.11899038461538461