0 0.33413461538461536 0.3401442307692308 0.07692307692307693 0.15264423076923078
0 0.23557692307692307 0.17067307692307693 0.05048076923076923 0.09375
0 0.42908653846153844 0.15384615384615385 0.042067307692307696 0.09134615384615384
0 0.453125 0.4182692307692308 0.055288461538461536 0.09615384615384616
0 0.5769230769230769 0.5649038461538461 0.055288461538461536 0.11298076923076923
0 0.43028846153846156 0.9194711538461539 0.06009615384615385 0.1310096153846154
0 0.47115384615384615 0.6694711538461539 0.056490384615384616 0.13341346153846154
0 0.4891826923076923 0.34375 0.030048076923076924 0.07932692307692307
0 0.29447115384615385 0.5360576923076923 0.078125 0.12860576923076922
0 0.12379807692307693 0.7572115384615384 0.06610576923076923 0.12139423076923077
0 0.5985576923076923 0.41346153846153844 0.03365384615384615 0.07211538461538461
1 0.8209134615384616 0.8689903846153846 0.07451923076923077 0.05889423076923077
3 0.6117788461538461 0.640625 0.051682692307692304 0.09615384615384616
3 0.9278846153846154 0.7067307692307693 0.07091346153846154 0.0889423076923077
3 0.8329326923076923 0.6574519230769231 0.046875 0.08173076923076923