0 0.28365384615384615 0.4519230769230769 0.09254807692307693 0.19230769230769232
0 0.3557692307692308 0.7752403846153846 0.13221153846153846 0.2668269230769231
0 0.23798076923076922 0.1875 0.05889423076923077 0.0985576923076923
0 0.17307692307692307 0.2800480769230769 0.06009615384615385 0.1310096153846154
0 0.0733173076923077 0.44471153846153844 0.1346153846153846 0.23197115384615385
0 0.06610576923076923 0.8112980769230769 0.12860576923076922 0.37259615384615385
0 0.5985576923076923 0.28365384615384615 0.08052884615384616 0.14783653846153846
0 0.6478365384615384 0.09735576923076923 0.04567307692307692 0.12139423076923077
1 0.5384615384615384 0.49759615384615385 0.11899038461538461 0.12139423076923077
1 0.5108173076923077 0.6850961538461539 0.09134615384615384 0.1502403846153846
1 0.9543269230769231 0.3473557692307692 0.08774038461538461 0.140625
3 0.43149038461538464 0.31009615384615385 0.052884615384615384 0.10576923076923077