0 0.46033653846153844 0.9555288461538461 0.051682692307692304 0.08774038461538461
0 0.8473557692307693 0.90625 0.038461538461538464 0.06490384615384616
0 0.6081730769230769 0.6550480769230769 0.052884615384615384 0.09495192307692307
0 0.6334134615384616 0.5625 0.054086538461538464 0.0829326923076923
0 0.6153846153846154 0.4651442307692308 0.054086538461538464 0.08533653846153846
0 0.5192307692307693 0.4543269230769231 0.04326923076923077 0.07572115384615384
0 0.2848557692307692 0.38100961538461536 0.03485576923076923 0.06610576923076923
0 0.07091346153846154 0.8028846153846154 0.04326923076923077 0.06610576923076923
0 0.12620192307692307 0.4831730769230769 0.03485576923076923 0.05889423076923077
3 0.5480769230769231 0.04447115384615385 0.02403846153846154 0.0733173076923077
3 0.8509615384615384 0.5432692307692307 0.02283653846153846 0.07692307692307693
3 0.484375 0.5360576923076923 0.040865384615384616 0.06971153846153846
3 0.16826923076923078 0.5805288461538461 0.036057692307692304 0.055288461538461536