0 0.234375 0.22355769230769232 0.054086538461538464 0.10096153846153846
0 0.24879807692307693 0.44471153846153844 0.06971153846153846 0.11298076923076923
0 0.2932692307692308 0.5456730769230769 0.0733173076923077 0.13341346153846154
0 0.3485576923076923 0.6225961538461539 0.05889423076923077 0.14783653846153846
0 0.4050480769230769 0.5576923076923077 0.07932692307692307 0.12379807692307693
0 0.38100961538461536 0.45072115384615385 0.06490384615384616 0.09615384615384616
0 0.5949519230769231 0.5216346153846154 0.07692307692307693 0.1310096153846154
0 0.6538461538461539 0.48197115384615385 0.07932692307692307 0.13822115384615385
0 0.49278846153846156 0.6322115384615384 0.07692307692307693 0.14302884615384615
0 0.17548076923076922 0.8569711538461539 0.11057692307692307 0.18269230769230768
0 0.8161057692307693 0.9447115384615384 0.09134615384615384 0.10576923076923077
0 0.3016826923076923 0.2692307692307692 0.054086538461538464 0.11899038461538461
0 0.3557692307692308 0.2704326923076923 0.06370192307692307 0.140625
0 0.6081730769230769 0.19110576923076922 0.052884615384615384 0.11658653846153846
3 0.40625 0.8581730769230769 0.09615384615384616 0.17548076923076922