2 0.7487980769230769 0.3269230769230769 0.039663461538461536 0.06490384615384616
0 0.35336538461538464 0.8028846153846154 0.04567307692307692 0.08413461538461539
0 0.41466346153846156 0.9098557692307693 0.052884615384615384 0.1045673076923077
0 0.24759615384615385 0.9723557692307693 0.04927884615384615 0.054086538461538464
0 0.2848557692307692 0.8665865384615384 0.056490384615384616 0.078125
3 0.8966346153846154 0.49759615384615385 0.04927884615384615 0.06610576923076923
3 0.49158653846153844 0.9507211538461539 0.06370192307692307 0.09014423076923077
3 0.12139423076923077 0.7295673076923077 0.0625 0.10336538461538461
0 0.12620192307692307 0.08533653846153846 0.05048076923076923 0.09495192307692307
0 0.3918269230769231 0.6754807692307693 0.038461538461538464 0.0733173076923077
0 0.2764423076923077 0.3317307692307692 0.036057692307692304 0.04447115384615385
0 0.47475961538461536 0.3485576923076923 0.037259615384615384 0.06610576923076923
0 0.9471153846153846 0.4182692307692308 0.055288461538461536 0.08413461538461539
0 0.8617788461538461 0.9615384615384616 0.06971153846153846 0.07451923076923077
0 0.9170673076923077 0.07091346153846154 0.051682692307692304 0.05889423076923077