0 0.3581730769230769 0.14423076923076922 0.08774038461538461 0.11057692307692307
0 0.38461538461538464 0.34375 0.09254807692307693 0.16346153846153846
1 0.8185096153846154 0.2439903846153846 0.07692307692307693 0.10336538461538461
1 0.7427884615384616 0.3557692307692308 0.09254807692307693 0.0889423076923077
1 0.5060096153846154 0.9134615384615384 0.15504807692307693 0.12379807692307693
1 0.8413461538461539 0.8485576923076923 0.0829326923076923 0.1658653846153846
1 0.5793269230769231 0.4362980769230769 0.04326923076923077 0.19951923076923078
3 0.6923076923076923 0.5240384615384616 0.0733173076923077 0.09375
3 0.7512019230769231 0.4795673076923077 0.078125 0.09375
3 0.9026442307692307 0.421875 0.08052884615384616 0.12860576923076922
3 0.8557692307692307 0.3329326923076923 0.05889423076923077 0.07451923076923077
3 0.15384615384615385 0.04567307692307692 0.04567307692307692 0.06610576923076923
3 0.4543269230769231 0.14182692307692307 0.040865384615384616 0.056490384615384616
3 0.6117788461538461 0.21153846153846154 0.04807692307692308 0.06610576923076923