0 0.6935096153846154 0.34615384615384615 0.03485576923076923 0.07091346153846154
0 0.8221153846153846 0.5252403846153846 0.042067307692307696 0.08413461538461539
0 0.36778846153846156 0.027644230769230768 0.028846153846153848 0.037259615384615384
0 0.4387019230769231 0.02403846153846154 0.019230769230769232 0.04447115384615385
0 0.45913461538461536 0.09735576923076923 0.028846153846153848 0.05048076923076923
0 0.453125 0.13221153846153846 0.039663461538461536 0.052884615384615384
0 0.1466346153846154 0.34615384615384615 0.025240384615384616 0.04567307692307692
0 0.07211538461538461 0.4387019230769231 0.03365384615384615 0.04927884615384615
0 0.38100961538461536 0.3858173076923077 0.04326923076923077 0.06610576923076923
0 0.4014423076923077 0.42908653846153844 0.04927884615384615 0.078125
0 0.3545673076923077 0.5276442307692307 0.05048076923076923 0.07932692307692307
0 0.25841346153846156 0.7127403846153846 0.05889423076923077 0.09735576923076923
0 0.15384615384615385 0.6730769230769231 0.07451923076923077 0.09495192307692307
0 0.09735576923076923 0.8389423076923077 0.09375 0.1466346153846154