3 0.22716346153846154 0.96875 0.04567307692307692 0.057692307692307696
3 0.20432692307692307 0.8449519230769231 0.05048076923076923 0.055288461538461536
3 0.16346153846153846 0.8713942307692307 0.040865384615384616 0.0625
3 0.17427884615384615 0.9471153846153846 0.03485576923076923 0.046875
0 0.640625 0.546875 0.02283653846153846 0.042067307692307696
0 0.6021634615384616 0.5865384615384616 0.027644230769230768 0.052884615384615384
0 0.5264423076923077 0.5901442307692307 0.030048076923076924 0.055288461538461536
0 0.5492788461538461 0.5048076923076923 0.026442307692307692 0.05048076923076923
0 0.4831730769230769 0.46033653846153844 0.021634615384615384 0.04447115384615385
0 0.4651442307692308 0.5721153846153846 0.027644230769230768 0.042067307692307696
0 0.43028846153846156 0.515625 0.02283653846153846 0.040865384615384616
0 0.24278846153846154 0.6598557692307693 0.02283653846153846 0.04447115384615385
0 0.13221153846153846 0.6346153846153846 0.027644230769230768 0.036057692307692304
0 0.15264423076923078 0.9783653846153846 0.03485576923076923 0.040865384615384616