0 0.1875 0.8040865384615384 0.1310096153846154 0.27884615384615385
0 0.3112980769230769 0.09735576923076923 0.0985576923076923 0.18990384615384615
0 0.3942307692307692 0.15504807692307693 0.06610576923076923 0.11899038461538461
0 0.46274038461538464 0.23317307692307693 0.040865384615384616 0.10576923076923077
0 0.49038461538461536 0.5144230769230769 0.055288461538461536 0.14543269230769232
1 0.5192307692307693 0.6899038461538461 0.0733173076923077 0.1310096153846154
1 0.6322115384615384 0.40024038461538464 0.0829326923076923 0.06971153846153846
1 0.7512019230769231 0.1622596153846154 0.07451923076923077 0.09615384615384616
1 0.6394230769230769 0.20793269230769232 0.052884615384615384 0.10336538461538461
1 0.9254807692307693 0.1466346153846154 0.12379807692307693 0.11057692307692307
1 0.9663461538461539 0.17067307692307693 0.06370192307692307 0.09375
3 0.9134615384615384 0.04807692307692308 0.06009615384615385 0.06610576923076923