0 0.16947115384615385 0.5504807692307693 0.026442307692307692 0.05048076923076923
0 0.6370192307692307 0.265625 0.04447115384615385 0.078125
0 0.6177884615384616 0.4254807692307692 0.06009615384615385 0.10697115384615384
0 0.5300480769230769 0.6201923076923077 0.05889423076923077 0.0985576923076923
0 0.5276442307692307 0.3701923076923077 0.057692307692307696 0.0889423076923077
0 0.4182692307692308 0.3016826923076923 0.05048076923076923 0.0829326923076923
0 0.39663461538461536 0.359375 0.04927884615384615 0.07451923076923077
0 0.34975961538461536 0.3473557692307692 0.04567307692307692 0.08774038461538461
0 0.2800480769230769 0.37740384615384615 0.04447115384615385 0.06850961538461539
0 0.08052884615384616 0.6742788461538461 0.030048076923076924 0.04447115384615385
3 0.45913461538461536 0.7127403846153846 0.016826923076923076 0.027644230769230768