0 0.5420673076923077 0.5432692307692307 0.02283653846153846 0.030048076923076924
0 0.17548076923076922 0.9110576923076923 0.025240384615384616 0.04447115384615385
0 0.8341346153846154 0.6899038461538461 0.038461538461538464 0.05048076923076923
0 0.9098557692307693 0.4483173076923077 0.030048076923076924 0.046875
0 0.8521634615384616 0.46153846153846156 0.026442307692307692 0.037259615384615384
0 0.7860576923076923 0.5096153846153846 0.03485576923076923 0.04447115384615385
0 0.6706730769230769 0.6730769230769231 0.030048076923076924 0.05048076923076923
0 0.6141826923076923 0.6538461538461539 0.028846153846153848 0.052884615384615384
0 0.5240384615384616 0.53125 0.019230769230769232 0.030048076923076924
0 0.5264423076923077 0.6286057692307693 0.028846153846153848 0.05048076923076923
0 0.46274038461538464 0.5600961538461539 0.020432692307692308 0.04447115384615385
0 0.4519230769230769 0.9134615384615384 0.03485576923076923 0.06370192307692307
0 0.25961538461538464 0.9615384615384616 0.03245192307692308 0.04326923076923077
0 0.2608173076923077 0.8942307692307693 0.03245192307692308 0.04447115384615385