0 0.2980769230769231 0.890625 0.038461538461538464 0.04807692307692308
0 0.5805288461538461 0.0673076923076923 0.026442307692307692 0.046875
0 0.5360576923076923 0.28365384615384615 0.039663461538461536 0.0625
0 0.5997596153846154 0.3557692307692308 0.038461538461538464 0.078125
0 0.6550480769230769 0.4074519230769231 0.03485576923076923 0.07451923076923077
0 0.7331730769230769 0.17427884615384615 0.03365384615384615 0.046875
0 0.7175480769230769 0.9831730769230769 0.05048076923076923 0.028846153846153848
0 0.7704326923076923 0.9338942307692307 0.039663461538461536 0.08653846153846154
0 0.7788461538461539 0.5865384615384616 0.030048076923076924 0.0625
0 0.6947115384615384 0.38822115384615385 0.03245192307692308 0.06490384615384616
0 0.5853365384615384 0.19471153846153846 0.03485576923076923 0.052884615384615384
0 0.5228365384615384 0.171875 0.03485576923076923 0.04326923076923077
0 0.40384615384615385 0.203125 0.021634615384615384 0.04807692307692308
0 0.35096153846153844 0.28365384615384615 0.026442307692307692 0.055288461538461536
0 0.13221153846153846 0.9807692307692307 0.052884615384615384 0.03365384615384615
0 0.22115384615384615 0.5288461538461539 0.03125 0.0625
0 0.21754807692307693 0.6478365384615384 0.028846153846153848 0.04927884615384615
0 0.30288461538461536 0.7319711538461539 0.038461538461538464 0.056490384615384616
0 0.23918269230769232 0.8028846153846154 0.02283653846153846 0.04326923076923077
0 0.17307692307692307 0.7644230769230769 0.03365384615384615 0.046875
0 0.29447115384615385 0.9675480769230769 0.04326923076923077 0.057692307692307696