0 0.1814903846153846 0.26802884615384615 0.06490384615384616 0.11057692307692307
0 0.07091346153846154 0.27524038461538464 0.042067307692307696 0.11057692307692307
0 0.7920673076923077 0.6670673076923077 0.09254807692307693 0.17307692307692307
0 0.9651442307692307 0.7319711538461539 0.06850961538461539 0.21033653846153846
0 0.7151442307692307 0.19951923076923078 0.054086538461538464 0.11298076923076923
0 0.9735576923076923 0.3329326923076923 0.05048076923076923 0.11899038461538461
0 0.328125 0.578125 0.06009615384615385 0.11899038461538461
0 0.33653846153846156 0.765625 0.06129807692307692 0.13822115384615385
0 0.3894230769230769 0.9122596153846154 0.06971153846153846 0.14543269230769232
0 0.4074519230769231 0.6754807692307693 0.04447115384615385 0.10576923076923077
0 0.609375 0.5300480769230769 0.038461538461538464 0.09615384615384616
0 0.6935096153846154 0.3737980769230769 0.051682692307692304 0.11658653846153846
0 0.8112980769230769 0.2512019230769231 0.04567307692307692 0.10096153846153846
0 0.8617788461538461 0.453125 0.056490384615384616 0.12139423076923077
3 0.4735576923076923 0.7860576923076923 0.07451923076923077 0.12620192307692307
3 0.4831730769230769 0.05048076923076923 0.0625 0.09134615384615384
3 0.3233173076923077 0.14903846153846154 0.056490384615384616 0.08173076923076923
3 0.5252403846153846 0.35697115384615385 0.052884615384615384 0.08653846153846154
3 0.12740384615384615 0.24158653846153846 0.0625 0.0889423076923077