0 0.8353365384615384 0.5240384615384616 0.12139423076923077 0.1875
0 0.6646634615384616 0.44350961538461536 0.08173076923076923 0.13581730769230768
0 0.5817307692307693 0.7872596153846154 0.078125 0.12860576923076922
0 0.6370192307692307 0.8894230769230769 0.08653846153846154 0.14783653846153846
0 0.47115384615384615 0.9591346153846154 0.055288461538461536 0.07692307692307693
0 0.4206730769230769 0.96875 0.051682692307692304 0.056490384615384616
0 0.4831730769230769 0.7776442307692307 0.05889423076923077 0.11298076923076923
0 0.5240384615384616 0.5372596153846154 0.054086538461538464 0.09134615384615384
0 0.546875 0.44591346153846156 0.052884615384615384 0.08173076923076923
0 0.8088942307692307 0.8870192307692307 0.3401442307692308 0.22235576923076922
3 0.7872596153846154 0.6454326923076923 0.0829326923076923 0.1502403846153846
3 0.7752403846153846 0.8762019230769231 0.09975961538461539 0.1778846153846154
3 0.8990384615384616 0.8762019230769231 0.1045673076923077 0.1971153846153846