0 0.6598557692307693 0.4735576923076923 0.03245192307692308 0.051682692307692304
0 0.8088942307692307 0.2403846153846154 0.03485576923076923 0.0625
0 0.4639423076923077 0.546875 0.03485576923076923 0.06370192307692307
0 0.5264423076923077 0.2800480769230769 0.027644230769230768 0.05048076923076923
0 0.515625 0.3870192307692308 0.03365384615384615 0.06850961538461539
0 0.45552884615384615 0.36538461538461536 0.030048076923076924 0.0625
0 0.07932692307692307 0.5673076923076923 0.027644230769230768 0.054086538461538464
0 0.2283653846153846 0.3786057692307692 0.038461538461538464 0.06009615384615385
0 0.30408653846153844 0.3581730769230769 0.040865384615384616 0.06490384615384616
0 0.36538461538461536 0.3076923076923077 0.039663461538461536 0.06009615384615385
0 0.43990384615384615 0.07692307692307693 0.036057692307692304 0.0673076923076923