2 0.40625 0.5180288461538461 0.03125 0.04927884615384615
2 0.3233173076923077 0.546875 0.026442307692307692 0.05048076923076923
3 0.2692307692307692 0.5084134615384616 0.04927884615384615 0.04326923076923077
0 0.078125 0.171875 0.027644230769230768 0.038461538461538464
0 0.0889423076923077 0.21033653846153846 0.03365384615384615 0.04567307692307692
0 0.14302884615384615 0.09615384615384616 0.026442307692307692 0.04807692307692308
0 0.16826923076923078 0.07572115384615384 0.021634615384615384 0.040865384615384616
0 0.19230769230769232 0.0889423076923077 0.021634615384615384 0.046875
0 0.27403846153846156 0.027644230769230768 0.021634615384615384 0.038461538461538464
0 0.24519230769230768 0.055288461538461536 0.02283653846153846 0.04807692307692308
0 0.3233173076923077 0.20673076923076922 0.028846153846153848 0.06009615384615385
0 0.36538461538461536 0.15264423076923078 0.028846153846153848 0.04927884615384615
0 0.39663461538461536 0.1466346153846154 0.026442307692307692 0.04927884615384615
0 0.3858173076923077 0.2283653846153846 0.03485576923076923 0.056490384615384616
0 0.2824519230769231 0.33413461538461536 0.03125 0.06490384615384616
0 0.44471153846153844 0.4495192307692308 0.0625 0.0625
0 0.2824519230769231 0.9591346153846154 0.078125 0.08052884615384616