3 0.4206730769230769 0.8990384615384616 0.03365384615384615 0.04326923076923077
0 0.8581730769230769 0.9206730769230769 0.03485576923076923 0.052884615384615384
0 0.8016826923076923 0.6790865384615384 0.028846153846153848 0.06129807692307692
0 0.7584134615384616 0.6742788461538461 0.026442307692307692 0.051682692307692304
0 0.6382211538461539 0.9098557692307693 0.04326923076923077 0.07451923076923077
0 0.6983173076923077 0.43509615384615385 0.025240384615384616 0.039663461538461536
0 0.6490384615384616 0.40384615384615385 0.025240384615384616 0.04447115384615385
0 0.6526442307692307 0.3016826923076923 0.02283653846153846 0.057692307692307696
0 0.6442307692307693 0.2247596153846154 0.019230769230769232 0.037259615384615384
0 0.5913461538461539 0.18389423076923078 0.020432692307692308 0.042067307692307696
0 0.6009615384615384 0.23317307692307693 0.021634615384615384 0.054086538461538464
0 0.6346153846153846 0.15865384615384615 0.02403846153846154 0.04447115384615385
0 0.49278846153846156 0.25721153846153844 0.027644230769230768 0.0625
0 0.4579326923076923 0.4951923076923077 0.03125 0.07451923076923077
0 0.3016826923076923 0.8112980769230769 0.027644230769230768 0.0625
0 0.3737980769230769 0.5841346153846154 0.036057692307692304 0.06129807692307692
0 0.3641826923076923 0.9639423076923077 0.055288461538461536 0.07091346153846154
0 0.1875 0.8858173076923077 0.055288461538461536 0.07572115384615384
0 0.17668269230769232 0.6153846153846154 0.046875 0.06610576923076923
0 0.28846153846153844 0.4543269230769231 0.04447115384615385 0.06490384615384616
0 0.17307692307692307 0.46274038461538464 0.05048076923076923 0.07451923076923077