0 0.49278846153846156 0.53125 0.027644230769230768 0.04807692307692308
0 0.5384615384615384 0.3581730769230769 0.02403846153846154 0.055288461538461536
0 0.4987980769230769 0.3581730769230769 0.026442307692307692 0.04447115384615385
0 0.5564903846153846 0.6274038461538461 0.027644230769230768 0.056490384615384616
0 0.6165865384615384 0.6298076923076923 0.027644230769230768 0.054086538461538464
0 0.5252403846153846 0.7427884615384616 0.038461538461538464 0.06129807692307692
0 0.6129807692307693 0.953125 0.04326923076923077 0.07692307692307693
0 0.23076923076923078 0.9447115384615384 0.046875 0.08413461538461539
0 0.359375 0.5060096153846154 0.03365384615384615 0.06009615384615385
0 0.41586538461538464 0.33653846153846156 0.026442307692307692 0.05048076923076923
0 0.4375 0.17548076923076922 0.026442307692307692 0.04927884615384615
0 0.4182692307692308 0.08173076923076923 0.028846153846153848 0.054086538461538464
0 0.3317307692307692 0.06490384615384616 0.036057692307692304 0.06490384615384616
0 0.12620192307692307 0.07932692307692307 0.036057692307692304 0.05048076923076923
0 0.05889423076923077 0.39903846153846156 0.051682692307692304 0.09134615384615384