0 0.8557692307692307 0.5252403846153846 0.03485576923076923 0.0625
0 0.4723557692307692 0.5829326923076923 0.03245192307692308 0.05048076923076923
0 0.19230769230769232 0.34375 0.03125 0.052884615384615384
0 0.3449519230769231 0.44350961538461536 0.04567307692307692 0.09735576923076923
0 0.44350961538461536 0.328125 0.03245192307692308 0.052884615384615384
0 0.515625 0.8269230769230769 0.04447115384615385 0.09495192307692307
0 0.7896634615384616 0.44711538461538464 0.046875 0.07451923076923077
0 0.7860576923076923 0.6237980769230769 0.038461538461538464 0.078125
0 0.8233173076923077 0.8485576923076923 0.057692307692307696 0.11298076923076923
0 0.39783653846153844 0.09735576923076923 0.021634615384615384 0.04447115384615385
0 0.4098557692307692 0.265625 0.027644230769230768 0.078125
0 0.375 0.07211538461538461 0.018028846153846152 0.036057692307692304