3 0.9579326923076923 0.8810096153846154 0.07932692307692307 0.10817307692307693
3 0.7920673076923077 0.7415865384615384 0.056490384615384616 0.040865384615384616
3 0.7355769230769231 0.7728365384615384 0.055288461538461536 0.07451923076923077
3 0.4795673076923077 0.9639423076923077 0.040865384615384616 0.0673076923076923
0 0.7163461538461539 0.9759615384615384 0.056490384615384616 0.046875
0 0.7932692307692307 0.8822115384615384 0.07692307692307693 0.12620192307692307
0 0.7620192307692307 0.6346153846153846 0.026442307692307692 0.04927884615384615
0 0.7211538461538461 0.6334134615384616 0.028846153846153848 0.054086538461538464
0 0.6213942307692307 0.5997596153846154 0.027644230769230768 0.036057692307692304
0 0.6057692307692307 0.6730769230769231 0.026442307692307692 0.04807692307692308
0 0.4807692307692308 0.8088942307692307 0.030048076923076924 0.056490384615384616
0 0.3112980769230769 0.8689903846153846 0.026442307692307692 0.04326923076923077