0 0.14423076923076922 0.38822115384615385 0.04807692307692308 0.06850961538461539
0 0.2800480769230769 0.2091346153846154 0.042067307692307696 0.057692307692307696
0 0.5540865384615384 0.06971153846153846 0.030048076923076924 0.056490384615384616
0 0.7067307692307693 0.2283653846153846 0.057692307692307696 0.08774038461538461
0 0.7608173076923077 0.3858173076923077 0.07692307692307693 0.12379807692307693
0 0.8016826923076923 0.5036057692307693 0.08413461538461539 0.1201923076923077
0 0.23076923076923078 0.8870192307692307 0.03365384615384615 0.054086538461538464
0 0.3605769230769231 0.9543269230769231 0.040865384615384616 0.07091346153846154
0 0.4987980769230769 0.7980769230769231 0.039663461538461536 0.06610576923076923
0 0.6694711538461539 0.5841346153846154 0.04447115384615385 0.08413461538461539
0 0.7091346153846154 0.8665865384615384 0.06971153846153846 0.12620192307692307
0 0.859375 0.8088942307692307 0.08413461538461539 0.13221153846153846
0 0.8822115384615384 0.9675480769230769 0.08173076923076923 0.06370192307692307
0 0.8473557692307693 0.5408653846153846 0.0625 0.09375