0 0.9002403846153846 0.25841346153846156 0.06490384615384616 0.09495192307692307
0 0.9146634615384616 0.6262019230769231 0.08173076923076923 0.1201923076923077
0 0.5336538461538461 0.7728365384615384 0.037259615384615384 0.08533653846153846
0 0.5516826923076923 0.5348557692307693 0.03365384615384615 0.052884615384615384
0 0.6682692307692307 0.4170673076923077 0.04567307692307692 0.0733173076923077
0 0.6274038461538461 0.4423076923076923 0.028846153846153848 0.06129807692307692
0 0.8689903846153846 0.07932692307692307 0.037259615384615384 0.05889423076923077
0 0.6730769230769231 0.11298076923076923 0.021634615384615384 0.03485576923076923
0 0.6634615384615384 0.14182692307692307 0.020432692307692308 0.037259615384615384
0 0.6370192307692307 0.1875 0.02403846153846154 0.04326923076923077
0 0.5444711538461539 0.2776442307692308 0.020432692307692308 0.04567307692307692
0 0.4735576923076923 0.4050480769230769 0.019230769230769232 0.03245192307692308
0 0.46634615384615385 0.7536057692307693 0.03245192307692308 0.056490384615384616
0 0.46033653846153844 0.45072115384615385 0.018028846153846152 0.038461538461538464