0 0.3918269230769231 0.5877403846153846 0.046875 0.09014423076923077
0 0.6069711538461539 0.4891826923076923 0.04807692307692308 0.08774038461538461
0 0.265625 0.5949519230769231 0.039663461538461536 0.06009615384615385
0 0.6382211538461539 0.028846153846153848 0.04807692307692308 0.055288461538461536
0 0.3076923076923077 0.14423076923076922 0.042067307692307696 0.07211538461538461
0 0.8125 0.6923076923076923 0.04807692307692308 0.06370192307692307
0 0.8329326923076923 0.9242788461538461 0.0625 0.12740384615384615
0 0.7163461538461539 0.8918269230769231 0.06009615384615385 0.09254807692307693
0 0.31490384615384615 0.25240384615384615 0.051682692307692304 0.07451923076923077
0 0.6971153846153846 0.12740384615384615 0.046875 0.08774038461538461
0 0.5552884615384616 0.17067307692307693 0.056490384615384616 0.10697115384615384
3 0.7055288461538461 0.7007211538461539 0.03485576923076923 0.05889423076923077
3 0.6298076923076923 0.7427884615384616 0.030048076923076924 0.08653846153846154
3 0.421875 0.3581730769230769 0.039663461538461536 0.05048076923076923
3 0.47836538461538464 0.4411057692307692 0.040865384615384616 0.08653846153846154
3 0.22716346153846154 0.9627403846153846 0.05048076923076923 0.07211538461538461