0 0.3894230769230769 0.5877403846153846 0.06009615384615385 0.10817307692307693
0 0.7091346153846154 0.22716346153846154 0.055288461538461536 0.07932692307692307
0 0.7127403846153846 0.3545673076923077 0.05048076923076923 0.09615384615384616
1 0.7403846153846154 0.8786057692307693 0.07211538461538461 0.22235576923076922
1 0.7524038461538461 0.6947115384615384 0.09495192307692307 0.07692307692307693
1 0.8341346153846154 0.8834134615384616 0.09134615384615384 0.22235576923076922
3 0.16105769230769232 0.5973557692307693 0.08653846153846154 0.12379807692307693
3 0.15264423076923078 0.3485576923076923 0.07211538461538461 0.0889423076923077
3 0.4795673076923077 0.8461538461538461 0.08173076923076923 0.11057692307692307
3 0.6466346153846154 0.8449519230769231 0.07692307692307693 0.10817307692307693
3 0.953125 0.5528846153846154 0.07211538461538461 0.07932692307692307