0 0.5769230769230769 0.5072115384615384 0.07692307692307693 0.12139423076923077
0 0.6971153846153846 0.3605769230769231 0.07932692307692307 0.16826923076923078
0 0.5252403846153846 0.6658653846153846 0.0889423076923077 0.12620192307692307
0 0.6454326923076923 0.5492788461538461 0.0889423076923077 0.10576923076923077
0 0.45913461538461536 0.7920673076923077 0.10817307692307693 0.1971153846153846
0 0.7367788461538461 0.7007211538461539 0.0985576923076923 0.15264423076923078
0 0.7872596153846154 0.875 0.11658653846153846 0.21033653846153846
0 0.9158653846153846 0.8004807692307693 0.140625 0.20793269230769232
2 0.9591346153846154 0.5673076923076923 0.078125 0.13822115384615385
3 0.5829326923076923 0.7512019230769231 0.09975961538461539 0.12860576923076922
3 0.6802884615384616 0.7896634615384616 0.10336538461538461 0.17307692307692307