0 0.4831730769230769 0.96875 0.08774038461538461 0.06129807692307692
0 0.7211538461538461 0.7391826923076923 0.05889423076923077 0.08052884615384616
0 0.35336538461538464 0.7223557692307693 0.052884615384615384 0.0985576923076923
0 0.09495192307692307 0.7391826923076923 0.06610576923076923 0.0889423076923077
0 0.12740384615384615 0.9326923076923077 0.09254807692307693 0.13341346153846154
0 0.20432692307692307 0.8786057692307693 0.07211538461538461 0.125
0 0.3713942307692308 0.5540865384615384 0.03485576923076923 0.046875
0 0.43028846153846156 0.5504807692307693 0.030048076923076924 0.040865384615384616
0 0.4326923076923077 0.5168269230769231 0.02283653846153846 0.040865384615384616
0 0.7463942307692307 0.36778846153846156 0.028846153846153848 0.04807692307692308
0 0.7872596153846154 0.3581730769230769 0.028846153846153848 0.042067307692307696
3 0.33413461538461536 0.5276442307692307 0.03365384615384615 0.038461538461538464
3 0.5865384615384616 0.5504807692307693 0.040865384615384616 0.057692307692307696
0 0.7644230769230769 0.5372596153846154 0.04326923076923077 0.04927884615384615