3 0.9675480769230769 0.5949519230769231 0.04927884615384615 0.0889423076923077
0 0.24639423076923078 0.46153846153846156 0.03365384615384615 0.04326923076923077
0 0.23677884615384615 0.3894230769230769 0.026442307692307692 0.039663461538461536
0 0.24639423076923078 0.7884615384615384 0.028846153846153848 0.04447115384615385
0 0.4206730769230769 0.515625 0.03485576923076923 0.05048076923076923
0 0.9747596153846154 0.9290865384615384 0.037259615384615384 0.07572115384615384
0 0.8942307692307693 0.8617788461538461 0.040865384615384616 0.08052884615384616
0 0.9314903846153846 0.8161057692307693 0.03485576923076923 0.06370192307692307
0 0.7884615384615384 0.6959134615384616 0.038461538461538464 0.06370192307692307
0 0.6274038461538461 0.5300480769230769 0.03125 0.056490384615384616
0 0.09495192307692307 0.6622596153846154 0.037259615384615384 0.057692307692307696