3 0.3004807692307692 0.21153846153846154 0.019230769230769232 0.026442307692307692
3 0.375 0.5661057692307693 0.02283653846153846 0.036057692307692304
1 0.38822115384615385 0.4230769230769231 0.025240384615384616 0.02403846153846154
0 0.5877403846153846 0.4266826923076923 0.039663461538461536 0.06850961538461539
3 0.8088942307692307 0.6478365384615384 0.04326923076923077 0.05889423076923077
3 0.8293269230769231 0.3173076923076923 0.056490384615384616 0.07451923076923077
3 0.8894230769230769 0.19951923076923078 0.03365384615384615 0.04927884615384615
1 0.8810096153846154 0.25 0.0829326923076923 0.0625
3 0.5168269230769231 0.36177884615384615 0.028846153846153848 0.04326923076923077
3 0.5588942307692307 0.14423076923076922 0.018028846153846152 0.030048076923076924
3 0.6634615384615384 0.16466346153846154 0.03365384615384615 0.04807692307692308
3 0.8125 0.06490384615384616 0.03485576923076923 0.040865384615384616