3 0.9591346153846154 0.6971153846153846 0.07692307692307693 0.1201923076923077
3 0.9495192307692307 0.8954326923076923 0.09615384615384616 0.18028846153846154
3 0.7415865384615384 0.5516826923076923 0.055288461538461536 0.0889423076923077
3 0.6730769230769231 0.5480769230769231 0.07572115384615384 0.10817307692307693
3 0.30288461538461536 0.6814903846153846 0.09254807692307693 0.1141826923076923
3 0.47836538461538464 0.5733173076923077 0.06490384615384616 0.10216346153846154
3 0.35216346153846156 0.359375 0.07091346153846154 0.09375
0 0.8137019230769231 0.6262019230769231 0.07932692307692307 0.11057692307692307
0 0.6538461538461539 0.6057692307692307 0.06370192307692307 0.11177884615384616
0 0.5300480769230769 0.5552884615384616 0.06610576923076923 0.10216346153846154
0 0.36538461538461536 0.28365384615384615 0.06610576923076923 0.09615384615384616
0 0.32091346153846156 0.18028846153846154 0.05889423076923077 0.0829326923076923
0 0.20673076923076922 0.09014423076923077 0.07451923076923077 0.0733173076923077
0 0.10817307692307693 0.7199519230769231 0.16346153846153846 0.14903846153846154