0 0.3713942307692308 0.6057692307692307 0.07091346153846154 0.12620192307692307
0 0.4483173076923077 0.6201923076923077 0.06129807692307692 0.11899038461538461
0 0.484375 0.5637019230769231 0.08173076923076923 0.12139423076923077
0 0.5504807692307693 0.4807692307692308 0.06009615384615385 0.10096153846153846
0 0.5865384615384616 0.43990384615384615 0.07451923076923077 0.12860576923076922
0 0.6394230769230769 0.5420673076923077 0.054086538461538464 0.10096153846153846
0 0.6754807692307693 0.5901442307692307 0.06490384615384616 0.08413461538461539
0 0.7211538461538461 0.6887019230769231 0.09254807692307693 0.14302884615384615
0 0.7512019230769231 0.8173076923076923 0.09495192307692307 0.14783653846153846
0 0.8040865384615384 0.953125 0.06971153846153846 0.0889423076923077
0 0.6622596153846154 0.9435096153846154 0.1141826923076923 0.10336538461538461
0 0.5492788461538461 0.9627403846153846 0.09014423076923077 0.06971153846153846
0 0.4266826923076923 0.8846153846153846 0.12740384615384615 0.19471153846153846
3 0.4543269230769231 0.7379807692307693 0.0829326923076923 0.08413461538461539
3 0.6105769230769231 0.8185096153846154 0.08653846153846154 0.12620192307692307
3 0.6634615384615384 0.6754807692307693 0.055288461538461536 0.08653846153846154