0 0.20673076923076922 0.22235576923076922 0.06610576923076923 0.10817307692307693
0 0.23677884615384615 0.3894230769230769 0.0625 0.140625
0 0.15384615384615385 0.6466346153846154 0.09495192307692307 0.16346153846153846
0 0.10336538461538461 0.484375 0.08173076923076923 0.11899038461538461
1 0.6490384615384616 0.5168269230769231 0.13701923076923078 0.2247596153846154
1 0.23557692307692307 0.8401442307692307 0.09615384615384616 0.1502403846153846
1 0.3401442307692308 0.5661057692307693 0.055288461538461536 0.1658653846153846
1 0.3076923076923077 0.7067307692307693 0.054086538461538464 0.15745192307692307
3 0.42788461538461536 0.8028846153846154 0.12259615384615384 0.25721153846153844
3 0.3918269230769231 0.9663461538461539 0.0829326923076923 0.06129807692307692
3 0.37259615384615385 0.49278846153846156 0.051682692307692304 0.10576923076923077
3 0.2247596153846154 0.6430288461538461 0.05889423076923077 0.10096153846153846