0 0.9290865384615384 0.46274038461538464 0.05048076923076923 0.08173076923076923
0 0.8762019230769231 0.2536057692307692 0.046875 0.06850961538461539
0 0.9483173076923077 0.6310096153846154 0.052884615384615384 0.09975961538461539
0 0.7151442307692307 0.6622596153846154 0.04807692307692308 0.08653846153846154
0 0.6526442307692307 0.6430288461538461 0.03485576923076923 0.0673076923076923
0 0.5492788461538461 0.7560096153846154 0.04567307692307692 0.06850961538461539
0 0.5492788461538461 0.5769230769230769 0.04326923076923077 0.08173076923076923
0 0.4375 0.9723557692307693 0.04326923076923077 0.051682692307692304
0 0.34975961538461536 0.8798076923076923 0.03125 0.0625
0 0.24158653846153846 0.8257211538461539 0.04326923076923077 0.0625
0 0.15625 0.49038461538461536 0.039663461538461536 0.04447115384615385
0 0.09735576923076923 0.3629807692307692 0.03365384615384615 0.046875
0 0.20673076923076922 0.2776442307692308 0.04326923076923077 0.07692307692307693
0 0.19951923076923078 0.11057692307692307 0.038461538461538464 0.0733173076923077
0 0.030048076923076924 0.1658653846153846 0.03485576923076923 0.042067307692307696