3 0.038461538461538464 0.7536057692307693 0.06490384615384616 0.10697115384615384
3 0.2956730769230769 0.25600961538461536 0.04807692307692308 0.046875
3 0.8221153846153846 0.8293269230769231 0.03485576923076923 0.06490384615384616
0 0.21995192307692307 0.09254807692307693 0.03365384615384615 0.07211538461538461
0 0.03365384615384615 0.04567307692307692 0.06490384615384616 0.0889423076923077
0 0.24879807692307693 0.18028846153846154 0.06370192307692307 0.07211538461538461
0 0.1201923076923077 0.6923076923076923 0.05048076923076923 0.09254807692307693
0 0.43990384615384615 0.5540865384615384 0.06370192307692307 0.11057692307692307
0 0.5132211538461539 0.5528846153846154 0.078125 0.13942307692307693
0 0.7740384615384616 0.37259615384615385 0.02403846153846154 0.05048076923076923
0 0.5853365384615384 0.09975961538461539 0.020432692307692308 0.042067307692307696
0 0.7163461538461539 0.8786057692307693 0.036057692307692304 0.06009615384615385
0 0.7103365384615384 0.8149038461538461 0.03125 0.05889423076923077