3 0.6935096153846154 0.9399038461538461 0.078125 0.11899038461538461
3 0.6514423076923077 0.7704326923076923 0.06490384615384616 0.046875
3 0.5949519230769231 0.7872596153846154 0.04927884615384615 0.07932692307692307
3 0.6069711538461539 0.8870192307692307 0.046875 0.07572115384615384
0 0.5612980769230769 0.9483173076923077 0.06009615384615385 0.10216346153846154
0 0.5757211538461539 0.9086538461538461 0.04326923076923077 0.06009615384615385
0 0.9795673076923077 0.45072115384615385 0.03125 0.05048076923076923
0 0.5709134615384616 0.5973557692307693 0.02283653846153846 0.040865384615384616
0 0.6478365384615384 0.6346153846153846 0.03125 0.06129807692307692
0 0.6911057692307693 0.6262019230769231 0.02403846153846154 0.04326923076923077
0 0.39783653846153844 0.859375 0.027644230769230768 0.052884615384615384