0 0.7740384615384616 0.4014423076923077 0.037259615384615384 0.04807692307692308
0 0.7043269230769231 0.4735576923076923 0.04447115384615385 0.078125
0 0.6033653846153846 0.3557692307692308 0.030048076923076924 0.07451923076923077
0 0.6826923076923077 0.16947115384615385 0.025240384615384616 0.056490384615384616
0 0.6346153846153846 0.19591346153846154 0.036057692307692304 0.051682692307692304
0 0.6466346153846154 0.07692307692307693 0.030048076923076924 0.056490384615384616
0 0.4795673076923077 0.11538461538461539 0.03125 0.036057692307692304
0 0.5288461538461539 0.040865384615384616 0.025240384615384616 0.038461538461538464
0 0.5252403846153846 0.21995192307692307 0.03365384615384615 0.0673076923076923
0 0.5096153846153846 0.1814903846153846 0.028846153846153848 0.04807692307692308
0 0.4675480769230769 0.06850961538461539 0.019230769230769232 0.039663461538461536
0 0.4326923076923077 0.11658653846153846 0.03485576923076923 0.055288461538461536
0 0.4483173076923077 0.17548076923076922 0.037259615384615384 0.07211538461538461
0 0.37740384615384615 0.16826923076923078 0.030048076923076924 0.038461538461538464
0 0.3329326923076923 0.21033653846153846 0.036057692307692304 0.0625
0 0.18028846153846154 0.6610576923076923 0.04447115384615385 0.06370192307692307
0 0.41346153846153844 0.9603365384615384 0.09014423076923077 0.078125