0 0.0889423076923077 0.7403846153846154 0.02283653846153846 0.028846153846153848
2 0.12139423076923077 0.7752403846153846 0.03125 0.02283653846153846
2 0.0985576923076923 0.7560096153846154 0.03365384615384615 0.025240384615384616
3 0.328125 0.9603365384615384 0.08052884615384616 0.056490384615384616
3 0.04447115384615385 0.8040865384615384 0.040865384615384616 0.026442307692307692
3 0.1346153846153846 0.8389423076923077 0.052884615384615384 0.04927884615384615
2 0.028846153846153848 0.7512019230769231 0.03365384615384615 0.019230769230769232
2 0.02403846153846154 0.78125 0.03125 0.018028846153846152
3 0.030048076923076924 0.7247596153846154 0.03485576923076923 0.030048076923076924
3 0.06610576923076923 0.7319711538461539 0.03125 0.027644230769230768
0 0.375 0.7259615384615384 0.037259615384615384 0.07572115384615384
2 0.27163461538461536 0.78125 0.028846153846153848 0.028846153846153848
2 0.09254807692307693 0.7055288461538461 0.02403846153846154 0.027644230769230768