2 0.7524038461538461 0.7247596153846154 0.03245192307692308 0.036057692307692304
3 0.9194711538461539 0.7163461538461539 0.037259615384615384 0.04326923076923077
2 0.5432692307692307 0.9819711538461539 0.038461538461538464 0.03125
2 0.5168269230769231 0.9735576923076923 0.03365384615384615 0.040865384615384616
2 0.2776442307692308 0.8930288461538461 0.030048076923076924 0.03485576923076923
2 0.30288461538461536 0.9110576923076923 0.026442307692307692 0.028846153846153848
2 0.31490384615384615 0.9447115384615384 0.021634615384615384 0.021634615384615384
2 0.2932692307692308 0.9399038461538461 0.026442307692307692 0.030048076923076924
2 0.33052884615384615 0.8064903846153846 0.025240384615384616 0.03125
2 0.42788461538461536 0.7620192307692307 0.02403846153846154 0.026442307692307692
2 0.9459134615384616 0.7331730769230769 0.026442307692307692 0.03125
3 0.13221153846153846 0.9194711538461539 0.019230769230769232 0.03485576923076923
2 0.10336538461538461 0.9182692307692307 0.014423076923076924 0.03365384615384615
2 0.12620192307692307 0.9591346153846154 0.026442307692307692 0.03485576923076923
2 0.5480769230769231 0.5192307692307693 0.02283653846153846 0.030048076923076924
2 0.1622596153846154 0.9002403846153846 0.028846153846153848 0.030048076923076924
2 0.20072115384615385 0.9302884615384616 0.03125 0.028846153846153848