2 0.5432692307692307 0.9819711538461539 0.04567307692307692 0.03485576923076923
2 0.5432692307692307 0.9495192307692307 0.042067307692307696 0.037259615384615384
2 0.6947115384615384 0.9555288461538461 0.04807692307692308 0.07932692307692307
2 0.6658653846153846 0.8894230769230769 0.055288461538461536 0.07692307692307693
2 0.3954326923076923 0.9026442307692307 0.054086538461538464 0.12740384615384615
2 0.546875 0.8774038461538461 0.057692307692307696 0.10697115384615384
2 0.5288461538461539 0.7680288461538461 0.06129807692307692 0.08173076923076923
2 0.5865384615384616 0.43028846153846156 0.046875 0.057692307692307696
2 0.6706730769230769 0.6887019230769231 0.06009615384615385 0.0829326923076923
2 0.5240384615384616 0.6586538461538461 0.051682692307692304 0.0829326923076923
2 0.49158653846153844 0.6995192307692307 0.051682692307692304 0.07692307692307693
2 0.4326923076923077 0.7211538461538461 0.056490384615384616 0.09254807692307693
2 0.5084134615384616 0.6021634615384616 0.025240384615384616 0.06129807692307692
2 0.5745192307692307 0.5360576923076923 0.039663461538461536 0.055288461538461536
2 0.5252403846153846 0.546875 0.04326923076923077 0.06129807692307692
2 0.484375 0.5456730769230769 0.04326923076923077 0.0733173076923077
2 0.5060096153846154 0.4519230769230769 0.03485576923076923 0.042067307692307696
2 0.46033653846153844 0.4579326923076923 0.037259615384615384 0.042067307692307696
2 0.45072115384615385 0.4987980769230769 0.03365384615384615 0.054086538461538464
2 0.4483173076923077 0.42908653846153844 0.04447115384615385 0.046875
2 0.4362980769230769 0.6081730769230769 0.054086538461538464 0.07692307692307693
2 0.42427884615384615 0.578125 0.05889423076923077 0.057692307692307696
2 0.3137019230769231 0.6298076923076923 0.046875 0.06610576923076923
2 0.1814903846153846 0.5961538461538461 0.05048076923076923 0.07692307692307693
2 0.22596153846153846 0.6274038461538461 0.039663461538461536 0.05048076923076923
2 0.054086538461538464 0.7115384615384616 0.05889423076923077 0.06490384615384616
2 0.2932692307692308 0.359375 0.030048076923076924 0.051682692307692304
2 0.12139423076923077 0.609375 0.05048076923076923 0.06370192307692307
2 0.030048076923076924 0.6165865384615384 0.051682692307692304 0.06370192307692307
2 0.22596153846153846 0.546875 0.039663461538461536 0.06129807692307692
2 0.37259615384615385 0.49038461538461536 0.040865384615384616 0.04567307692307692
2 0.36899038461538464 0.5492788461538461 0.042067307692307696 0.06009615384615385
2 0.28725961538461536 0.4963942307692308 0.039663461538461536 0.05889423076923077
2 0.31971153846153844 0.5108173076923077 0.038461538461538464 0.04326923076923077
2 0.29447115384615385 0.5516826923076923 0.039663461538461536 0.05048076923076923
2 0.24879807692307693 0.4963942307692308 0.039663461538461536 0.052884615384615384
2 0.34615384615384615 0.46875 0.037259615384615384 0.055288461538461536
2 0.3545673076923077 0.41225961538461536 0.039663461538461536 0.06129807692307692
2 0.16947115384615385 0.4795673076923077 0.040865384615384616 0.052884615384615384
2 0.15865384615384615 0.41586538461538464 0.028846153846153848 0.055288461538461536
2 0.09134615384615384 0.4675480769230769 0.038461538461538464 0.05889423076923077
2 0.04807692307692308 0.5168269230769231 0.04326923076923077 0.06850961538461539
2 0.8533653846153846 0.6875 0.052884615384615384 0.0889423076923077
2 0.7151442307692307 0.6153846153846154 0.04447115384615385 0.0625
2 0.6550480769230769 0.4483173076923077 0.04326923076923077 0.06009615384615385
2 0.7379807692307693 0.5552884615384616 0.05048076923076923 0.06850961538461539
2 0.6899038461538461 0.5516826923076923 0.055288461538461536 0.06129807692307692
2 0.7259615384615384 0.4483173076923077 0.040865384615384616 0.06009615384615385
2 0.8701923076923077 0.4110576923076923 0.04567307692307692 0.055288461538461536
3 0.9579326923076923 0.8173076923076923 0.0829326923076923 0.18870192307692307
3 0.8137019230769231 0.4074519230769231 0.08052884615384616 0.11658653846153846
2 0.8413461538461539 0.5877403846153846 0.038461538461538464 0.04326923076923077
2 0.6418269230769231 0.5877403846153846 0.051682692307692304 0.056490384615384616
2 0.5889423076923077 0.2283653846153846 0.025240384615384616 0.037259615384615384
2 0.3581730769230769 0.2536057692307692 0.03485576923076923 0.046875
2 0.41346153846153844 0.171875 0.03245192307692308 0.04807692307692308
2 0.5384615384615384 0.26322115384615385 0.03485576923076923 0.04447115384615385
2 0.4699519230769231 0.24519230769230768 0.03365384615384615 0.039663461538461536
2 0.7055288461538461 0.265625 0.037259615384615384 0.05889423076923077