2 0.29086538461538464 0.5132211538461539 0.02403846153846154 0.03485576923076923
2 0.29927884615384615 0.484375 0.027644230769230768 0.02403846153846154
2 0.6983173076923077 0.65625 0.05048076923076923 0.05889423076923077
2 0.35697115384615385 0.4879807692307692 0.028846153846153848 0.030048076923076924
2 0.5348557692307693 0.6478365384615384 0.05048076923076923 0.07211538461538461
2 0.6394230769230769 0.7175480769230769 0.07091346153846154 0.08413461538461539
3 0.3701923076923077 0.4098557692307692 0.055288461538461536 0.06370192307692307
0 0.5925480769230769 0.46153846153846156 0.04927884615384615 0.07572115384615384
2 0.6887019230769231 0.5348557692307693 0.04927884615384615 0.0625
2 0.7151442307692307 0.47596153846153844 0.042067307692307696 0.04807692307692308
2 0.6802884615384616 0.5 0.039663461538461536 0.040865384615384616
2 0.6454326923076923 0.5228365384615384 0.037259615384615384 0.037259615384615384
2 0.6334134615384616 0.453125 0.03485576923076923 0.04807692307692308
2 0.6454326923076923 0.4951923076923077 0.038461538461538464 0.040865384615384616
2 0.6153846153846154 0.6165865384615384 0.04567307692307692 0.036057692307692304
2 0.578125 0.6358173076923077 0.037259615384615384 0.056490384615384616
2 0.4254807692307692 0.45913461538461536 0.03485576923076923 0.046875
2 0.4723557692307692 0.45913461538461536 0.039663461538461536 0.038461538461538464
2 0.35336538461538464 0.6670673076923077 0.04807692307692308 0.06490384615384616
2 0.3581730769230769 0.5901442307692307 0.037259615384615384 0.040865384615384616
2 0.3557692307692308 0.5564903846153846 0.036057692307692304 0.056490384615384616
2 0.39903846153846156 0.4567307692307692 0.03125 0.027644230769230768
2 0.7548076923076923 0.5817307692307693 0.05889423076923077 0.07211538461538461
2 0.7439903846153846 0.7079326923076923 0.06129807692307692 0.08052884615384616
2 0.4807692307692308 0.41947115384615385 0.03365384615384615 0.046875
2 0.5372596153846154 0.6045673076923077 0.04326923076923077 0.05048076923076923
2 0.5120192307692307 0.42908653846153844 0.03365384615384615 0.040865384615384616
2 0.8209134615384616 0.8028846153846154 0.07451923076923077 0.12740384615384615
2 0.6862980769230769 0.9350961538461539 0.056490384615384616 0.09254807692307693
2 0.9699519230769231 0.9579326923076923 0.055288461538461536 0.07932692307692307
2 0.9038461538461539 0.7716346153846154 0.06610576923076923 0.06490384615384616
2 0.7536057692307693 0.9699519230769231 0.056490384615384616 0.05889423076923077