0 0.9194711538461539 0.2091346153846154 0.036057692307692304 0.036057692307692304
0 0.9855769230769231 0.4254807692307692 0.02403846153846154 0.08173076923076923
0 0.21153846153846154 0.9230769230769231 0.11057692307692307 0.14903846153846154
0 0.33653846153846156 0.9002403846153846 0.046875 0.08533653846153846
0 0.5240384615384616 0.8100961538461539 0.051682692307692304 0.09014423076923077
0 0.48677884615384615 0.7139423076923077 0.03485576923076923 0.052884615384615384
0 0.40024038461538464 0.6117788461538461 0.040865384615384616 0.06850961538461539
0 0.23677884615384615 0.7067307692307693 0.03125 0.04807692307692308
0 0.22235576923076922 0.5685096153846154 0.03365384615384615 0.05048076923076923
0 0.2283653846153846 0.48677884615384615 0.028846153846153848 0.040865384615384616
0 0.3016826923076923 0.40625 0.025240384615384616 0.04447115384615385
0 0.8521634615384616 0.22596153846153846 0.06009615384615385 0.0673076923076923
0 0.9543269230769231 0.5108173076923077 0.04447115384615385 0.10817307692307693