2 0.8677884615384616 0.7668269230769231 0.07932692307692307 0.11177884615384616
1 0.921875 0.5300480769230769 0.11658653846153846 0.08052884615384616
2 0.9627403846153846 0.3473557692307692 0.06971153846153846 0.10336538461538461
2 0.6778846153846154 0.6189903846153846 0.14182692307692307 0.203125
2 0.7560096153846154 0.6310096153846154 0.08533653846153846 0.1466346153846154
2 0.7584134615384616 0.765625 0.109375 0.12860576923076922
2 0.9302884615384616 0.6658653846153846 0.054086538461538464 0.0625
2 0.27163461538461536 0.28365384615384615 0.04807692307692308 0.06850961538461539
2 0.42427884615384615 0.33413461538461536 0.04807692307692308 0.08052884615384616
2 0.39903846153846156 0.9002403846153846 0.10096153846153846 0.19471153846153846
2 0.3737980769230769 0.3786057692307692 0.05048076923076923 0.08052884615384616
2 0.35096153846153844 0.3293269230769231 0.056490384615384616 0.07692307692307693
2 0.3112980769230769 0.3942307692307692 0.06129807692307692 0.06971153846153846
2 0.07211538461538461 0.41346153846153844 0.06610576923076923 0.07451923076923077
2 0.20673076923076922 0.3894230769230769 0.046875 0.04447115384615385
2 0.2091346153846154 0.4182692307692308 0.05048076923076923 0.0625
2 0.21995192307692307 0.44350961538461536 0.056490384615384616 0.046875
2 0.9338942307692307 0.19471153846153846 0.054086538461538464 0.06610576923076923
2 0.9399038461538461 0.25841346153846156 0.052884615384615384 0.0673076923076923