3 0.44350961538461536 0.7139423076923077 0.04447115384615385 0.057692307692307696
3 0.11658653846153846 0.7079326923076923 0.04927884615384615 0.0733173076923077
3 0.23076923076923078 0.5504807692307693 0.04447115384615385 0.04807692307692308
2 0.09735576923076923 0.5324519230769231 0.030048076923076924 0.030048076923076924
2 0.11538461538461539 0.5564903846153846 0.037259615384615384 0.03365384615384615
2 0.06971153846153846 0.5492788461538461 0.038461538461538464 0.04447115384615385
2 0.1310096153846154 0.859375 0.04326923076923077 0.04927884615384615
2 0.6730769230769231 0.6177884615384616 0.03485576923076923 0.03365384615384615
2 0.6418269230769231 0.6838942307692307 0.04326923076923077 0.04807692307692308
2 0.5492788461538461 0.6754807692307693 0.042067307692307696 0.036057692307692304
2 0.4543269230769231 0.7800480769230769 0.042067307692307696 0.04326923076923077
2 0.49399038461538464 0.734375 0.036057692307692304 0.042067307692307696
2 0.3786057692307692 0.6935096153846154 0.03485576923076923 0.03245192307692308
2 0.3389423076923077 0.7391826923076923 0.038461538461538464 0.03365384615384615
2 0.34375 0.7932692307692307 0.036057692307692304 0.046875
2 0.4387019230769231 0.8209134615384616 0.040865384615384616 0.04567307692307692
2 0.3786057692307692 0.8605769230769231 0.046875 0.04807692307692308
2 0.028846153846153848 0.9182692307692307 0.038461538461538464 0.05048076923076923
3 0.2439903846153846 0.7247596153846154 0.051682692307692304 0.054086538461538464
2 0.28365384615384615 0.6947115384615384 0.038461538461538464 0.04326923076923077
2 0.26322115384615385 0.8016826923076923 0.038461538461538464 0.04447115384615385
2 0.21514423076923078 0.8581730769230769 0.04567307692307692 0.04326923076923077
2 0.0673076923076923 0.8329326923076923 0.039663461538461536 0.04326923076923077
2 0.33774038461538464 0.7151442307692307 0.036057692307692304 0.026442307692307692
3 0.203125 0.8161057692307693 0.06129807692307692 0.042067307692307696
2 0.5564903846153846 0.7019230769230769 0.03245192307692308 0.021634615384615384
2 0.5360576923076923 0.7415865384615384 0.03245192307692308 0.051682692307692304
2 0.4543269230769231 0.5793269230769231 0.03365384615384615 0.030048076923076924
2 0.042067307692307696 0.7632211538461539 0.037259615384615384 0.040865384615384616
2 0.10336538461538461 0.765625 0.04326923076923077 0.03485576923076923
2 0.4026442307692308 0.6322115384615384 0.042067307692307696 0.05048076923076923
3 0.171875 0.7355769230769231 0.03245192307692308 0.039663461538461536
3 0.9867788461538461 0.7079326923076923 0.021634615384615384 0.06009615384615385
2 0.9699519230769231 0.6682692307692307 0.04567307692307692 0.054086538461538464
2 0.7331730769230769 0.5072115384615384 0.042067307692307696 0.042067307692307696
2 0.7199519230769231 0.5853365384615384 0.05048076923076923 0.05048076923076923