3 0.5925480769230769 0.9675480769230769 0.09735576923076923 0.06370192307692307
2 0.6382211538461539 0.6887019230769231 0.04447115384615385 0.06971153846153846
2 0.6935096153846154 0.8004807692307693 0.046875 0.0889423076923077
2 0.640625 0.7896634615384616 0.057692307692307696 0.078125
2 0.6514423076923077 0.8629807692307693 0.0625 0.08052884615384616
2 0.5733173076923077 0.8882211538461539 0.04927884615384615 0.08413461538461539
2 0.53125 0.8737980769230769 0.05048076923076923 0.06490384615384616
2 0.46875 0.953125 0.04807692307692308 0.07692307692307693
3 0.44471153846153844 0.7824519230769231 0.0889423076923077 0.1310096153846154
0 0.8725961538461539 0.8545673076923077 0.09014423076923077 0.1658653846153846
2 0.9591346153846154 0.9302884615384616 0.06129807692307692 0.08653846153846154
0 0.6983173076923077 0.9230769230769231 0.021634615384615384 0.052884615384615384
2 0.46153846153846156 0.4795673076923077 0.03125 0.046875
2 0.8413461538461539 0.5276442307692307 0.036057692307692304 0.055288461538461536
2 0.7728365384615384 0.5288461538461539 0.039663461538461536 0.05048076923076923
3 0.6346153846153846 0.40384615384615385 0.038461538461538464 0.052884615384615384