3 0.8774038461538461 0.3389423076923077 0.051682692307692304 0.057692307692307696
3 0.37740384615384615 0.21514423076923078 0.038461538461538464 0.04447115384615385
0 0.5204326923076923 0.9326923076923077 0.0625 0.1045673076923077
0 0.5817307692307693 0.9711538461538461 0.046875 0.046875
0 0.5949519230769231 0.8894230769230769 0.06850961538461539 0.11177884615384616
0 0.6009615384615384 0.7848557692307693 0.046875 0.09134615384615384
0 0.6490384615384616 0.7932692307692307 0.04927884615384615 0.10336538461538461
0 0.7824519230769231 0.7596153846153846 0.04326923076923077 0.09735576923076923
0 0.4855769230769231 0.5408653846153846 0.042067307692307696 0.08173076923076923
0 0.5228365384615384 0.3786057692307692 0.039663461538461536 0.07211538461538461
0 0.46274038461538464 0.2860576923076923 0.040865384615384616 0.042067307692307696
0 0.46033653846153844 0.34615384615384615 0.05048076923076923 0.0889423076923077
0 0.3088942307692308 0.23317307692307693 0.04326923076923077 0.08173076923076923
0 0.19230769230769232 0.18269230769230768 0.04326923076923077 0.0625