0 0.33413461538461536 0.27524038461538464 0.04567307692307692 0.06370192307692307
2 0.6826923076923077 0.5973557692307693 0.056490384615384616 0.06009615384615385
3 0.5853365384615384 0.9867788461538461 0.025240384615384616 0.025240384615384616
3 0.4170673076923077 0.8990384615384616 0.09254807692307693 0.17548076923076922
3 0.34615384615384615 0.9807692307692307 0.04807692307692308 0.03365384615384615
3 0.2403846153846154 0.9675480769230769 0.07692307692307693 0.06009615384615385
3 0.14903846153846154 0.9098557692307693 0.14182692307692307 0.1778846153846154
3 0.23918269230769232 0.6850961538461539 0.08413461538461539 0.1045673076923077
3 0.2956730769230769 0.7764423076923077 0.06610576923076923 0.14182692307692307
3 0.3641826923076923 0.6129807692307693 0.11177884615384616 0.20432692307692307
3 0.3557692307692308 0.35697115384615385 0.09615384615384616 0.17427884615384615
3 0.4639423076923077 0.2692307692307692 0.07692307692307693 0.12139423076923077
3 0.3894230769230769 0.24519230769230768 0.07211538461538461 0.06610576923076923
3 0.4483173076923077 0.1778846153846154 0.06610576923076923 0.08653846153846154
3 0.5252403846153846 0.1045673076923077 0.04807692307692308 0.04807692307692308
3 0.15985576923076922 0.38221153846153844 0.11298076923076923 0.140625
1 0.4338942307692308 0.5048076923076923 0.078125 0.24519230769230768