1 0.5588942307692307 0.8413461538461539 0.1141826923076923 0.0985576923076923
2 0.9759615384615384 0.8161057692307693 0.04326923076923077 0.13221153846153846
2 0.8786057692307693 0.4266826923076923 0.056490384615384616 0.0625
2 0.8858173076923077 0.4723557692307692 0.04567307692307692 0.04927884615384615
2 0.8810096153846154 0.5024038461538461 0.04567307692307692 0.051682692307692304
2 0.7163461538461539 0.5288461538461539 0.0625 0.08533653846153846
2 0.5961538461538461 0.4182692307692308 0.06490384615384616 0.08653846153846154
2 0.5973557692307693 0.5853365384615384 0.046875 0.08052884615384616
2 0.5564903846153846 0.6237980769230769 0.051682692307692304 0.08653846153846154
2 0.6838942307692307 0.6610576923076923 0.06971153846153846 0.10576923076923077
2 0.7512019230769231 0.6478365384615384 0.057692307692307696 0.0673076923076923
2 0.8449519230769231 0.7944711538461539 0.0733173076923077 0.09495192307692307
2 0.7872596153846154 0.8569711538461539 0.08052884615384616 0.0985576923076923
2 0.5817307692307693 0.9314903846153846 0.09134615384615384 0.13221153846153846
2 0.44350961538461536 0.9038461538461539 0.07211538461538461 0.13221153846153846
2 0.4266826923076923 0.5072115384615384 0.036057692307692304 0.046875
2 0.8569711538461539 0.23918269230769232 0.03485576923076923 0.057692307692307696
2 0.6911057692307693 0.2848557692307692 0.03365384615384615 0.046875
2 0.7271634615384616 0.27283653846153844 0.038461538461538464 0.051682692307692304
2 0.3137019230769231 0.5 0.04447115384615385 0.0673076923076923
2 0.35216346153846156 0.45072115384615385 0.039663461538461536 0.06490384615384616
2 0.20192307692307693 0.44711538461538464 0.04927884615384615 0.06850961538461539
2 0.08173076923076923 0.5913461538461539 0.04326923076923077 0.06009615384615385
2 0.036057692307692304 0.7764423076923077 0.06129807692307692 0.08413461538461539
2 0.11778846153846154 0.6454326923076923 0.052884615384615384 0.08052884615384616
2 0.13341346153846154 0.38822115384615385 0.042067307692307696 0.07211538461538461