2 0.8870192307692307 0.35216346153846156 0.0829326923076923 0.1045673076923077
2 0.6995192307692307 0.1201923076923077 0.05889423076923077 0.06971153846153846
2 0.6862980769230769 0.5673076923076923 0.06370192307692307 0.0829326923076923
2 0.5444711538461539 0.48197115384615385 0.046875 0.07932692307692307
2 0.8028846153846154 0.171875 0.0673076923076923 0.06971153846153846
2 0.49158653846153844 0.39903846153846156 0.03125 0.046875
2 0.5096153846153846 0.7211538461538461 0.06850961538461539 0.11778846153846154
2 0.3293269230769231 0.6850961538461539 0.052884615384615384 0.09495192307692307
2 0.43990384615384615 0.359375 0.03245192307692308 0.057692307692307696
2 0.9663461538461539 0.7175480769230769 0.055288461538461536 0.09495192307692307
2 0.6694711538461539 0.6550480769230769 0.06490384615384616 0.0985576923076923
2 0.3112980769230769 0.2620192307692308 0.037259615384615384 0.04447115384615385
2 0.24519230769230768 0.4206730769230769 0.038461538461538464 0.055288461538461536