2 0.30649038461538464 0.30528846153846156 0.03245192307692308 0.03485576923076923
0 0.6045673076923077 0.421875 0.025240384615384616 0.07451923076923077
0 0.6322115384615384 0.08173076923076923 0.030048076923076924 0.037259615384615384
1 0.7223557692307693 0.24759615384615385 0.06129807692307692 0.22716346153846154
2 0.9735576923076923 0.4699519230769231 0.051682692307692304 0.04807692307692308
2 0.21754807692307693 0.17307692307692307 0.05889423076923077 0.039663461538461536
2 0.27163461538461536 0.32091346153846156 0.046875 0.038461538461538464
2 0.2848557692307692 0.2764423076923077 0.04567307692307692 0.038461538461538464
3 0.22956730769230768 0.6682692307692307 0.10336538461538461 0.14903846153846154
3 0.3545673076923077 0.5757211538461539 0.07932692307692307 0.10096153846153846
3 0.2620192307692308 0.46153846153846156 0.06370192307692307 0.06971153846153846
3 0.16346153846153846 0.21394230769230768 0.039663461538461536 0.06370192307692307
3 0.14543269230769232 0.08052884615384616 0.05048076923076923 0.06971153846153846
3 0.32572115384615385 0.20192307692307693 0.037259615384615384 0.04927884615384615
3 0.27403846153846156 0.15985576923076922 0.04567307692307692 0.06129807692307692
3 0.3401442307692308 0.33533653846153844 0.046875 0.06129807692307692
3 0.359375 0.41947115384615385 0.07932692307692307 0.10576923076923077
2 0.33052884615384615 0.23798076923076922 0.056490384615384616 0.10096153846153846
2 0.3737980769230769 0.15865384615384615 0.051682692307692304 0.04567307692307692
3 0.5264423076923077 0.41346153846153844 0.07091346153846154 0.06850961538461539
3 0.5805288461538461 0.49278846153846156 0.06610576923076923 0.1045673076923077
3 0.46153846153846156 0.53125 0.10576923076923077 0.10697115384615384
3 0.43149038461538464 0.6298076923076923 0.09975961538461539 0.12980769230769232
3 0.5036057692307693 0.7319711538461539 0.1045673076923077 0.15985576923076922
3 0.5192307692307693 0.6069711538461539 0.09495192307692307 0.078125
3 0.6153846153846154 0.703125 0.10697115384615384 0.16706730769230768
3 0.65625 0.5805288461538461 0.06129807692307692 0.16346153846153846
3 0.6923076923076923 0.5216346153846154 0.08774038461538461 0.17307692307692307
3 0.6622596153846154 0.2848557692307692 0.0985576923076923 0.15144230769230768
3 0.6141826923076923 0.18629807692307693 0.03485576923076923 0.1466346153846154
3 0.4987980769230769 0.13341346153846154 0.078125 0.15504807692307693
3 0.671875 0.8882211538461539 0.12259615384615384 0.22235576923076922
3 0.7235576923076923 0.8257211538461539 0.09615384615384616 0.1814903846153846
3 0.8665865384615384 0.7211538461538461 0.11899038461538461 0.18509615384615385
3 0.8521634615384616 0.8629807692307693 0.08413461538461539 0.109375
3 0.9278846153846154 0.9146634615384616 0.07211538461538461 0.0889423076923077
3 0.9290865384615384 0.8076923076923077 0.054086538461538464 0.13822115384615385
3 0.6574519230769231 0.10336538461538461 0.08533653846153846 0.11298076923076923
3 0.7560096153846154 0.08052884615384616 0.06370192307692307 0.08533653846153846
3 0.6887019230769231 0.042067307692307696 0.0625 0.046875