2 0.1622596153846154 0.4651442307692308 0.036057692307692304 0.055288461538461536
2 0.31009615384615385 0.5829326923076923 0.03485576923076923 0.056490384615384616
3 0.59375 0.47836538461538464 0.06009615384615385 0.09254807692307693
3 0.5685096153846154 0.24759615384615385 0.04927884615384615 0.07932692307692307
2 0.8918269230769231 0.7560096153846154 0.04447115384615385 0.06850961538461539
2 0.8485576923076923 0.7415865384615384 0.036057692307692304 0.06129807692307692
2 0.9783653846153846 0.8125 0.042067307692307696 0.078125
2 0.9807692307692307 0.7235576923076923 0.03365384615384615 0.0673076923076923
2 0.7872596153846154 0.5673076923076923 0.038461538461538464 0.057692307692307696
2 0.859375 0.4807692307692308 0.03485576923076923 0.04326923076923077
2 0.8461538461538461 0.44471153846153844 0.03125 0.054086538461538464
2 0.7043269230769231 0.8353365384615384 0.05889423076923077 0.07091346153846154
2 0.6550480769230769 0.7776442307692307 0.038461538461538464 0.051682692307692304
2 0.7259615384615384 0.5709134615384616 0.038461538461538464 0.055288461538461536
2 0.7247596153846154 0.7620192307692307 0.051682692307692304 0.0829326923076923
2 0.6959134615384616 0.2536057692307692 0.039663461538461536 0.051682692307692304
2 0.609375 0.2548076923076923 0.03365384615384615 0.039663461538461536
2 0.6346153846153846 0.9675480769230769 0.06610576923076923 0.06370192307692307
2 0.41947115384615385 0.90625 0.04447115384615385 0.08533653846153846
2 0.5709134615384616 0.8088942307692307 0.04567307692307692 0.0733173076923077
2 0.3581730769230769 0.10817307692307693 0.027644230769230768 0.030048076923076924
2 0.2776442307692308 0.09735576923076923 0.02283653846153846 0.03365384615384615
2 0.40865384615384615 0.125 0.027644230769230768 0.03365384615384615
2 0.5264423076923077 0.14423076923076922 0.027644230769230768 0.036057692307692304
2 0.5396634615384616 0.16826923076923078 0.021634615384615384 0.03365384615384615
2 0.5012019230769231 0.25721153846153844 0.02403846153846154 0.03125
2 0.46634615384615385 0.22355769230769232 0.025240384615384616 0.03125
2 0.4519230769230769 0.25240384615384615 0.025240384615384616 0.037259615384615384
2 0.46033653846153844 0.31971153846153844 0.036057692307692304 0.04326923076923077
2 0.49278846153846156 0.3269230769230769 0.028846153846153848 0.038461538461538464
2 0.04326923076923077 0.34975961538461536 0.030048076923076924 0.037259615384615384
2 0.030048076923076924 0.2932692307692308 0.03245192307692308 0.03485576923076923
2 0.16706730769230768 0.2776442307692308 0.03485576923076923 0.039663461538461536
2 0.12620192307692307 0.22596153846153846 0.03485576923076923 0.03125
2 0.20793269230769232 0.2860576923076923 0.025240384615384616 0.03245192307692308
2 0.31971153846153844 0.22235576923076922 0.030048076923076924 0.030048076923076924
2 0.3557692307692308 0.24278846153846154 0.02403846153846154 0.030048076923076924
2 0.22235576923076922 0.16706730769230768 0.019230769230769232 0.03245192307692308
2 0.24639423076923078 0.2403846153846154 0.027644230769230768 0.030048076923076924
2 0.2608173076923077 0.203125 0.03365384615384615 0.038461538461538464
2 0.29086538461538464 0.3233173076923077 0.036057692307692304 0.040865384615384616
2 0.3401442307692308 0.3545673076923077 0.03365384615384615 0.04567307692307692
2 0.42788461538461536 0.38822115384615385 0.03485576923076923 0.054086538461538464
2 0.328125 0.28966346153846156 0.019230769230769232 0.03365384615384615
2 0.35336538461538464 0.2980769230769231 0.028846153846153848 0.03245192307692308
2 0.3918269230769231 0.30528846153846156 0.03245192307692308 0.040865384615384616
2 0.3161057692307692 0.265625 0.021634615384615384 0.03485576923076923
2 0.15985576923076922 0.32091346153846156 0.026442307692307692 0.03485576923076923
2 0.21514423076923078 0.3269230769230769 0.025240384615384616 0.038461538461538464
2 0.27884615384615385 0.38822115384615385 0.03365384615384615 0.04567307692307692
2 0.31850961538461536 0.3798076923076923 0.03245192307692308 0.040865384615384616
2 0.08413461538461539 0.46033653846153844 0.037259615384615384 0.04326923076923077
2 0.20552884615384615 0.4375 0.038461538461538464 0.051682692307692304
2 0.23798076923076922 0.4699519230769231 0.040865384615384616 0.057692307692307696
2 0.21033653846153846 0.5745192307692307 0.04567307692307692 0.05889423076923077
2 0.203125 0.6346153846153846 0.04326923076923077 0.05048076923076923
2 0.24759615384615385 0.53125 0.03125 0.054086538461538464
2 0.328125 0.4699519230769231 0.036057692307692304 0.052884615384615384
2 0.33413461538461536 0.4182692307692308 0.037259615384615384 0.04447115384615385
2 0.3233173076923077 0.5048076923076923 0.02403846153846154 0.021634615384615384
2 0.31850961538461536 0.5336538461538461 0.028846153846153848 0.03365384615384615
2 0.2692307692307692 0.5492788461538461 0.030048076923076924 0.052884615384615384
2 0.34375 0.6706730769230769 0.040865384615384616 0.05889423076923077
2 0.3605769230769231 0.6153846153846154 0.03365384615384615 0.042067307692307696
2 0.3942307692307692 0.6346153846153846 0.04567307692307692 0.06850961538461539
2 0.4362980769230769 0.6490384615384616 0.036057692307692304 0.06129807692307692
2 0.5060096153846154 0.6334134615384616 0.037259615384615384 0.06850961538461539
2 0.5060096153846154 0.5492788461538461 0.036057692307692304 0.06490384615384616
2 0.4807692307692308 0.6454326923076923 0.030048076923076924 0.06850961538461539
2 0.03485576923076923 0.6706730769230769 0.052884615384615384 0.06610576923076923
2 0.06850961538461539 0.7572115384615384 0.037259615384615384 0.06850961538461539
2 0.4639423076923077 0.7716346153846154 0.04927884615384615 0.07932692307692307
2 0.3942307692307692 0.7752403846153846 0.038461538461538464 0.078125
2 0.47475961538461536 0.1141826923076923 0.025240384615384616 0.03485576923076923
2 0.40384615384615385 0.5144230769230769 0.03485576923076923 0.046875
2 0.5540865384615384 0.3557692307692308 0.028846153846153848 0.03365384615384615
2 0.875 0.6610576923076923 0.04447115384615385 0.06009615384615385
2 0.5456730769230769 0.39903846153846156 0.03365384615384615 0.042067307692307696
2 0.25600961538461536 0.28966346153846156 0.030048076923076924 0.03365384615384615