2 0.9795673076923077 0.26322115384615385 0.039663461538461536 0.09735576923076923
2 0.5841346153846154 0.22716346153846154 0.042067307692307696 0.055288461538461536
2 0.5408653846153846 0.21754807692307693 0.054086538461538464 0.04447115384615385
2 0.75 0.5228365384615384 0.06850961538461539 0.07451923076923077
2 0.703125 0.7151442307692307 0.0829326923076923 0.125
2 0.6033653846153846 0.5841346153846154 0.04447115384615385 0.08052884615384616
2 0.30288461538461536 0.6658653846153846 0.08173076923076923 0.10216346153846154
2 0.19471153846153846 0.6358173076923077 0.05048076923076923 0.08413461538461539
3 0.3870192307692308 0.44471153846153844 0.09495192307692307 0.10817307692307693
3 0.4675480769230769 0.33413461538461536 0.09735576923076923 0.09735576923076923
2 0.18990384615384615 0.5036057692307693 0.04447115384615385 0.046875
2 0.49278846153846156 0.41466346153846156 0.039663461538461536 0.06009615384615385
2 0.49038461538461536 0.8389423076923077 0.030048076923076924 0.054086538461538464