0 0.8701923076923077 0.671875 0.025240384615384616 0.03485576923076923
0 0.9423076923076923 0.5673076923076923 0.02403846153846154 0.03485576923076923
0 0.8822115384615384 0.6009615384615384 0.020432692307692308 0.040865384615384616
0 0.8149038461538461 0.6262019230769231 0.019230769230769232 0.036057692307692304
0 0.6153846153846154 0.5985576923076923 0.025240384615384616 0.037259615384615384
0 0.6935096153846154 0.6454326923076923 0.03485576923076923 0.056490384615384616
0 0.5612980769230769 0.8966346153846154 0.09014423076923077 0.15504807692307693
0 0.38822115384615385 0.8701923076923077 0.04927884615384615 0.09014423076923077
0 0.4831730769230769 0.6033653846153846 0.056490384615384616 0.1045673076923077
0 0.43990384615384615 0.5985576923076923 0.03125 0.0733173076923077
0 0.36899038461538464 0.6310096153846154 0.078125 0.11177884615384616
0 0.30408653846153844 0.6310096153846154 0.055288461538461536 0.0889423076923077
0 0.40384615384615385 0.34615384615384615 0.016826923076923076 0.03485576923076923
0 0.3137019230769231 0.2824519230769231 0.025240384615384616 0.04447115384615385
0 0.08173076923076923 0.3870192307692308 0.04326923076923077 0.06610576923076923
0 0.5060096153846154 0.45072115384615385 0.025240384615384616 0.038461538461538464
0 0.5805288461538461 0.45913461538461536 0.02283653846153846 0.04567307692307692
0 0.53125 0.5084134615384616 0.016826923076923076 0.04447115384615385