2 0.4519230769230769 0.5721153846153846 0.03365384615384615 0.052884615384615384
2 0.8088942307692307 0.5685096153846154 0.051682692307692304 0.036057692307692304
2 0.6670673076923077 0.5564903846153846 0.042067307692307696 0.06129807692307692
2 0.6069711538461539 0.5913461538461539 0.04567307692307692 0.0673076923076923
3 0.96875 0.7716346153846154 0.06129807692307692 0.15384615384615385
2 0.8401442307692307 0.9435096153846154 0.06129807692307692 0.10336538461538461
2 0.7680288461538461 0.7151442307692307 0.052884615384615384 0.057692307692307696
2 0.7091346153846154 0.7043269230769231 0.06850961538461539 0.08653846153846154
2 0.6706730769230769 0.953125 0.0733173076923077 0.09254807692307693
2 0.6069711538461539 0.9326923076923077 0.0733173076923077 0.109375
2 0.6081730769230769 0.7235576923076923 0.054086538461538464 0.078125
2 0.5649038461538461 0.7548076923076923 0.0625 0.08052884615384616
2 0.5132211538461539 0.8197115384615384 0.04567307692307692 0.08653846153846154
2 0.48677884615384615 0.8894230769230769 0.06009615384615385 0.09134615384615384
2 0.453125 0.9603365384615384 0.07451923076923077 0.07451923076923077
2 0.5805288461538461 0.5072115384615384 0.037259615384615384 0.04567307692307692
2 0.7175480769230769 0.44711538461538464 0.03125 0.04326923076923077
2 0.7367788461538461 0.48677884615384615 0.04807692307692308 0.042067307692307696
2 0.6959134615384616 0.47115384615384615 0.03485576923076923 0.054086538461538464
2 0.5540865384615384 0.44591346153846156 0.03365384615384615 0.027644230769230768
2 0.5048076923076923 0.47115384615384615 0.039663461538461536 0.055288461538461536
0 0.3894230769230769 0.36177884615384615 0.03485576923076923 0.052884615384615384