1 0.28725961538461536 0.5276442307692307 0.036057692307692304 0.13221153846153846
2 0.7295673076923077 0.8161057692307693 0.07451923076923077 0.11899038461538461
2 0.5685096153846154 0.6983173076923077 0.055288461538461536 0.08413461538461539
2 0.5913461538461539 0.546875 0.04807692307692308 0.07932692307692307
3 0.5204326923076923 0.5769230769230769 0.0625 0.07451923076923077
3 0.8100961538461539 0.42788461538461536 0.06370192307692307 0.07572115384615384
3 0.9086538461538461 0.4651442307692308 0.08653846153846154 0.0985576923076923
3 0.6262019230769231 0.14182692307692307 0.06610576923076923 0.10817307692307693
3 0.5216346153846154 0.08653846153846154 0.055288461538461536 0.10216346153846154
3 0.15865384615384615 0.7319711538461539 0.08533653846153846 0.125
3 0.06850961538461539 0.7920673076923077 0.09735576923076923 0.140625