2 0.5432692307692307 0.9026442307692307 0.021634615384615384 0.04567307692307692
3 0.7199519230769231 0.6177884615384616 0.02403846153846154 0.04567307692307692
3 0.7548076923076923 0.5829326923076923 0.03245192307692308 0.055288461538461536
3 0.8004807692307693 0.7584134615384616 0.03245192307692308 0.052884615384615384
3 0.7872596153846154 0.9519230769230769 0.04326923076923077 0.07211538461538461
3 0.7451923076923077 0.9194711538461539 0.030048076923076924 0.056490384615384616
3 0.7019230769230769 0.8978365384615384 0.04567307692307692 0.09014423076923077
3 0.5180288461538461 0.9134615384615384 0.03485576923076923 0.06370192307692307
3 0.8197115384615384 0.9038461538461539 0.036057692307692304 0.05889423076923077
3 0.953125 0.6454326923076923 0.03485576923076923 0.056490384615384616
3 0.9146634615384616 0.9098557692307693 0.025240384615384616 0.0625
0 0.3137019230769231 0.6995192307692307 0.037259615384615384 0.052884615384615384