2 0.9254807692307693 0.8894230769230769 0.06009615384615385 0.09615384615384616
2 0.859375 0.5384615384615384 0.05048076923076923 0.06129807692307692
2 0.8737980769230769 0.5901442307692307 0.046875 0.05889423076923077
2 0.8401442307692307 0.6598557692307693 0.04807692307692308 0.06610576923076923
2 0.796875 0.625 0.046875 0.06370192307692307
2 0.6610576923076923 0.7620192307692307 0.04567307692307692 0.07091346153846154
2 0.5540865384615384 0.5865384615384616 0.039663461538461536 0.06971153846153846
3 0.7776442307692307 0.4963942307692308 0.056490384615384616 0.07091346153846154
2 0.6189903846153846 0.7608173076923077 0.028846153846153848 0.042067307692307696
2 0.49158653846153844 0.7956730769230769 0.052884615384615384 0.0733173076923077
2 0.5240384615384616 0.7536057692307693 0.04567307692307692 0.07211538461538461
1 0.6262019230769231 0.6310096153846154 0.040865384615384616 0.04807692307692308
2 0.6538461538461539 0.7896634615384616 0.055288461538461536 0.055288461538461536
2 0.5637019230769231 0.6887019230769231 0.04807692307692308 0.06009615384615385
2 0.5096153846153846 0.5264423076923077 0.036057692307692304 0.042067307692307696
2 0.859375 0.23918269230769232 0.03365384615384615 0.051682692307692304
2 0.36658653846153844 0.4855769230769231 0.025240384615384616 0.046875
2 0.5168269230769231 0.359375 0.027644230769230768 0.04807692307692308
3 0.3161057692307692 0.4723557692307692 0.06610576923076923 0.0733173076923077
2 0.3076923076923077 0.6394230769230769 0.03365384615384615 0.054086538461538464
2 0.33533653846153844 0.6081730769230769 0.040865384615384616 0.0625
2 0.30649038461538464 0.3605769230769231 0.026442307692307692 0.038461538461538464
2 0.328125 0.35216346153846156 0.020432692307692308 0.036057692307692304
2 0.35697115384615385 0.39903846153846156 0.021634615384615384 0.042067307692307696
2 0.11298076923076923 0.47115384615384615 0.027644230769230768 0.04447115384615385
2 0.12379807692307693 0.41346153846153844 0.027644230769230768 0.04447115384615385