3 0.08653846153846154 0.6826923076923077 0.06129807692307692 0.11899038461538461
1 0.2403846153846154 0.4230769230769231 0.0733173076923077 0.07091346153846154
3 0.4206730769230769 0.1045673076923077 0.042067307692307696 0.09495192307692307
3 0.515625 0.1466346153846154 0.06610576923076923 0.09735576923076923
3 0.9555288461538461 0.21754807692307693 0.08052884615384616 0.046875
3 0.7475961538461539 0.42908653846153844 0.07451923076923077 0.09615384615384616
3 0.6682692307692307 0.4050480769230769 0.05889423076923077 0.06129807692307692
3 0.3641826923076923 0.5540865384615384 0.05048076923076923 0.0625
2 0.4519230769230769 0.5132211538461539 0.040865384615384616 0.0733173076923077
2 0.41346153846153844 0.6370192307692307 0.04927884615384615 0.07572115384615384
2 0.515625 0.7379807692307693 0.06370192307692307 0.10216346153846154
2 0.8786057692307693 0.7307692307692307 0.08173076923076923 0.0889423076923077
3 0.8521634615384616 0.42427884615384615 0.0829326923076923 0.06850961538461539