2 0.6766826923076923 0.3762019230769231 0.038461538461538464 0.06129807692307692
2 0.4807692307692308 0.41346153846153844 0.028846153846153848 0.038461538461538464
2 0.5144230769230769 0.4579326923076923 0.036057692307692304 0.052884615384615384
2 0.5661057692307693 0.4699519230769231 0.052884615384615384 0.0829326923076923
2 0.6141826923076923 0.42788461538461536 0.037259615384615384 0.06490384615384616
2 0.8485576923076923 0.6237980769230769 0.06610576923076923 0.09254807692307693
2 0.7908653846153846 0.8882211538461539 0.09254807692307693 0.13822115384615385
2 0.7560096153846154 0.7572115384615384 0.057692307692307696 0.12259615384615384
2 0.7139423076923077 0.7560096153846154 0.054086538461538464 0.09254807692307693
2 0.46033653846153844 0.9483173076923077 0.06009615384615385 0.10096153846153846
2 0.43028846153846156 0.6875 0.04447115384615385 0.052884615384615384
2 0.4723557692307692 0.6153846153846154 0.05048076923076923 0.057692307692307696
2 0.45552884615384615 0.3786057692307692 0.025240384615384616 0.03245192307692308