2 0.28966346153846156 0.5649038461538461 0.021634615384615384 0.03245192307692308
2 0.2980769230769231 0.5384615384615384 0.026442307692307692 0.02403846153846154
3 0.3641826923076923 0.47475961538461536 0.054086538461538464 0.06610576923076923
0 0.5817307692307693 0.5072115384615384 0.04807692307692308 0.06370192307692307
2 0.9399038461538461 0.9411057692307693 0.0733173076923077 0.10216346153846154
2 0.8677884615384616 0.7764423076923077 0.06129807692307692 0.056490384615384616
2 0.7908653846153846 0.8028846153846154 0.06850961538461539 0.10576923076923077
2 0.6814903846153846 0.6778846153846154 0.042067307692307696 0.05889423076923077
2 0.7283653846153846 0.6045673076923077 0.052884615384615384 0.07211538461538461
2 0.6153846153846154 0.49158653846153844 0.03485576923076923 0.04807692307692308
2 0.6959134615384616 0.5132211538461539 0.037259615384615384 0.046875
2 0.6298076923076923 0.5588942307692307 0.03485576923076923 0.040865384615384616
2 0.6658653846153846 0.5625 0.037259615384615384 0.055288461538461536
2 0.6634615384615384 0.5336538461538461 0.030048076923076924 0.03245192307692308
2 0.6298076923076923 0.5300480769230769 0.03125 0.028846153846153848
2 0.5961538461538461 0.6454326923076923 0.051682692307692304 0.030048076923076924
2 0.5216346153846154 0.6754807692307693 0.04326923076923077 0.052884615384615384
2 0.5240384615384616 0.6358173076923077 0.036057692307692304 0.040865384615384616
2 0.5612980769230769 0.6694711538461539 0.03245192307692308 0.042067307692307696
2 0.6237980769230769 0.7355769230769231 0.051682692307692304 0.07451923076923077
2 0.7199519230769231 0.7175480769230769 0.04807692307692308 0.06610576923076923
2 0.6622596153846154 0.9302884615384616 0.051682692307692304 0.07091346153846154
2 0.7295673076923077 0.9699519230769231 0.054086538461538464 0.05889423076923077
2 0.9819711538461539 0.7475961538461539 0.03485576923076923 0.07692307692307693
2 0.41947115384615385 0.515625 0.03125 0.046875
2 0.39663461538461536 0.5072115384615384 0.03125 0.026442307692307692
2 0.4639423076923077 0.5072115384615384 0.03365384615384615 0.03245192307692308
2 0.4699519230769231 0.47596153846153844 0.025240384615384616 0.040865384615384616
2 0.35096153846153844 0.6009615384615384 0.03365384615384615 0.05048076923076923
2 0.3557692307692308 0.6346153846153846 0.038461538461538464 0.042067307692307696
2 0.5024038461538461 0.47475961538461536 0.03125 0.04326923076923077
2 0.9699519230769231 0.5180288461538461 0.04807692307692308 0.056490384615384616