2 0.3629807692307692 0.2620192307692308 0.1141826923076923 0.15865384615384615
2 0.2848557692307692 0.6286057692307693 0.056490384615384616 0.09254807692307693
2 0.1622596153846154 0.4879807692307692 0.06971153846153846 0.11538461538461539
2 0.18509615384615385 0.13221153846153846 0.07451923076923077 0.109375
2 0.4338942307692308 0.4026442307692308 0.08413461538461539 0.12860576923076922
2 0.5516826923076923 0.3954326923076923 0.06971153846153846 0.12860576923076922
2 0.5252403846153846 0.47836538461538464 0.0625 0.109375
2 0.46634615384615385 0.8629807692307693 0.07692307692307693 0.1502403846153846
2 0.057692307692307696 0.7451923076923077 0.0829326923076923 0.14543269230769232
2 0.0829326923076923 0.5805288461538461 0.07572115384615384 0.11899038461538461
3 0.25841346153846156 0.1935096153846154 0.12860576923076922 0.21754807692307693