2 0.3137019230769231 0.4375 0.020432692307692308 0.040865384615384616
2 0.29447115384615385 0.44711538461538464 0.027644230769230768 0.037259615384615384
2 0.10216346153846154 0.5637019230769231 0.03365384615384615 0.04447115384615385
2 0.11177884615384616 0.5132211538461539 0.030048076923076924 0.042067307692307696
2 0.4963942307692308 0.43149038461538464 0.027644230769230768 0.04807692307692308
2 0.31850961538461536 0.6875 0.038461538461538464 0.06370192307692307
2 0.5372596153846154 0.6478365384615384 0.038461538461538464 0.0625
2 0.5072115384615384 0.8161057692307693 0.037259615384615384 0.078125
2 0.6033653846153846 0.8112980769230769 0.03125 0.04567307692307692
3 0.30408653846153844 0.5576923076923077 0.0673076923076923 0.0733173076923077
2 0.6442307692307693 0.8100961538461539 0.04567307692307692 0.0733173076923077
2 0.3545673076923077 0.5612980769230769 0.02403846153846154 0.04447115384615385
2 0.3425480769230769 0.48197115384615385 0.02283653846153846 0.04927884615384615
1 0.41586538461538464 0.7019230769230769 0.03485576923076923 0.08653846153846154
2 0.5444711538461539 0.75 0.04326923076923077 0.055288461538461536
2 0.49278846153846156 0.5949519230769231 0.03365384615384615 0.036057692307692304
2 0.6358173076923077 0.8449519230769231 0.051682692307692304 0.05048076923076923
1 0.6057692307692307 0.6850961538461539 0.038461538461538464 0.05048076923076923
2 0.8221153846153846 0.28846153846153844 0.028846153846153848 0.051682692307692304
2 0.8305288461538461 0.5721153846153846 0.046875 0.051682692307692304
2 0.8485576923076923 0.6262019230769231 0.04567307692307692 0.056490384615384616
2 0.8137019230769231 0.6983173076923077 0.05048076923076923 0.07211538461538461
2 0.7668269230769231 0.6646634615384616 0.04567307692307692 0.06129807692307692
2 0.9759615384615384 0.7788461538461539 0.046875 0.08774038461538461
2 0.9026442307692307 0.9110576923076923 0.06129807692307692 0.09014423076923077
3 0.75 0.5456730769230769 0.057692307692307696 0.07211538461538461