2 0.5829326923076923 0.9759615384615384 0.046875 0.04447115384615385
2 0.4651442307692308 0.9699519230769231 0.07211538461538461 0.05889423076923077
2 0.7475961538461539 0.9591346153846154 0.056490384615384616 0.08052884615384616
2 0.7139423076923077 0.8834134615384616 0.06370192307692307 0.078125
2 0.5841346153846154 0.9338942307692307 0.042067307692307696 0.040865384615384616
2 0.5889423076923077 0.8677884615384616 0.06370192307692307 0.11298076923076923
2 0.421875 0.8737980769230769 0.07211538461538461 0.1346153846153846
2 0.5685096153846154 0.7487980769230769 0.0673076923076923 0.10216346153846154
2 0.9314903846153846 0.38341346153846156 0.04927884615384615 0.06490384615384616
3 0.8689903846153846 0.3798076923076923 0.07932692307692307 0.12980769230769232
2 0.7764423076923077 0.41346153846153844 0.036057692307692304 0.055288461538461536
2 0.703125 0.4110576923076923 0.04567307692307692 0.0733173076923077
2 0.7367788461538461 0.5252403846153846 0.055288461538461536 0.07932692307692307
2 0.7908653846153846 0.5324519230769231 0.051682692307692304 0.0673076923076923
2 0.9110576923076923 0.6682692307692307 0.046875 0.07211538461538461
2 0.7211538461538461 0.6706730769230769 0.06490384615384616 0.10096153846153846
2 0.10216346153846154 0.3858173076923077 0.038461538461538464 0.06370192307692307
2 0.18629807692307693 0.4014423076923077 0.04447115384615385 0.05048076923076923
2 0.17548076923076922 0.33052884615384615 0.030048076923076924 0.06129807692307692
2 0.24639423076923078 0.47716346153846156 0.04567307692307692 0.06850961538461539
2 0.27163461538461536 0.42427884615384615 0.04326923076923077 0.06009615384615385
2 0.3137019230769231 0.42788461538461536 0.040865384615384616 0.0625
2 0.3737980769230769 0.40625 0.040865384615384616 0.05889423076923077
2 0.3798076923076923 0.3425480769230769 0.042067307692307696 0.06009615384615385
2 0.31850961538461536 0.49038461538461536 0.04447115384615385 0.054086538461538464
2 0.34375 0.44471153846153844 0.04326923076923077 0.046875
2 0.39663461538461536 0.49158653846153844 0.04447115384615385 0.06129807692307692
2 0.34134615384615385 0.5697115384615384 0.04927884615384615 0.0625
2 0.040865384615384616 0.5360576923076923 0.055288461538461536 0.06971153846153846
2 0.06490384615384616 0.6370192307692307 0.056490384615384616 0.06490384615384616
2 0.13581730769230768 0.5408653846153846 0.05048076923076923 0.05889423076923077
2 0.056490384615384616 0.42788461538461536 0.04447115384615385 0.078125
2 0.19951923076923078 0.5288461538461539 0.057692307692307696 0.0733173076923077
2 0.34975961538461536 0.7884615384615384 0.04927884615384615 0.10096153846153846
2 0.4831730769230769 0.3713942307692308 0.052884615384615384 0.05048076923076923
2 0.4963942307692308 0.4026442307692308 0.039663461538461536 0.042067307692307696
2 0.5420673076923077 0.39903846153846156 0.037259615384615384 0.04447115384615385
2 0.4855769230769231 0.44591346153846156 0.036057692307692304 0.051682692307692304
2 0.44591346153846156 0.5288461538461539 0.042067307692307696 0.06009615384615385
2 0.5228365384615384 0.5 0.04567307692307692 0.0733173076923077
2 0.5661057692307693 0.5096153846153846 0.04326923076923077 0.06850961538461539
2 0.6153846153846154 0.49399038461538464 0.04326923076923077 0.057692307692307696
2 0.47115384615384615 0.5600961538461539 0.06009615384615385 0.0829326923076923
2 0.5637019230769231 0.6213942307692307 0.05889423076923077 0.0889423076923077
2 0.5300480769230769 0.6634615384615384 0.05889423076923077 0.08533653846153846
2 0.4675480769230769 0.6838942307692307 0.056490384615384616 0.09735576923076923
2 0.8978365384615384 0.5733173076923077 0.040865384615384616 0.04807692307692308
2 0.4110576923076923 0.39903846153846156 0.04807692307692308 0.04326923076923077
2 0.39663461538461536 0.4375 0.042067307692307696 0.042067307692307696
2 0.75 0.21754807692307693 0.037259615384615384 0.0625
2 0.578125 0.1971153846153846 0.03125 0.04326923076923077
2 0.5024038461538461 0.171875 0.03485576923076923 0.04807692307692308
2 0.7884615384615384 0.13701923076923078 0.027644230769230768 0.042067307692307696
2 0.6298076923076923 0.16466346153846154 0.03125 0.036057692307692304
2 0.7620192307692307 0.06610576923076923 0.03245192307692308 0.04927884615384615
2 0.6682692307692307 0.17067307692307693 0.028846153846153848 0.042067307692307696
2 0.6995192307692307 0.171875 0.027644230769230768 0.040865384615384616
2 0.38341346153846156 0.17307692307692307 0.038461538461538464 0.04807692307692308
2 0.31490384615384615 0.2824519230769231 0.028846153846153848 0.04326923076923077