2 0.5612980769230769 0.6009615384615384 0.04807692307692308 0.07572115384615384
2 0.5228365384615384 0.9471153846153846 0.06610576923076923 0.1045673076923077
2 0.6009615384615384 0.9375 0.0625 0.1201923076923077
2 0.8966346153846154 0.9158653846153846 0.11177884615384616 0.12379807692307693
2 0.8353365384615384 0.8161057692307693 0.08413461538461539 0.13341346153846154
2 0.45913461538461536 0.5889423076923077 0.04326923076923077 0.0625
2 0.41586538461538464 0.6802884615384616 0.056490384615384616 0.09014423076923077
2 0.44350961538461536 0.6995192307692307 0.05889423076923077 0.07572115384615384
2 0.38822115384615385 0.8100961538461539 0.04326923076923077 0.08653846153846154
2 0.4699519230769231 0.7596153846153846 0.05048076923076923 0.10096153846153846
2 0.5168269230769231 0.6778846153846154 0.057692307692307696 0.09254807692307693
2 0.8822115384615384 0.5829326923076923 0.07451923076923077 0.11658653846153846
2 0.6862980769230769 0.4675480769230769 0.040865384615384616 0.0829326923076923
2 0.6947115384615384 0.5480769230769231 0.057692307692307696 0.09495192307692307
2 0.6502403846153846 0.46274038461538464 0.04326923076923077 0.07211538461538461
2 0.7596153846153846 0.39663461538461536 0.046875 0.06129807692307692