2 0.43028846153846156 0.6995192307692307 0.03485576923076923 0.057692307692307696
2 0.7295673076923077 0.9014423076923077 0.052884615384615384 0.0829326923076923
2 0.8533653846153846 0.5901442307692307 0.04447115384615385 0.046875
2 0.78125 0.5961538461538461 0.04326923076923077 0.05048076923076923
2 0.6706730769230769 0.5757211538461539 0.03485576923076923 0.05048076923076923
2 0.46033653846153844 0.5901442307692307 0.028846153846153848 0.04807692307692308
2 0.6887019230769231 0.9711538461538461 0.06610576923076923 0.056490384615384616
2 0.6706730769230769 0.9074519230769231 0.06490384615384616 0.10096153846153846
2 0.6586538461538461 0.7896634615384616 0.04807692307692308 0.07451923076923077
0 0.9254807692307693 0.9362980769230769 0.12379807692307693 0.125
3 0.6310096153846154 0.48677884615384615 0.04326923076923077 0.056490384615384616
3 0.46153846153846156 0.9266826923076923 0.10576923076923077 0.14182692307692307
2 0.6923076923076923 0.4951923076923077 0.03245192307692308 0.037259615384615384
2 0.5384615384615384 0.6730769230769231 0.04567307692307692 0.051682692307692304
2 0.5516826923076923 0.5865384615384616 0.04326923076923077 0.056490384615384616
2 0.9903846153846154 0.5276442307692307 0.014423076923076924 0.040865384615384616