2 0.4699519230769231 0.8557692307692307 0.06009615384615385 0.09254807692307693
2 0.16706730769230768 0.5168269230769231 0.057692307692307696 0.06490384615384616
2 0.3786057692307692 0.4879807692307692 0.05048076923076923 0.0733173076923077
2 0.41586538461538464 0.4206730769230769 0.038461538461538464 0.08052884615384616
2 0.4411057692307692 0.4699519230769231 0.038461538461538464 0.08052884615384616
2 0.7632211538461539 0.6778846153846154 0.14543269230769232 0.20793269230769232
2 0.8509615384615384 0.7163461538461539 0.07932692307692307 0.14182692307692307
2 0.8365384615384616 0.7872596153846154 0.0889423076923077 0.12860576923076922
2 0.8810096153846154 0.8485576923076923 0.09735576923076923 0.1466346153846154
2 0.2956730769230769 0.5444711538461539 0.04807692307692308 0.06009615384615385
2 0.4495192307692308 0.9519230769230769 0.09495192307692307 0.09495192307692307
2 0.2848557692307692 0.5120192307692307 0.04807692307692308 0.06129807692307692
2 0.37740384615384615 0.48197115384615385 0.056490384615384616 0.08173076923076923
2 0.4735576923076923 0.21153846153846154 0.040865384615384616 0.046875
2 0.43509615384615385 0.24278846153846154 0.03485576923076923 0.038461538461538464
2 0.44711538461538464 0.33533653846153844 0.037259615384615384 0.054086538461538464
2 0.4831730769230769 0.35216346153846156 0.04807692307692308 0.054086538461538464
2 0.3389423076923077 0.375 0.04447115384615385 0.0673076923076923
2 0.5480769230769231 0.35336538461538464 0.055288461538461536 0.08052884615384616
2 0.5264423076923077 0.24278846153846154 0.036057692307692304 0.06009615384615385