2 0.8137019230769231 0.9699519230769231 0.06971153846153846 0.05889423076923077
2 0.5168269230769231 0.9423076923076923 0.06971153846153846 0.1141826923076923
2 0.5108173076923077 0.7860576923076923 0.056490384615384616 0.09375
2 0.5 0.7163461538461539 0.04567307692307692 0.0889423076923077
2 0.41346153846153844 0.6117788461538461 0.039663461538461536 0.06129807692307692
2 0.41947115384615385 0.5685096153846154 0.037259615384615384 0.042067307692307696
2 0.44591346153846156 0.5348557692307693 0.040865384615384616 0.0625
2 0.4963942307692308 0.5913461538461539 0.04447115384615385 0.05048076923076923
2 0.5552884615384616 0.5528846153846154 0.04927884615384615 0.037259615384615384
2 0.5889423076923077 0.5745192307692307 0.04807692307692308 0.06490384615384616
2 0.6586538461538461 0.5805288461538461 0.057692307692307696 0.054086538461538464
3 0.5865384615384616 0.6634615384615384 0.08653846153846154 0.11899038461538461
3 0.5 0.47475961538461536 0.0829326923076923 0.09134615384615384
2 0.6778846153846154 0.4579326923076923 0.038461538461538464 0.06009615384615385
0 0.8545673076923077 0.6418269230769231 0.09134615384615384 0.12980769230769232
2 0.9387019230769231 0.7139423076923077 0.06850961538461539 0.07451923076923077
2 0.6658653846153846 0.5240384615384616 0.05048076923076923 0.07091346153846154
2 0.7103365384615384 0.5456730769230769 0.04927884615384615 0.0625
2 0.7908653846153846 0.25961538461538464 0.038461538461538464 0.042067307692307696
2 0.5588942307692307 0.2536057692307692 0.028846153846153848 0.04326923076923077
2 0.28725961538461536 0.2848557692307692 0.03245192307692308 0.038461538461538464
2 0.8485576923076923 0.36778846153846156 0.04326923076923077 0.04326923076923077
2 0.36658653846153844 0.31490384615384615 0.038461538461538464 0.04807692307692308