2 0.4519230769230769 0.19110576923076922 0.046875 0.06850961538461539
2 0.609375 0.8064903846153846 0.07932692307692307 0.15504807692307693
2 0.5504807692307693 0.6646634615384616 0.078125 0.1141826923076923
2 0.5036057692307693 0.6153846153846154 0.039663461538461536 0.06850961538461539
2 0.5324519230769231 0.7572115384615384 0.07451923076923077 0.11177884615384616
2 0.47475961538461536 0.8629807692307693 0.07932692307692307 0.14783653846153846
2 0.7151442307692307 0.9675480769230769 0.06490384615384616 0.06009615384615385
2 0.6971153846153846 0.8966346153846154 0.0829326923076923 0.14903846153846154
2 0.8798076923076923 0.8016826923076923 0.06370192307692307 0.13822115384615385
2 0.8100961538461539 0.7536057692307693 0.0673076923076923 0.11538461538461539
2 0.71875 0.6105769230769231 0.06850961538461539 0.08653846153846154
2 0.7127403846153846 0.5348557692307693 0.07211538461538461 0.09495192307692307
2 0.7055288461538461 0.35096153846153844 0.051682692307692304 0.08052884615384616
2 0.6574519230769231 0.3798076923076923 0.054086538461538464 0.08653846153846154
2 0.6418269230769231 0.24639423076923078 0.042067307692307696 0.06490384615384616
2 0.5865384615384616 0.3016826923076923 0.046875 0.08413461538461539
2 0.4026442307692308 0.13701923076923078 0.03485576923076923 0.046875
2 0.4411057692307692 0.109375 0.03245192307692308 0.05048076923076923
2 0.5360576923076923 0.09615384615384616 0.040865384615384616 0.0625
2 0.35697115384615385 0.2127403846153846 0.040865384615384616 0.056490384615384616
2 0.828125 0.03365384615384615 0.05048076923076923 0.055288461538461536
2 0.7415865384615384 0.12379807692307693 0.042067307692307696 0.056490384615384616
3 0.9603365384615384 0.39302884615384615 0.07451923076923077 0.18028846153846154
3 0.6911057692307693 0.15384615384615385 0.08052884615384616 0.10697115384615384
2 0.3713942307692308 0.703125 0.057692307692307696 0.10817307692307693
2 0.421875 0.7079326923076923 0.07932692307692307 0.11899038461538461
2 0.49759615384615385 0.35216346153846156 0.06009615384615385 0.057692307692307696
2 0.5336538461538461 0.4723557692307692 0.056490384615384616 0.06610576923076923
2 0.5 0.5348557692307693 0.06370192307692307 0.0829326923076923
2 0.41466346153846156 0.44711538461538464 0.05048076923076923 0.06610576923076923
2 0.44711538461538464 0.5793269230769231 0.0625 0.10336538461538461
2 0.3713942307692308 0.5552884615384616 0.04927884615384615 0.07211538461538461
2 0.36658653846153844 0.5048076923076923 0.04447115384615385 0.07692307692307693
2 0.33533653846153844 0.4831730769230769 0.06490384615384616 0.07451923076923077
2 0.390625 0.25841346153846156 0.04807692307692308 0.07451923076923077
2 0.7992788461538461 0.24158653846153846 0.04807692307692308 0.078125
2 0.11057692307692307 0.36899038461538464 0.056490384615384616 0.07091346153846154
2 0.26802884615384615 0.2512019230769231 0.046875 0.06850961538461539
2 0.05889423076923077 0.5853365384615384 0.04447115384615385 0.0829326923076923
2 0.1875 0.5673076923076923 0.06129807692307692 0.09975961538461539