0 0.7199519230769231 0.8425480769230769 0.03125 0.078125
0 0.19471153846153846 0.12379807692307693 0.040865384615384616 0.06129807692307692
0 0.42908653846153844 0.22115384615384615 0.03245192307692308 0.042067307692307696
3 0.4651442307692308 0.8040865384615384 0.056490384615384616 0.055288461538461536
3 0.8052884615384616 0.8942307692307693 0.10576923076923077 0.14543269230769232
0 0.5060096153846154 0.6790865384615384 0.07211538461538461 0.10817307692307693
0 0.49038461538461536 0.7872596153846154 0.040865384615384616 0.057692307692307696
1 0.45913461538461536 0.7584134615384616 0.039663461538461536 0.04567307692307692
1 0.37259615384615385 0.8894230769230769 0.039663461538461536 0.05048076923076923
3 0.09014423076923077 0.5048076923076923 0.04326923076923077 0.06850961538461539
0 0.8112980769230769 0.6706730769230769 0.04326923076923077 0.06850961538461539