2 0.5300480769230769 0.9603365384615384 0.055288461538461536 0.07692307692307693
2 0.6033653846153846 0.8149038461538461 0.051682692307692304 0.10576923076923077
2 0.7980769230769231 0.8497596153846154 0.06971153846153846 0.12259615384615384
2 0.8966346153846154 0.8088942307692307 0.07572115384615384 0.10817307692307693
2 0.9579326923076923 0.5709134615384616 0.06370192307692307 0.09735576923076923
2 0.6983173076923077 0.7235576923076923 0.057692307692307696 0.08653846153846154
2 0.7223557692307693 0.6550480769230769 0.046875 0.07451923076923077
2 0.6911057692307693 0.5925480769230769 0.05889423076923077 0.09375
3 0.5084134615384616 0.6286057692307693 0.052884615384615384 0.0985576923076923
2 0.27884615384615385 0.609375 0.03125 0.04326923076923077
2 0.8605769230769231 0.46033653846153844 0.04567307692307692 0.07211538461538461
2 0.7427884615384616 0.33774038461538464 0.037259615384615384 0.054086538461538464
2 0.9026442307692307 0.3473557692307692 0.038461538461538464 0.05048076923076923