1 0.14423076923076922 0.9723557692307693 0.0625 0.05048076923076923
3 0.5192307692307693 0.5841346153846154 0.03245192307692308 0.06490384615384616
3 0.6045673076923077 0.43149038461538464 0.03245192307692308 0.056490384615384616
2 0.6670673076923077 0.32211538461538464 0.021634615384615384 0.038461538461538464
2 0.6610576923076923 0.6826923076923077 0.02283653846153846 0.04447115384615385
2 0.5360576923076923 0.6382211538461539 0.028846153846153848 0.052884615384615384
0 0.609375 0.15384615384615385 0.019230769230769232 0.04567307692307692
0 0.20793269230769232 0.6983173076923077 0.03485576923076923 0.04927884615384615
3 0.3125 0.13701923076923078 0.03245192307692308 0.039663461538461536
2 0.24278846153846154 0.6778846153846154 0.027644230769230768 0.04807692307692308
0 0.0829326923076923 0.5408653846153846 0.027644230769230768 0.04447115384615385