2 0.7620192307692307 0.30649038461538464 0.046875 0.0625
2 0.5192307692307693 0.6778846153846154 0.039663461538461536 0.07451923076923077
2 0.5048076923076923 0.5504807692307693 0.038461538461538464 0.054086538461538464
2 0.7235576923076923 0.5829326923076923 0.039663461538461536 0.07211538461538461
2 0.5060096153846154 0.9362980769230769 0.06971153846153846 0.10336538461538461
1 0.9735576923076923 0.7548076923076923 0.04807692307692308 0.10096153846153846
2 0.9663461538461539 0.5769230769230769 0.038461538461538464 0.06370192307692307
3 0.051682692307692304 0.8209134615384616 0.08052884615384616 0.09254807692307693
2 0.36658653846153844 0.5576923076923077 0.05048076923076923 0.0625
2 0.3942307692307692 0.5120192307692307 0.030048076923076924 0.04326923076923077
2 0.44711538461538464 0.4411057692307692 0.028846153846153848 0.054086538461538464