2 0.6418269230769231 0.5588942307692307 0.054086538461538464 0.07692307692307693
2 0.6310096153846154 0.6502403846153846 0.06850961538461539 0.10576923076923077
2 0.515625 0.4423076923076923 0.04927884615384615 0.06610576923076923
2 0.8918269230769231 0.4963942307692308 0.057692307692307696 0.09254807692307693
2 0.7956730769230769 0.4182692307692308 0.04927884615384615 0.07572115384615384
2 0.6646634615384616 0.46153846153846156 0.04447115384615385 0.07091346153846154
2 0.5697115384615384 0.6935096153846154 0.0673076923076923 0.08052884615384616
2 0.43990384615384615 0.7680288461538461 0.055288461538461536 0.08533653846153846
2 0.5396634615384616 0.8185096153846154 0.07091346153846154 0.1141826923076923
2 0.9086538461538461 0.765625 0.07211538461538461 0.11658653846153846
2 0.8004807692307693 0.6033653846153846 0.07572115384615384 0.1201923076923077
2 0.7391826923076923 0.5600961538461539 0.052884615384615384 0.0889423076923077
2 0.6887019230769231 0.5384615384615384 0.055288461538461536 0.0889423076923077
2 0.5528846153846154 0.47596153846153844 0.054086538461538464 0.06490384615384616
2 0.5060096153846154 0.6069711538461539 0.05889423076923077 0.10096153846153846
2 0.8197115384615384 0.5264423076923077 0.05048076923076923 0.06610576923076923
2 0.71875 0.35216346153846156 0.04567307692307692 0.06009615384615385
2 0.71875 0.3016826923076923 0.03245192307692308 0.056490384615384616
2 0.5889423076923077 0.23798076923076922 0.04567307692307692 0.0673076923076923
2 0.4483173076923077 0.3641826923076923 0.04447115384615385 0.06370192307692307
2 0.22956730769230768 0.5204326923076923 0.046875 0.08413461538461539
2 0.05048076923076923 0.484375 0.042067307692307696 0.05889423076923077
2 0.051682692307692304 0.7319711538461539 0.05889423076923077 0.08413461538461539
2 0.09615384615384616 0.7632211538461539 0.054086538461538464 0.0829326923076923
2 0.47716346153846156 0.2608173076923077 0.042067307692307696 0.06009615384615385