0 0.5024038461538461 0.2403846153846154 0.036057692307692304 0.07692307692307693
3 0.8737980769230769 0.20673076923076922 0.05889423076923077 0.057692307692307696
3 0.9182692307692307 0.27403846153846156 0.056490384615384616 0.0673076923076923
3 0.9278846153846154 0.7319711538461539 0.052884615384615384 0.10216346153846154
3 0.8076923076923077 0.6862980769230769 0.042067307692307696 0.09254807692307693
3 0.765625 0.6646634615384616 0.0673076923076923 0.11658653846153846
2 0.7475961538461539 0.6923076923076923 0.046875 0.08173076923076923
3 0.78125 0.8004807692307693 0.10576923076923077 0.13942307692307693
3 0.9110576923076923 0.9326923076923077 0.078125 0.10216346153846154
3 0.8125 0.9314903846153846 0.08653846153846154 0.13221153846153846
3 0.6045673076923077 0.8725961538461539 0.08774038461538461 0.13701923076923078
3 0.5168269230769231 0.0985576923076923 0.04927884615384615 0.11538461538461539
3 0.609375 0.18389423076923078 0.0733173076923077 0.12740384615384615
3 0.7439903846153846 0.39302884615384615 0.037259615384615384 0.09254807692307693
3 0.6658653846153846 0.3245192307692308 0.046875 0.11778846153846154
3 0.6201923076923077 0.38100961538461536 0.04927884615384615 0.09375
3 0.5769230769230769 0.3605769230769231 0.04807692307692308 0.04807692307692308
3 0.6754807692307693 0.47596153846153844 0.038461538461538464 0.040865384615384616
3 0.6923076923076923 0.5360576923076923 0.06129807692307692 0.09735576923076923
3 0.6237980769230769 0.46153846153846156 0.052884615384615384 0.06370192307692307
3 0.6165865384615384 0.5276442307692307 0.06370192307692307 0.10336538461538461
3 0.5637019230769231 0.4567307692307692 0.046875 0.0625
3 0.5480769230769231 0.5036057692307693 0.078125 0.11778846153846154
3 0.46033653846153844 0.6658653846153846 0.08533653846153846 0.12139423076923077
3 0.47475961538461536 0.5072115384615384 0.06370192307692307 0.1045673076923077
3 0.48677884615384615 0.4206730769230769 0.08413461538461539 0.09615384615384616
3 0.5216346153846154 0.3425480769230769 0.04807692307692308 0.09495192307692307
3 0.46274038461538464 0.30408653846153844 0.056490384615384616 0.0673076923076923
3 0.3954326923076923 0.5168269230769231 0.07572115384615384 0.11538461538461539
3 0.36778846153846156 0.36538461538461536 0.08533653846153846 0.109375
3 0.3125 0.4699519230769231 0.07091346153846154 0.09254807692307693
3 0.4387019230769231 0.15504807692307693 0.019230769230769232 0.08653846153846154
3 0.23557692307692307 0.2956730769230769 0.06610576923076923 0.0829326923076923
3 0.21033653846153846 0.07091346153846154 0.07572115384615384 0.04326923076923077
3 0.14423076923076922 0.31009615384615385 0.07211538461538461 0.036057692307692304
3 0.2800480769230769 0.9266826923076923 0.11298076923076923 0.14543269230769232
3 0.2764423076923077 0.5036057692307693 0.056490384615384616 0.057692307692307696
3 0.19951923076923078 0.5168269230769231 0.06009615384615385 0.0673076923076923
3 0.25961538461538464 0.3605769230769231 0.06850961538461539 0.040865384615384616
3 0.10817307692307693 0.2536057692307692 0.07091346153846154 0.054086538461538464
3 0.30528846153846156 0.265625 0.055288461538461536 0.05889423076923077
3 0.08173076923076923 0.1201923076923077 0.09134615384615384 0.08653846153846154
2 0.8557692307692307 0.7908653846153846 0.055288461538461536 0.0673076923076923
3 0.22235576923076922 0.9675480769230769 0.11658653846153846 0.06370192307692307