2 0.014423076923076924 0.7487980769230769 0.026442307692307692 0.07091346153846154
1 0.24158653846153846 0.25240384615384615 0.04447115384615385 0.038461538461538464
2 0.8305288461538461 0.04807692307692308 0.03245192307692308 0.054086538461538464
2 0.20793269230769232 0.42788461538461536 0.056490384615384616 0.08533653846153846
2 0.17548076923076922 0.4182692307692308 0.014423076923076924 0.04447115384615385
1 0.5120192307692307 0.29086538461538464 0.10216346153846154 0.05889423076923077
1 0.23918269230769232 0.1935096153846154 0.052884615384615384 0.05048076923076923
2 0.515625 0.7223557692307693 0.07091346153846154 0.10096153846153846
2 0.5132211538461539 0.6634615384615384 0.06971153846153846 0.08533653846153846
2 0.4567307692307692 0.44350961538461536 0.038461538461538464 0.052884615384615384
2 0.2548076923076923 0.9567307692307693 0.06971153846153846 0.08413461538461539
2 0.3449519230769231 0.5817307692307693 0.03125 0.052884615384615384
2 0.2860576923076923 0.21875 0.014423076923076924 0.021634615384615384
2 0.7788461538461539 0.3233173076923077 0.04447115384615385 0.040865384615384616
2 0.1502403846153846 0.3449519230769231 0.021634615384615384 0.01201923076923077
2 0.13822115384615385 0.5528846153846154 0.046875 0.046875
2 0.27283653846153844 0.35336538461538464 0.03485576923076923 0.03245192307692308