2 0.4567307692307692 0.10096153846153846 0.038461538461538464 0.06490384615384616
2 0.45072115384615385 0.16466346153846154 0.04567307692307692 0.06129807692307692
2 0.28725961538461536 0.06971153846153846 0.04326923076923077 0.06129807692307692
2 0.25600961538461536 0.25 0.052884615384615384 0.09014423076923077
2 0.3942307692307692 0.018028846153846152 0.04326923076923077 0.03485576923076923
2 0.24759615384615385 0.1045673076923077 0.03365384615384615 0.06009615384615385
2 0.3161057692307692 0.14543269230769232 0.04927884615384615 0.07692307692307693
2 0.2091346153846154 0.21634615384615385 0.056490384615384616 0.06610576923076923
2 0.7295673076923077 0.8521634615384616 0.10336538461538461 0.171875
2 0.8822115384615384 0.7860576923076923 0.0625 0.08052884615384616
2 0.8161057692307693 0.9603365384615384 0.0733173076923077 0.078125
2 0.7584134615384616 0.9362980769230769 0.0829326923076923 0.11057692307692307
2 0.5444711538461539 0.12980769230769232 0.05048076923076923 0.07451923076923077
2 0.49158653846153844 0.21153846153846154 0.055288461538461536 0.0985576923076923
2 0.39663461538461536 0.30528846153846156 0.06610576923076923 0.08052884615384616
2 0.6586538461538461 0.28966346153846156 0.06610576923076923 0.07211538461538461
2 0.625 0.2091346153846154 0.06129807692307692 0.08413461538461539
2 0.5829326923076923 0.2692307692307692 0.06971153846153846 0.09254807692307693
2 0.3161057692307692 0.46875 0.05889423076923077 0.078125
2 0.2848557692307692 0.6237980769230769 0.057692307692307696 0.1045673076923077
2 0.265625 0.5649038461538461 0.052884615384615384 0.10336538461538461
2 0.2247596153846154 0.5480769230769231 0.07451923076923077 0.10096153846153846
2 0.6947115384615384 0.5096153846153846 0.08052884615384616 0.08774038461538461
2 0.6754807692307693 0.41947115384615385 0.08533653846153846 0.11899038461538461
2 0.46153846153846156 0.4387019230769231 0.06129807692307692 0.07572115384615384
2 0.43028846153846156 0.5216346153846154 0.0733173076923077 0.1045673076923077
2 0.38100961538461536 0.6033653846153846 0.08173076923076923 0.125
2 0.375 0.7788461538461539 0.09735576923076923 0.15985576923076922
2 0.5120192307692307 0.7716346153846154 0.08533653846153846 0.13942307692307693
2 0.515625 0.6466346153846154 0.08653846153846154 0.14903846153846154
2 0.4639423076923077 0.921875 0.09735576923076923 0.15504807692307693
2 0.6069711538461539 0.7776442307692307 0.08774038461538461 0.18629807692307693
2 0.9110576923076923 0.6334134615384616 0.09375 0.15264423076923078
2 0.8161057692307693 0.6105769230769231 0.08413461538461539 0.14903846153846154
2 0.7776442307692307 0.18028846153846154 0.056490384615384616 0.0733173076923077
3 0.9098557692307693 0.1466346153846154 0.12139423076923077 0.17427884615384615
2 0.8413461538461539 0.2668269230769231 0.056490384615384616 0.09375
2 0.7043269230769231 0.06490384615384616 0.055288461538461536 0.07932692307692307
2 0.0625 0.5024038461538461 0.04326923076923077 0.07692307692307693
2 0.018028846153846152 0.6141826923076923 0.03485576923076923 0.09975961538461539
2 0.04326923076923077 0.7548076923076923 0.08413461538461539 0.16947115384615385
2 0.09495192307692307 0.29927884615384615 0.04927884615384615 0.08653846153846154