2 0.6862980769230769 0.7103365384615384 0.046875 0.08052884615384616
2 0.7211538461538461 0.7824519230769231 0.052884615384615384 0.0829326923076923
2 0.3088942307692308 0.06129807692307692 0.078125 0.1141826923076923
2 0.36177884615384615 0.27163461538461536 0.054086538461538464 0.10697115384615384
2 0.5336538461538461 0.056490384615384616 0.0733173076923077 0.10817307692307693
2 0.5084134615384616 0.21033653846153846 0.057692307692307696 0.09375
2 0.6021634615384616 0.31009615384615385 0.05048076923076923 0.1045673076923077
2 0.71875 0.203125 0.052884615384615384 0.08413461538461539
2 0.8461538461538461 0.4375 0.056490384615384616 0.078125
2 0.8834134615384616 0.13701923076923078 0.04567307692307692 0.07692307692307693
2 0.9507211538461539 0.16826923076923078 0.057692307692307696 0.09254807692307693
2 0.9254807692307693 0.5456730769230769 0.051682692307692304 0.09495192307692307
2 0.7872596153846154 0.7355769230769231 0.051682692307692304 0.07692307692307693
2 0.8076923076923077 0.5228365384615384 0.04567307692307692 0.07932692307692307
2 0.9302884615384616 0.3942307692307692 0.05048076923076923 0.07692307692307693
2 0.7824519230769231 0.8100961538461539 0.042067307692307696 0.07091346153846154