2 0.7163461538461539 0.8870192307692307 0.04447115384615385 0.10216346153846154
2 0.20432692307692307 0.6646634615384616 0.030048076923076924 0.03125
2 0.3088942307692308 0.8461538461538461 0.052884615384615384 0.06490384615384616
2 0.5528846153846154 0.9771634615384616 0.018028846153846152 0.04447115384615385
2 0.5480769230769231 0.7319711538461539 0.04326923076923077 0.07091346153846154
2 0.7391826923076923 0.9290865384615384 0.0625 0.11298076923076923
2 0.3076923076923077 0.9879807692307693 0.046875 0.02283653846153846
1 0.49278846153846156 0.5108173076923077 0.09735576923076923 0.1141826923076923
1 0.1045673076923077 0.6802884615384616 0.10817307692307693 0.09975961538461539
2 0.16346153846153846 0.8028846153846154 0.04927884615384615 0.03365384615384615
1 0.6694711538461539 0.3269230769230769 0.037259615384615384 0.030048076923076924