0 0.9651442307692307 0.9519230769230769 0.06490384615384616 0.09134615384615384
3 0.8557692307692307 0.41586538461538464 0.07572115384615384 0.11778846153846154
0 0.7451923076923077 0.8269230769230769 0.078125 0.13701923076923078
0 0.6802884615384616 0.8954326923076923 0.07091346153846154 0.12980769230769232
0 0.5384615384615384 0.6286057692307693 0.037259615384615384 0.078125
0 0.6310096153846154 0.5 0.057692307692307696 0.10697115384615384
0 0.46875 0.37259615384615385 0.038461538461538464 0.06971153846153846
0 0.5084134615384616 0.28365384615384615 0.037259615384615384 0.07451923076923077
0 0.6201923076923077 0.27163461538461536 0.039663461538461536 0.06971153846153846
0 0.7007211538461539 0.140625 0.05889423076923077 0.09495192307692307
0 0.2848557692307692 0.3870192307692308 0.04927884615384615 0.078125