3 0.5240384615384616 0.6694711538461539 0.07451923076923077 0.08173076923076923
2 0.09375 0.8677884615384616 0.18509615384615385 0.26322115384615385
3 0.17548076923076922 0.45552884615384615 0.11298076923076923 0.10697115384615384
3 0.3641826923076923 0.5925480769230769 0.10216346153846154 0.08653846153846154
2 0.2800480769230769 0.6550480769230769 0.056490384615384616 0.040865384615384616
2 0.04567307692307692 0.44711538461538464 0.052884615384615384 0.07211538461538461
2 0.43509615384615385 0.6129807692307693 0.025240384615384616 0.021634615384615384
2 0.421875 0.5925480769230769 0.03485576923076923 0.02283653846153846
2 0.32211538461538464 0.75 0.054086538461538464 0.04807692307692308
2 0.30649038461538464 0.7055288461538461 0.037259615384615384 0.026442307692307692
2 0.4050480769230769 0.7199519230769231 0.04447115384615385 0.02403846153846154
2 0.47596153846153844 0.9230769230769231 0.08774038461538461 0.08413461538461539