0 0.3798076923076923 0.3245192307692308 0.046875 0.06850961538461539
0 0.8173076923076923 0.054086538461538464 0.06850961538461539 0.0985576923076923
0 0.7175480769230769 0.19591346153846154 0.04567307692307692 0.06610576923076923
0 0.5985576923076923 0.21995192307692307 0.04326923076923077 0.07572115384615384
0 0.5552884615384616 0.3125 0.040865384615384616 0.07451923076923077
0 0.6201923076923077 0.5745192307692307 0.04447115384615385 0.09254807692307693
0 0.7103365384615384 0.42427884615384615 0.06850961538461539 0.12379807692307693
0 0.7548076923076923 0.8509615384615384 0.08173076923076923 0.15865384615384615
0 0.8389423076923077 0.7896634615384616 0.10336538461538461 0.15625
0 0.9507211538461539 0.9507211538461539 0.09735576923076923 0.09735576923076923
3 0.9747596153846154 0.3293269230769231 0.04807692307692308 0.109375