2 0.4639423076923077 0.11538461538461539 0.040865384615384616 0.055288461538461536
2 0.45552884615384615 0.17427884615384615 0.040865384615384616 0.056490384615384616
2 0.328125 0.15264423076923078 0.042067307692307696 0.08052884615384616
2 0.2668269230769231 0.11658653846153846 0.03125 0.06370192307692307
2 0.27163461538461536 0.25 0.057692307692307696 0.0829326923076923
2 0.22596153846153846 0.2127403846153846 0.04927884615384615 0.06850961538461539
2 0.3245192307692308 0.45072115384615385 0.046875 0.078125
2 0.27884615384615385 0.5336538461538461 0.04567307692307692 0.10336538461538461
2 0.29447115384615385 0.5985576923076923 0.056490384615384616 0.09975961538461539
2 0.23798076923076922 0.5252403846153846 0.06971153846153846 0.09254807692307693
2 0.5456730769230769 0.13822115384615385 0.042067307692307696 0.056490384615384616
2 0.7668269230769231 0.18990384615384615 0.05048076923076923 0.07091346153846154
2 0.6213942307692307 0.21875 0.055288461538461536 0.07451923076923077
2 0.6514423076923077 0.29447115384615385 0.056490384615384616 0.08173076923076923
2 0.5793269230769231 0.27403846153846156 0.06370192307692307 0.08774038461538461
2 0.49278846153846156 0.22235576923076922 0.046875 0.0889423076923077
2 0.4014423076923077 0.30528846153846156 0.06850961538461539 0.07692307692307693
2 0.46153846153846156 0.42908653846153844 0.06129807692307692 0.06850961538461539
2 0.42908653846153844 0.5084134615384616 0.06850961538461539 0.09254807692307693
2 0.3798076923076923 0.5805288461538461 0.0733173076923077 0.11778846153846154
2 0.6622596153846154 0.41586538461538464 0.07692307692307693 0.10576923076923077
2 0.6790865384615384 0.5 0.078125 0.08653846153846154
2 0.37259615384615385 0.7475961538461539 0.09134615384615384 0.15144230769230768
2 0.44711538461538464 0.6033653846153846 0.05048076923076923 0.09254807692307693
2 0.5060096153846154 0.6237980769230769 0.08052884615384616 0.13581730769230768
2 0.5036057692307693 0.7391826923076923 0.078125 0.13581730769230768
2 0.5901442307692307 0.7548076923076923 0.08533653846153846 0.1814903846153846
2 0.4579326923076923 0.8942307692307693 0.09254807692307693 0.16346153846153846
2 0.7295673076923077 0.8918269230769231 0.06610576923076923 0.09495192307692307
2 0.7019230769230769 0.8125 0.09615384615384616 0.16706730769230768
2 0.7788461538461539 0.9411057692307693 0.06610576923076923 0.11538461538461539
2 0.9519230769230769 0.8473557692307693 0.07211538461538461 0.13221153846153846
2 0.8497596153846154 0.7608173076923077 0.056490384615384616 0.07932692307692307
2 0.8737980769230769 0.6237980769230769 0.078125 0.14423076923076922
2 0.7896634615384616 0.6057692307692307 0.07211538461538461 0.14903846153846154
2 0.9675480769230769 0.13581730769230768 0.06009615384615385 0.06971153846153846
3 0.8954326923076923 0.16346153846153846 0.11658653846153846 0.171875
3 0.5829326923076923 0.040865384615384616 0.09735576923076923 0.078125
2 0.7019230769230769 0.0829326923076923 0.04807692307692308 0.0829326923076923
2 0.8221153846153846 0.2824519230769231 0.07211538461538461 0.10697115384615384
2 0.11899038461538461 0.2932692307692308 0.052884615384615384 0.09014423076923077
2 0.039663461538461536 0.5865384615384616 0.04447115384615385 0.09615384615384616
2 0.06850961538461539 0.703125 0.0829326923076923 0.13701923076923078