2 0.5673076923076923 0.6995192307692307 0.0625 0.08653846153846154
2 0.7632211538461539 0.2824519230769231 0.0625 0.07091346153846154
2 0.734375 0.22716346153846154 0.05048076923076923 0.06490384615384616
2 0.7283653846153846 0.1658653846153846 0.04567307692307692 0.056490384615384616
2 0.8569711538461539 0.2800480769230769 0.08173076923076923 0.0889423076923077
2 0.9302884615384616 0.2536057692307692 0.06370192307692307 0.06610576923076923
2 0.953125 0.3581730769230769 0.08533653846153846 0.09975961538461539
2 0.8569711538461539 0.3485576923076923 0.07211538461538461 0.08533653846153846
2 0.9387019230769231 0.6478365384615384 0.051682692307692304 0.0673076923076923
2 0.8798076923076923 0.5709134615384616 0.08533653846153846 0.10336538461538461
2 0.8125 0.4795673076923077 0.09375 0.10336538461538461
2 0.5901442307692307 0.5408653846153846 0.06850961538461539 0.12139423076923077
2 0.6057692307692307 0.6382211538461539 0.06971153846153846 0.10576923076923077
2 0.5336538461538461 0.5276442307692307 0.12860576923076922 0.17427884615384615
2 0.8930288461538461 0.44591346153846156 0.08533653846153846 0.10216346153846154
1 0.7283653846153846 0.41466346153846156 0.11538461538461539 0.06971153846153846
2 0.21875 0.36538461538461536 0.04326923076923077 0.06610576923076923
2 0.5721153846153846 0.9158653846153846 0.09254807692307693 0.15384615384615385
2 0.5072115384615384 0.9350961538461539 0.08533653846153846 0.12740384615384615
2 0.6766826923076923 0.8737980769230769 0.14903846153846154 0.22355769230769232
2 0.17908653846153846 0.4362980769230769 0.05889423076923077 0.07211538461538461
2 0.057692307692307696 0.4639423076923077 0.04326923076923077 0.052884615384615384
2 0.0733173076923077 0.4855769230769231 0.051682692307692304 0.06490384615384616
2 0.08413461538461539 0.5096153846153846 0.051682692307692304 0.06610576923076923