0 0.7283653846153846 0.30408653846153844 0.025240384615384616 0.055288461538461536
0 0.16346153846153846 0.59375 0.026442307692307692 0.056490384615384616
0 0.8149038461538461 0.203125 0.027644230769230768 0.04326923076923077
1 0.31490384615384615 0.5564903846153846 0.05048076923076923 0.05048076923076923
0 0.23798076923076922 0.7247596153846154 0.055288461538461536 0.12259615384615384
0 0.3942307692307692 0.7199519230769231 0.025240384615384616 0.04927884615384615
0 0.43509615384615385 0.6622596153846154 0.06370192307692307 0.0985576923076923
0 0.23557692307692307 0.5144230769230769 0.052884615384615384 0.07692307692307693
0 0.265625 0.39663461538461536 0.057692307692307696 0.08413461538461539
0 0.3293269230769231 0.40024038461538464 0.021634615384615384 0.040865384615384616
0 0.44711538461538464 0.44591346153846156 0.026442307692307692 0.04567307692307692
0 0.43028846153846156 0.42788461538461536 0.02283653846153846 0.027644230769230768
0 0.7055288461538461 0.13341346153846154 0.03245192307692308 0.04567307692307692
0 0.9074519230769231 0.38461538461538464 0.04807692307692308 0.07091346153846154
0 0.8509615384615384 0.171875 0.02403846153846154 0.05048076923076923