3 0.5456730769230769 0.18028846153846154 0.06129807692307692 0.10697115384615384
2 0.3137019230769231 0.6478365384615384 0.07091346153846154 0.09375
2 0.27403846153846156 0.5973557692307693 0.07692307692307693 0.09254807692307693
2 0.9158653846153846 0.8485576923076923 0.12980769230769232 0.12860576923076922
2 0.5168269230769231 0.5324519230769231 0.0889423076923077 0.12139423076923077
1 0.7475961538461539 0.5697115384615384 0.13822115384615385 0.13942307692307693
3 0.056490384615384616 0.2776442307692308 0.03485576923076923 0.0625
3 0.5216346153846154 0.9375 0.1310096153846154 0.11538461538461539
3 0.40625 0.9435096153846154 0.11298076923076923 0.11177884615384616
3 0.08413461538461539 0.9086538461538461 0.1658653846153846 0.1814903846153846
3 0.2091346153846154 0.9411057692307693 0.027644230769230768 0.07091346153846154