3 0.36899038461538464 0.828125 0.0625 0.11298076923076923
3 0.46634615384615385 0.6045673076923077 0.051682692307692304 0.07932692307692307
3 0.4411057692307692 0.484375 0.04326923076923077 0.04807692307692308
3 0.28966346153846156 0.6165865384615384 0.030048076923076924 0.04927884615384615
3 0.6021634615384616 0.4723557692307692 0.040865384615384616 0.051682692307692304
1 0.5733173076923077 0.9459134615384616 0.055288461538461536 0.10697115384615384
0 0.6009615384615384 0.7788461538461539 0.04447115384615385 0.07451923076923077
2 0.6887019230769231 0.9278846153846154 0.046875 0.06850961538461539
2 0.6574519230769231 0.8209134615384616 0.040865384615384616 0.051682692307692304
2 0.42788461538461536 0.6370192307692307 0.02283653846153846 0.03485576923076923
2 0.8653846153846154 0.8461538461538461 0.036057692307692304 0.051682692307692304
2 0.8161057692307693 0.8209134615384616 0.046875 0.056490384615384616
2 0.9302884615384616 0.9038461538461539 0.042067307692307696 0.06370192307692307
3 0.9194711538461539 0.3401442307692308 0.055288461538461536 0.04326923076923077
3 0.75 0.3557692307692308 0.03245192307692308 0.046875
1 0.8353365384615384 0.49399038461538464 0.055288461538461536 0.04326923076923077
2 0.7451923076923077 0.6899038461538461 0.03245192307692308 0.04927884615384615
2 0.7680288461538461 0.6983173076923077 0.025240384615384616 0.030048076923076924
2 0.9795673076923077 0.609375 0.039663461538461536 0.039663461538461536
2 0.8365384615384616 0.6213942307692307 0.03365384615384615 0.038461538461538464
2 0.7379807692307693 0.5480769230769231 0.025240384615384616 0.03125
2 0.7331730769230769 0.5661057692307693 0.02403846153846154 0.02283653846153846