0 0.10817307692307693 0.8389423076923077 0.05889423076923077 0.07692307692307693
3 0.5793269230769231 0.5540865384615384 0.04807692307692308 0.06971153846153846
0 0.15504807692307693 0.35697115384615385 0.04567307692307692 0.078125
0 0.3737980769230769 0.41586538461538464 0.046875 0.08533653846153846
0 0.4375 0.5576923076923077 0.052884615384615384 0.08653846153846154
0 0.3545673076923077 0.6754807692307693 0.054086538461538464 0.0985576923076923
0 0.1935096153846154 0.8497596153846154 0.05048076923076923 0.09014423076923077
0 0.27163461538461536 0.9507211538461539 0.057692307692307696 0.09375
2 0.41346153846153844 0.10817307692307693 0.025240384615384616 0.042067307692307696
2 0.46634615384615385 0.056490384615384616 0.027644230769230768 0.046875
2 0.7680288461538461 0.6598557692307693 0.03125 0.04927884615384615
2 0.8209134615384616 0.5877403846153846 0.06490384615384616 0.09735576923076923
2 0.8497596153846154 0.49158653846153844 0.04927884615384615 0.056490384615384616
2 0.7644230769230769 0.4411057692307692 0.055288461538461536 0.09254807692307693
2 0.6526442307692307 0.5528846153846154 0.03365384615384615 0.04567307692307692