2 0.42908653846153844 0.6802884615384616 0.025240384615384616 0.038461538461538464
3 0.46875 0.6454326923076923 0.04927884615384615 0.078125
3 0.44350961538461536 0.5192307692307693 0.042067307692307696 0.05048076923076923
3 0.28846153846153844 0.6502403846153846 0.03365384615384615 0.054086538461538464
3 0.3786057692307692 0.8846153846153846 0.051682692307692304 0.1045673076923077
2 0.8161057692307693 0.875 0.046875 0.06490384615384616
1 0.5829326923076923 0.9783653846153846 0.03245192307692308 0.040865384615384616
2 0.5769230769230769 0.7139423076923077 0.030048076923076924 0.03245192307692308
1 0.8329326923076923 0.5300480769230769 0.05889423076923077 0.03485576923076923
2 0.8365384615384616 0.6670673076923077 0.027644230769230768 0.03125
2 0.9771634615384616 0.6526442307692307 0.037259615384615384 0.042067307692307696
2 0.9338942307692307 0.9675480769230769 0.040865384615384616 0.06009615384615385
2 0.8653846153846154 0.8978365384615384 0.037259615384615384 0.046875
2 0.6935096153846154 0.7752403846153846 0.03365384615384615 0.04447115384615385
2 0.7331730769230769 0.5997596153846154 0.025240384615384616 0.027644230769230768
2 0.7379807692307693 0.5805288461538461 0.025240384615384616 0.027644230769230768
2 0.7692307692307693 0.7439903846153846 0.02283653846153846 0.039663461538461536
2 0.7439903846153846 0.7355769230769231 0.03245192307692308 0.04807692307692308
2 0.6610576923076923 0.8713942307692307 0.037259615384615384 0.05048076923076923
0 0.6045673076923077 0.8317307692307693 0.042067307692307696 0.07572115384615384
3 0.7524038461538461 0.3762019230769231 0.03245192307692308 0.04447115384615385
3 0.9182692307692307 0.3701923076923077 0.04807692307692308 0.04567307692307692
3 0.6021634615384616 0.4951923076923077 0.03365384615384615 0.05048076923076923
2 0.6911057692307693 0.9771634615384616 0.04567307692307692 0.040865384615384616