2 0.6526442307692307 0.35096153846153844 0.0733173076923077 0.06129807692307692
2 0.4831730769230769 0.38341346153846156 0.039663461538461536 0.04447115384615385
2 0.8425480769230769 0.40625 0.055288461538461536 0.0673076923076923
2 0.5444711538461539 0.4951923076923077 0.05048076923076923 0.06610576923076923
2 0.75 0.7331730769230769 0.09014423076923077 0.12379807692307693
2 0.8221153846153846 0.9002403846153846 0.09375 0.140625
2 0.5649038461538461 0.8990384615384616 0.10096153846153846 0.14783653846153846
2 0.49278846153846156 0.5913461538461539 0.037259615384615384 0.052884615384615384
2 0.5600961538461539 0.59375 0.038461538461538464 0.03365384615384615
2 0.7139423076923077 0.4879807692307692 0.039663461538461536 0.05048076923076923
2 0.7175480769230769 0.39783653846153844 0.037259615384615384 0.05048076923076923
2 0.6706730769230769 0.4254807692307692 0.05889423076923077 0.05889423076923077
2 0.6430288461538461 0.5985576923076923 0.05889423076923077 0.06490384615384616
2 0.8834134615384616 0.1778846153846154 0.037259615384615384 0.054086538461538464
2 0.07091346153846154 0.45552884615384615 0.056490384615384616 0.052884615384615384
2 0.3641826923076923 0.4230769230769231 0.055288461538461536 0.05889423076923077