2 0.9615384615384616 0.3762019230769231 0.05889423076923077 0.07211538461538461
2 0.6550480769230769 0.39783653846153844 0.051682692307692304 0.0673076923076923
2 0.8233173076923077 0.7716346153846154 0.06971153846153846 0.11538461538461539
2 0.6442307692307693 0.8497596153846154 0.06370192307692307 0.06850961538461539
2 0.6189903846153846 0.6935096153846154 0.07451923076923077 0.11298076923076923
2 0.7932692307692307 0.6322115384615384 0.08052884615384616 0.09975961538461539
2 0.7776442307692307 0.3605769230769231 0.05048076923076923 0.06370192307692307
2 0.8064903846153846 0.43028846153846156 0.039663461538461536 0.040865384615384616
2 0.8329326923076923 0.3557692307692308 0.027644230769230768 0.042067307692307696
2 0.5997596153846154 0.4639423076923077 0.030048076923076924 0.039663461538461536
2 0.6550480769230769 0.4891826923076923 0.026442307692307692 0.028846153846153848
2 0.7163461538461539 0.5096153846153846 0.04567307692307692 0.04567307692307692
2 0.6189903846153846 0.2764423076923077 0.052884615384615384 0.051682692307692304
2 0.3004807692307692 0.27403846153846156 0.05048076923076923 0.04807692307692308
2 0.515625 0.2980769230769231 0.04447115384615385 0.04807692307692308