2 0.7247596153846154 0.10216346153846154 0.07572115384615384 0.0889423076923077
2 0.5480769230769231 0.06610576923076923 0.056490384615384616 0.08173076923076923
2 0.8040865384615384 0.7379807692307693 0.05889423076923077 0.09375
2 0.47596153846153844 0.6850961538461539 0.08533653846153846 0.14182692307692307
2 0.35096153846153844 0.6646634615384616 0.0625 0.1045673076923077
2 0.4675480769230769 0.3485576923076923 0.0673076923076923 0.0985576923076923
2 0.8605769230769231 0.6045673076923077 0.0625 0.056490384615384616
2 0.6382211538461539 0.109375 0.038461538461538464 0.057692307692307696
2 0.7055288461538461 0.15985576923076922 0.0625 0.08653846153846154
2 0.20552884615384615 0.11658653846153846 0.04447115384615385 0.06370192307692307
2 0.9795673076923077 0.8413461538461539 0.036057692307692304 0.18269230769230768