2 0.9086538461538461 0.12620192307692307 0.055288461538461536 0.05889423076923077
2 0.3894230769230769 0.3557692307692308 0.054086538461538464 0.057692307692307696
2 0.7632211538461539 0.3870192307692308 0.09134615384615384 0.09495192307692307
2 0.921875 0.3161057692307692 0.09014423076923077 0.08413461538461539
2 0.7524038461538461 0.2403846153846154 0.07211538461538461 0.052884615384615384
2 0.6286057692307693 0.4963942307692308 0.04807692307692308 0.051682692307692304
2 0.39903846153846156 0.38221153846153844 0.025240384615384616 0.039663461538461536
2 0.4206730769230769 0.3954326923076923 0.03485576923076923 0.037259615384615384
2 0.46274038461538464 0.5552884615384616 0.03245192307692308 0.04567307692307692
2 0.6129807692307693 0.421875 0.037259615384615384 0.05889423076923077
2 0.8064903846153846 0.2247596153846154 0.030048076923076924 0.037259615384615384
2 0.8425480769230769 0.2512019230769231 0.051682692307692304 0.05889423076923077
2 0.8978365384615384 0.24759615384615385 0.038461538461538464 0.03365384615384615
2 0.9603365384615384 0.15384615384615385 0.040865384615384616 0.04807692307692308
2 0.6346153846153846 0.3485576923076923 0.03245192307692308 0.02403846153846154
2 0.6971153846153846 0.32211538461538464 0.04567307692307692 0.037259615384615384