2 0.4230769230769231 0.3137019230769231 0.06610576923076923 0.08653846153846154
2 0.41947115384615385 0.40865384615384615 0.078125 0.08173076923076923
2 0.5733173076923077 0.2764423076923077 0.06370192307692307 0.07692307692307693
2 0.7115384615384616 0.21875 0.08052884615384616 0.0829326923076923
2 0.9326923076923077 0.7259615384615384 0.12980769230769232 0.22115384615384615
2 0.5841346153846154 0.33653846153846156 0.06610576923076923 0.08413461538461539
2 0.6165865384615384 0.42908653846153844 0.05048076923076923 0.042067307692307696
2 0.7415865384615384 0.4362980769230769 0.037259615384615384 0.037259615384615384
2 0.7992788461538461 0.4338942307692308 0.040865384615384616 0.038461538461538464
2 0.9435096153846154 0.40024038461538464 0.051682692307692304 0.07211538461538461
2 0.4014423076923077 0.21153846153846154 0.04447115384615385 0.038461538461538464
2 0.3942307692307692 0.25961538461538464 0.027644230769230768 0.042067307692307696
2 0.13581730769230768 0.59375 0.07451923076923077 0.07692307692307693
2 0.02403846153846154 0.7956730769230769 0.046875 0.12259615384615384