0 0.2620192307692308 0.3245192307692308 0.055288461538461536 0.054086538461538464
0 0.20552884615384615 0.5240384615384616 0.07091346153846154 0.06850961538461539
0 0.25721153846153844 0.37259615384615385 0.055288461538461536 0.057692307692307696
0 0.34134615384615385 0.2668269230769231 0.052884615384615384 0.06009615384615385
0 0.3737980769230769 0.8377403846153846 0.09375 0.140625
0 0.4807692307692308 0.9122596153846154 0.12139423076923077 0.16105769230769232
0 0.7776442307692307 0.7872596153846154 0.08653846153846154 0.1658653846153846
0 0.8617788461538461 0.6850961538461539 0.06850961538461539 0.10336538461538461
0 0.59375 0.2800480769230769 0.03365384615384615 0.052884615384615384
0 0.5973557692307693 0.3557692307692308 0.037259615384615384 0.038461538461538464
3 0.7067307692307693 0.8221153846153846 0.0673076923076923 0.140625