2 0.453125 0.9362980769230769 0.040865384615384616 0.08173076923076923
2 0.49759615384615385 0.9278846153846154 0.042067307692307696 0.08413461538461539
2 0.39663461538461536 0.734375 0.04567307692307692 0.06971153846153846
2 0.39903846153846156 0.6862980769230769 0.03245192307692308 0.039663461538461536
2 0.39903846153846156 0.6069711538461539 0.030048076923076924 0.04326923076923077
2 0.5168269230769231 0.5540865384615384 0.03245192307692308 0.052884615384615384
2 0.6009615384615384 0.5528846153846154 0.04326923076923077 0.04447115384615385
2 0.5745192307692307 0.421875 0.026442307692307692 0.03485576923076923
2 0.6959134615384616 0.5120192307692307 0.036057692307692304 0.03125
2 0.6995192307692307 0.5456730769230769 0.026442307692307692 0.03485576923076923
2 0.4699519230769231 0.9591346153846154 0.030048076923076924 0.054086538461538464
2 0.9278846153846154 0.4795673076923077 0.03365384615384615 0.04447115384615385