2 0.8365384615384616 0.5961538461538461 0.028846153846153848 0.03365384615384615
2 0.9314903846153846 0.8677884615384616 0.039663461538461536 0.057692307692307696
1 0.5745192307692307 0.9254807692307693 0.04807692307692308 0.13341346153846154
1 0.8341346153846154 0.4723557692307692 0.056490384615384616 0.04567307692307692
0 0.6021634615384616 0.7451923076923077 0.040865384615384616 0.06971153846153846
3 0.36658653846153844 0.7980769230769231 0.06610576923076923 0.11057692307692307
3 0.4675480769230769 0.5769230769230769 0.046875 0.07451923076923077
3 0.44350961538461536 0.46274038461538464 0.04326923076923077 0.051682692307692304
3 0.29086538461538464 0.5925480769230769 0.037259615384615384 0.042067307692307696
3 0.6033653846153846 0.44471153846153844 0.030048076923076924 0.05048076923076923
3 0.7512019230769231 0.33052884615384615 0.03125 0.042067307692307696
3 0.9242788461538461 0.3173076923076923 0.04326923076923077 0.051682692307692304
2 0.6887019230769231 0.890625 0.04326923076923077 0.06490384615384616
2 0.7439903846153846 0.6574519230769231 0.030048076923076924 0.055288461538461536
2 0.8762019230769231 0.9615384615384616 0.055288461538461536 0.07211538461538461
2 0.9807692307692307 0.5769230769230769 0.036057692307692304 0.038461538461538464
2 0.8149038461538461 0.7872596153846154 0.04567307692307692 0.04927884615384615
2 0.7668269230769231 0.6706730769230769 0.026442307692307692 0.036057692307692304
2 0.7331730769230769 0.5384615384615384 0.028846153846153848 0.027644230769230768
2 0.7391826923076923 0.5228365384615384 0.028846153846153848 0.02403846153846154
2 0.6586538461538461 0.7884615384615384 0.038461538461538464 0.052884615384615384
2 0.42908653846153844 0.6069711538461539 0.025240384615384616 0.038461538461538464
2 0.8605769230769231 0.8088942307692307 0.03245192307692308 0.04567307692307692
2 0.8028846153846154 0.6706730769230769 0.027644230769230768 0.03245192307692308
3 0.35336538461538464 0.6069711538461539 0.030048076923076924 0.042067307692307696