2 0.41225961538461536 0.45072115384615385 0.04447115384615385 0.06370192307692307
2 0.5168269230769231 0.41225961538461536 0.03485576923076923 0.046875
2 0.7415865384615384 0.4254807692307692 0.057692307692307696 0.07932692307692307
2 0.84375 0.4266826923076923 0.05889423076923077 0.07692307692307693
2 0.8653846153846154 0.3329326923076923 0.04927884615384615 0.06490384615384616
2 0.9507211538461539 0.12980769230769232 0.05048076923076923 0.06129807692307692
2 0.6165865384615384 0.14783653846153846 0.037259615384615384 0.04807692307692308
2 0.5673076923076923 0.265625 0.04567307692307692 0.05048076923076923
2 0.9182692307692307 0.8870192307692307 0.0829326923076923 0.13822115384615385
3 0.6634615384615384 0.8305288461538461 0.1141826923076923 0.21995192307692307
2 0.7752403846153846 0.30649038461538464 0.040865384615384616 0.04447115384615385
2 0.6165865384615384 0.07211538461538461 0.03245192307692308 0.046875
2 0.49399038461538464 0.24158653846153846 0.036057692307692304 0.07572115384615384
2 0.5204326923076923 0.19110576923076922 0.04326923076923077 0.06009615384615385
2 0.5204326923076923 0.4807692307692308 0.042067307692307696 0.052884615384615384
2 0.3870192307692308 0.5456730769230769 0.03125 0.030048076923076924
2 0.8161057692307693 0.32091346153846156 0.04447115384615385 0.055288461538461536
2 0.7403846153846154 0.2668269230769231 0.03485576923076923 0.06370192307692307