2 0.6117788461538461 0.3112980769230769 0.04326923076923077 0.04447115384615385
2 0.6057692307692307 0.9759615384615384 0.0673076923076923 0.04326923076923077
2 0.5216346153846154 0.8016826923076923 0.10697115384615384 0.14783653846153846
2 0.7764423076923077 0.7692307692307693 0.0829326923076923 0.12980769230769232
2 0.6971153846153846 0.6310096153846154 0.07572115384615384 0.11177884615384616
2 0.7776442307692307 0.3317307692307692 0.046875 0.06009615384615385
2 0.4963942307692308 0.4495192307692308 0.05889423076923077 0.06370192307692307
2 0.4483173076923077 0.5372596153846154 0.03485576923076923 0.04567307692307692
2 0.5108173076923077 0.5372596153846154 0.028846153846153848 0.036057692307692304
2 0.5889423076923077 0.5396634615384616 0.055288461538461536 0.05048076923076923
2 0.6646634615384616 0.3473557692307692 0.037259615384615384 0.037259615384615384
2 0.6141826923076923 0.3701923076923077 0.06009615384615385 0.04447115384615385
2 0.6574519230769231 0.41947115384615385 0.03125 0.03485576923076923
2 0.3112980769230769 0.40384615384615385 0.054086538461538464 0.0625
2 0.8125 0.14783653846153846 0.030048076923076924 0.040865384615384616