2 0.4579326923076923 0.3173076923076923 0.05889423076923077 0.078125
2 0.49399038461538464 0.5685096153846154 0.08173076923076923 0.13341346153846154
2 0.36899038461538464 0.5817307692307693 0.056490384615384616 0.09014423076923077
2 0.7944711538461539 0.5192307692307693 0.055288461538461536 0.07091346153846154
2 0.9675480769230769 0.5480769230769231 0.06370192307692307 0.1466346153846154
2 0.6550480769230769 0.42908653846153844 0.07211538461538461 0.06850961538461539
2 0.828125 0.4182692307692308 0.04807692307692308 0.052884615384615384
2 0.5348557692307693 0.9002403846153846 0.040865384615384616 0.06610576923076923
2 0.8978365384615384 0.328125 0.037259615384615384 0.04447115384615385
2 0.9783653846153846 0.375 0.038461538461538464 0.04326923076923077
2 0.19831730769230768 0.20072115384615385 0.042067307692307696 0.057692307692307696
2 0.6670673076923077 0.0985576923076923 0.055288461538461536 0.054086538461538464
2 0.5108173076923077 0.10576923076923077 0.04927884615384615 0.06971153846153846