2 0.609375 0.5036057692307693 0.052884615384615384 0.05889423076923077
2 0.38221153846153844 0.22956730769230768 0.05889423076923077 0.056490384615384616
2 0.7512019230769231 0.43509615384615385 0.09254807692307693 0.10336538461538461
2 0.7608173076923077 0.24759615384615385 0.06490384615384616 0.055288461538461536
2 0.9098557692307693 0.4182692307692308 0.07932692307692307 0.10336538461538461
2 0.8978365384615384 0.3173076923076923 0.04326923076923077 0.039663461538461536
2 0.41466346153846156 0.296875 0.042067307692307696 0.036057692307692304
2 0.3918269230769231 0.265625 0.03245192307692308 0.04567307692307692
2 0.9375 0.6766826923076923 0.12259615384615384 0.15625
2 0.4375 0.5024038461538461 0.046875 0.07091346153846154
2 0.8185096153846154 0.2439903846153846 0.036057692307692304 0.038461538461538464
2 0.9290865384615384 0.17307692307692307 0.07572115384615384 0.06370192307692307
2 0.6021634615384616 0.4050480769230769 0.037259615384615384 0.054086538461538464
2 0.8473557692307693 0.30288461538461536 0.039663461538461536 0.052884615384615384
2 0.6274038461538461 0.32211538461538464 0.03245192307692308 0.030048076923076924
2 0.6971153846153846 0.3233173076923077 0.05048076923076923 0.03485576923076923
2 0.19831730769230768 0.5180288461538461 0.07932692307692307 0.09735576923076923