1 0.47475961538461536 0.6262019230769231 0.0625 0.22596153846153846
3 0.14543269230769232 0.6346153846153846 0.06129807692307692 0.056490384615384616
3 0.28365384615384615 0.578125 0.04326923076923077 0.06850961538461539
3 0.11298076923076923 0.9242788461538461 0.04447115384615385 0.0829326923076923
3 0.2800480769230769 0.6947115384615384 0.046875 0.056490384615384616
3 0.35096153846153844 0.5721153846153846 0.051682692307692304 0.07211538461538461
3 0.3858173076923077 0.6526442307692307 0.06129807692307692 0.15384615384615385
3 0.3401442307692308 0.7175480769230769 0.0625 0.10216346153846154
3 0.27403846153846156 0.7740384615384616 0.07932692307692307 0.1045673076923077
3 0.3076923076923077 0.9627403846153846 0.03245192307692308 0.06490384615384616
3 0.3293269230769231 0.8533653846153846 0.040865384615384616 0.12139423076923077
3 0.26802884615384615 0.8942307692307693 0.078125 0.12259615384615384
3 0.09495192307692307 0.4182692307692308 0.06370192307692307 0.06129807692307692
3 0.39302884615384615 0.47836538461538464 0.037259615384615384 0.05048076923076923
3 0.42788461538461536 0.3894230769230769 0.054086538461538464 0.11298076923076923
3 0.47836538461538464 0.4579326923076923 0.08653846153846154 0.1466346153846154
3 0.6153846153846154 0.4387019230769231 0.09975961538461539 0.13701923076923078
3 0.5516826923076923 0.3918269230769231 0.07692307692307693 0.10697115384615384
3 0.6442307692307693 0.33413461538461536 0.0733173076923077 0.10216346153846154
3 0.8521634615384616 0.265625 0.11538461538461539 0.0889423076923077
3 0.7572115384615384 0.21153846153846154 0.10576923076923077 0.07091346153846154
3 0.7680288461538461 0.07932692307692307 0.06490384615384616 0.06009615384615385
3 0.8293269230769231 0.051682692307692304 0.0733173076923077 0.056490384615384616
3 0.11538461538461539 0.328125 0.06610576923076923 0.04567307692307692
2 0.640625 0.18028846153846154 0.028846153846153848 0.040865384615384616
2 0.5913461538461539 0.20673076923076922 0.037259615384615384 0.03365384615384615
2 0.1778846153846154 0.5685096153846154 0.04807692307692308 0.06370192307692307